0.0598204853671124,0.0795548797379111,-0.0793540467152904,-0.0707189065855239,-0.0777178630693525,-0.0688942857108994,0.0415603890694361,0.0408634381706209,-0.0939873114848195,0.00496476172406305,0.0387383103944871,0.0115610892556986,0.0337442838360266,0.0327984983493087,0.0272295386805421,-0.0890527386824618,-0.0912958486632541,-0.0787535384152713,-0.0970754797495544,-0.00801046107463888,-0.0859017829029474,-0.0779426947557556,-0.0863083884814736,-0.0888325539929139,-0.0900112985808708,-0.0812377054527631,-0.0933827694070063,-0.0616819603956014,-0.0791932308938542,-0.079416133584144,-0.0805079816686125,-0.0772698900766755,-0.0717846489699584,0.00117697235630125,-0.000521822674505076,0.00197822268082261,0.00204060319615499,0.00121429662992573,0.00112130945724977,0.00109949552088922,-0.00141991538473196,-0.00101813834921375,-0.000595477233543521,0.000272247816027996,0.00191877446084845,-0.0014670571957803,0.000554101544806707,-0.00309996775674751,-0.00153171235211493,-0.00260176906108528,-0.00198982308266064,-0.000648043989561799,-0.00114272646131268,-0.00185968611959281,0.000819536198512673,-0.00333399107931344,0.00105871676938318,-0.00184000579723677,0.00242716612689654,0.00140971785899786,-0.00209841370710814,-0.000215273791543747,-0.00121558390952251,0.00179987552303293,0.00101448916291778,0.000654997865434939,-0.00121128549399553,-0.00326534343587754,0.00120237112917536,-0.00239003949196588,-0.00100865621713539,-0.000879565195035051,0.00031624755636377,8.47778938038933e-05,-0.000193008319376864,-0.000969332738322955,0.000278837964187734,-0.000143322143661082,0.000508929627035472,-0.000200406059988431,0.00315400385372055,-0.0013175672732128,0.000521214386255625,0.000239652950426899,0.00266774974720088,-0.00112721622672058,-0.00226876367277583,-0.00211620758231252,-0.00176733658225958,0.000165625521890536,0.00200911864148853,-0.00175602143331518,-0.000342551553988726,0.000674865614881576,-0.00326324020986338,-0.00216223942705221,-0.00123518902600133,-0.00227877349863237,-0.00152182763993508,-0.000425792524117501
0.0795548797379111,0.113755478622614,-0.107716887274651,-0.0970114396649267,-0.108002790006579,-0.0962642710455724,0.0573287661036421,0.0544772021947461,-0.127752080621996,0.00774633324776591,0.0487353741427721,0.014105737070043,0.0424219732022913,0.0449008542271099,0.0369022394303185,-0.121457525700847,-0.12336104624178,-0.10730373836979,-0.130103010453852,-0.0123747999297,-0.114301617469663,-0.104837581379184,-0.115630788754949,-0.122386033265277,-0.12466259704543,-0.110912177439349,-0.125700460909821,-0.0855188388572431,-0.106428581773265,-0.109912757855865,-0.111035481781215,-0.106837982417533,-0.0950307272238154,-0.00139477548897991,0.00130184837118146,0.00226697513802628,0.00295530665768544,0.0016551332871465,0.00152868956012296,0.000491736275649185,0.00137759183188334,0.00521535540550495,0.00261809144758625,-0.00242197678730971,0.00151455776765114,-0.000111584415244732,0.0058755598205438,-0.00168813546002977,-0.001703650832807,0.000442572244424653,-0.00189101608641454,-0.000160874956977222,0.000298240367289002,0.00151726866165141,-0.000381306829752513,-0.00158675960059201,-0.000602883555649974,-0.00230627848799302,0.00201086220548534,-0.000505719032448075,-0.00284030858570671,-0.00145571024368151,0.00277623736578135,-0.0010394677284547,-0.00369142455889992,-0.000486047230804037,-0.00106738134403807,-0.00791903025422173,0.00216102865325931,-0.0042838006697143,-0.000848543174249322,0.000672053574957536,0.00229009253787597,0.00185046824194649,-0.000311957525350016,-0.0064169657905801,-0.0033770467142947,-0.000220118517369168,0.000503856464317071,-0.000170036707679658,0.00238820148483197,-0.000158825046028372,0.000714157652592989,-0.00106198647384528,0.00125284906004274,-0.0048227599677637,-0.0026829501252726,-0.00903962102447138,-7.07558047734476e-06,0.00165503202875685,0.00205131533958369,0.00178869682663385,-0.000488583235172195,0.00295106908895403,-0.00202919497274955,-0.00319512259564822,-0.000252560642619847,-0.00243952875206361,-0.00294743570790423,0.00219380773101051
-0.0793540467152904,-0.107716887274651,0.108890014151662,0.0962441437488955,0.10619812313084,0.0943550449671082,-0.0547346261289128,-0.0540967889057596,0.126772803249486,-0.00525032483943755,-0.0516103983124559,-0.0136731582271513,-0.0448128278716897,-0.0437191261187609,-0.0357689054428326,0.120033962321794,0.122233788777743,0.10653033120509,0.129404721250575,0.011687121719886,0.114617242516011,0.105169205089001,0.114868274110626,0.118907286300342,0.119959056514172,0.107311950897987,0.124947993592728,0.0830701076675114,0.10567112535826,0.106752964252142,0.107690328584265,0.102939030625974,0.094453926201245,-0.000441846585512544,0.00149196475505508,-0.00389378986284603,-0.00179519160208744,-0.000726342813989084,-8.4258320751468e-05,-0.00138836473680375,0.000114212329713812,0.000106254885817566,0.00133341621092542,-0.00112952621693427,-0.00122575247527731,-0.000689418799406758,0.000279697217165127,0.00285505517733286,0.000533772839091895,0.00406388147201243,-0.000598076785451095,-0.000761697791687565,-0.00363475302750419,0.00119102147772834,-0.00172590469328711,0.00527410965606093,-0.00260402771636777,0.000489738735274741,-0.00236133534527494,-0.00106332610313305,0.00355165104395125,-0.000576932113918903,0.000949657099210007,-0.000775708654333163,0.00117307365605585,-0.00178491476161107,0.00252475915451393,0.00531898814879056,-0.00182458858358874,0.00210821629272337,0.00228975373804419,0.00274986773832226,-0.00144822107760645,-0.000517946169516559,0.00237253557360329,0.00101143572953743,0.00208425712206362,0.000754441188822191,0.00226209945803199,-0.000101618397299111,0.00060541631925342,0.000211825898312267,0.00218679732914485,-0.00133893556130045,4.54382909257246e-06,0.0011762412235891,0.00178897315635957,0.00580542366668043,-0.0033487879536479,-0.00434783306576994,-0.00361478123572575,-0.00294556586282539,6.85365516176772e-05,-0.00301599899474973,0.00130754375894319,0.002072784077878,0.000569429969707813,0.00171062027016718,-0.000512948374699378,-0.00182519291715149
-0.0707189065855239,-0.0970114396649267,0.0962441437488955,0.0868713076413448,0.0950343132699634,0.0833280192043287,-0.0476859865444613,-0.0475132750183412,0.111573666083208,-0.00573537283777411,-0.0447323703062633,-0.0140349612950806,-0.0407400833827365,-0.040231245143186,-0.0315508390525887,0.107068993141692,0.109238944569272,0.0944190465649185,0.115233970906902,0.0104775378150075,0.100967752286447,0.0934179454990114,0.102633983345864,0.106279591231409,0.108662031859208,0.0964883579797496,0.111323761075248,0.0733335238742537,0.0950793314692168,0.0967369193155801,0.09603107494582,0.0936670622941313,0.0851441828723409,-0.000386502417788302,0.00134678741047978,-0.00329823531999594,-0.00260127373872033,-7.46851416815262e-05,0.000355171761105959,-0.00104459158590455,-0.00115498088831655,-0.00101253170780471,0.000233774617498516,-0.00197258266113474,-0.00313151525743675,-0.000647881611574568,-0.00430550042784157,0.00175595652622654,0.00191021332635203,0.00326669546019652,0.00125878843774752,0.000586565780810014,-0.0028507854746586,0.00176168586981375,-0.000663850820180558,0.00486594397169293,-0.00193308695847823,-0.000544842976789695,-0.0011478178751405,-0.000636414307561008,0.00420223034426849,0.000896366914467276,0.00149059024625038,0.000274135955499283,0.00153077775615,-0.000424208482079347,0.00182616287023377,0.00544346307979898,-0.000920104808844194,0.00176566614313448,0.00152203486177391,0.00123349304732746,-0.00196269197025784,-0.00268389249869678,0.00236105749990493,0.00320376504112858,0.0012409125090096,0.00140554518643184,0.00185164297514078,-0.000887179099753441,-0.00135534014385322,0.00168357621808463,0.00127594730278933,0.00116104565735461,-0.000995626360618666,0.00199036686829941,0.00190491830889942,0.00690709217184074,-0.00137783651759916,-0.00302331266376484,-0.0042124870328727,-0.00116203254658773,0.000929942826048041,-0.00215615176377843,0.00178097019938218,0.00243505478509014,0.000798300762491448,0.0025975103033653,0.00107138400952642,-0.00184866594521476
-0.0777178630693525,-0.108002790006579,0.10619812313084,0.0950343132699634,0.105016242833648,0.0929586463116747,-0.0541524231255765,-0.0529490125255338,0.124092350948566,-0.00633129816937321,-0.0491901036075439,-0.0140724493758655,-0.0434912387137436,-0.0437707103058657,-0.0353119826138834,0.118345735007876,0.120386412929874,0.104710780218131,0.127054288808249,0.0118981548151994,0.111823257815001,0.103031678066522,0.112806509981928,0.117932609976863,0.119775052322751,0.106584591077939,0.122744565132639,0.0819750383221338,0.104225248460167,0.106430796483248,0.106742553423222,0.102879871976289,0.0931417413560163,4.53594454194412e-05,0.00105553337144268,-0.00370114299033362,-0.00190874182220856,-0.0012711442809213,-0.000827312755427153,-0.00133065363607519,-0.000175388330263339,-0.00129394210801114,-0.000512278911130485,0.000291668418646882,-0.00221135192612287,0.000134409291432395,-0.00352440965423098,0.00189570420997787,0.00210882621995014,0.00216818808066568,0.00131501997260904,0.000683850201432081,-0.00272976457970316,0.000551226970724021,-0.000122173487056862,0.00424064037390072,-0.000780353141396891,0.00093168042827206,-0.00118092509343699,0.00038518148901406,0.00442535725948361,0.00106091159024578,0.000352256196489995,0.00111424399789832,0.0030413651902132,-6.29795929022747e-05,0.00143848902570795,0.00583191990402763,-0.0019355321786463,0.00226901791472661,0.00125138124827972,0.00156915619294973,-0.00178362949983984,-0.00154147693671423,0.00188704249154998,0.00395684143229455,0.00266979300402579,0.000347416268183761,0.00119556353817459,-0.000647600695454796,-0.000396966968648092,9.21417264225863e-05,0.00130548870410929,-0.000227849709665836,-0.00050844345063552,0.00268777354223237,0.00160230291215735,0.00744601775409623,-0.00254115091533395,-0.00384257406003132,-0.00352256743660446,-0.00292162033287831,5.53464955418361e-05,-0.00315701068367368,0.00103306815576745,0.00216572745021717,0.000161719336599145,0.00176778923897366,0.000695108099260761,-0.00244870382105626
-0.0688942857108994,-0.0962642710455724,0.0943550449671082,0.0833280192043287,0.0929586463116747,0.0835583795743911,-0.0501831471154356,-0.0478911347889163,0.111713883842695,-0.00566702748622961,-0.0443385380305705,-0.0112915519745435,-0.037310434352531,-0.0378923643561984,-0.0322393741155945,0.105371330154271,0.106949741496018,0.093565972636566,0.113005282115072,0.0101867736537931,0.100450320704664,0.0918111809447792,0.100659100193307,0.105536236099811,0.10633768269248,0.0949721970863591,0.109376017270827,0.0742617210731772,0.0918941890306047,0.0935888199849825,0.0956892815649728,0.09071588631731,0.0820371583945164,0.000432202838938519,-0.000458746315385795,-0.00251990435131984,-0.00153118155972314,-0.00134448401961934,-0.000596894754830979,-0.000821766937051873,-0.000278933801980747,-0.00273050971233176,-0.000751871614879907,0.00126942156996961,0.000234911254887531,-0.000302438400312374,-0.000361367892683678,0.00142519752337785,6.27880957533787e-05,0.00095269651712091,-0.000340981509183055,-0.0010565948595548,-0.00166103203649234,-0.0012626600251744,-0.000920455278859903,0.00214839635480441,-0.000473642307335027,0.0012669556287556,-0.00142785368660435,-3.19569932883491e-05,0.00237551647489741,-1.0963334439252e-05,-0.00153480910610605,-0.000328759477746199,0.00220278697917966,-0.00110277409926389,0.00226510667816255,0.00583146836331442,-0.00177872093178818,0.00322301006258199,0.00241735588727531,0.00127134204409501,-0.00136971836907904,0.000252364622735772,0.0007894470653945,0.00156862251244662,0.00241243829400478,0.000552322558639115,0.00118632980427447,0.000883634213933612,0.000314816698927458,-0.000708480008816984,0.000506090185121776,-0.000762461389179316,0.000285013748955,0.0022617496799659,0.00208349438695897,0.0062848502643698,-0.0016334304099059,-0.00268064469901768,-0.00148737706833169,-0.00254097595912448,0.000235626620042649,-0.00267603499871011,0.00130798989479335,0.00232027195937582,0.000269652952711148,0.00131818039872688,0.000818408947958099,-0.00142417265247377
0.0415603890694361,0.0573287661036421,-0.0547346261289128,-0.0476859865444613,-0.0541524231255765,-0.0501831471154356,0.0368239226625833,0.0329502347573087,-0.0691412249628077,0.00710587089174775,0.0304222268567165,0.00910348026025603,0.0244643367575176,0.0231799382270863,0.0240060254432044,-0.0672262410821078,-0.0684733764030939,-0.0594146467197349,-0.0715078847171797,-0.00466399748961966,-0.0654745998179519,-0.0589680821905109,-0.065119041373794,-0.0691212657080531,-0.068854471262436,-0.0612200294045942,-0.0700832073595148,-0.0475579059225693,-0.0580661688654836,-0.0573934581889105,-0.06165576147139,-0.0571502847039006,-0.0538658687300788,0.00101625417767316,0.00171726939381061,-0.000244774482942186,-0.000312797893086686,0.00222489860522167,0.000306437144916025,0.00068409818357949,-0.00197428116555025,0.00182659706487561,0.00232317183240776,-0.00276118493546687,-0.0021294324126576,-0.0024354022134111,-0.00183162448131957,0.00238133046613364,-0.000466630570577455,0.00373834948377607,-0.00160938415214891,-0.000162823507672549,-0.00370504146425258,0.00273377497367798,0.000178909510684733,0.00289590917387587,-0.00340260788662619,-0.000515294637736,-0.00307177557521544,-0.00149197579371088,-0.00174254549790618,-0.00127334869045921,0.00119377203900752,0.000927739878355076,-0.000465903747978594,-1.97768241588046e-05,-0.00104038952950331,0.000116490278110504,0.0007609872451388,-0.00179682670630513,-0.0030157619252199,-0.00164405485735983,-0.00171265348104461,-0.00421975929099683,0.00221372481921091,0.00335676682503419,0.00207025732411833,0.000669135484458365,0.000807139480249235,-0.00157308929268371,0.00020657532797105,0.00293450795047263,0.00285939163158379,0.000928229324435539,0.000602570274521058,-0.00077282690286135,-0.000939152903265715,-0.00140742521983774,-0.00321753847673303,-0.00075964385879582,-0.00236555062553767,-0.000978309783135431,0.000334756044525397,0.000144572115694249,-0.00120765252285855,-0.000805498728712677,0.000396921985100696,0.000688479121049879,-0.00215503572283432,-0.00137033766688602
0.0408634381706209,0.0544772021947461,-0.0540967889057596,-0.0475132750183412,-0.0529490125255338,-0.0478911347889163,0.0329502347573087,0.0312758667476683,-0.0656805169375201,0.00599363386224815,0.0299558155099149,0.00947884708487387,0.026077000458541,0.0235203466247315,0.0227738257789485,-0.0655988980822823,-0.0670704854337246,-0.0576030523791716,-0.0699219537098331,-0.00566979920924997,-0.0631563380596152,-0.0576017158905584,-0.0623571771449309,-0.0661558057496793,-0.0659411741840349,-0.0584578088387227,-0.0679441734058371,-0.0442474412471279,-0.0573602815405099,-0.0566646529246892,-0.0588010374479759,-0.0553422277474807,-0.0532078231024386,0.000526586649132128,-0.00025003026274477,0.000246457895549851,-0.000202638943377287,0.00121142929902857,0.000241682859631545,0.000532966797390196,-0.00166479268021475,-0.000653104149495392,-8.97226128669762e-05,-0.000773577254349298,-0.000932630379737195,-0.00128917476605216,-0.00130538381829097,8.9382795809413e-05,-0.000631473161940156,0.00160199269390187,-0.000696571418339865,-0.000105472964440578,-0.00208369484613505,0.000684099407629031,0.000882655077617299,0.000921905253351641,-0.000930072406108134,-0.000124241716608884,-0.000591940360286783,-6.29055945543271e-05,-0.00120416728517382,-0.000109649001229113,0.000150441968501275,0.000705077224177822,0.000494020089647128,0.000133156349543519,-0.000251426867360682,0.00132649288012886,0.000746884974646165,-0.000355998986216298,-0.00148572345420181,-0.00193108248507316,-0.00111234610131501,-0.00213844193100189,0.00144867319085501,0.00225622489809109,0.00180616982510393,0.000616170641563208,0.000102874066244338,-0.000795434749236302,8.87670863174197e-05,0.00156802209173464,0.000856598126618249,0.000951308121646865,0.000664080755344273,-0.00073580359884515,-0.000564647798441353,-0.000376295734194701,-0.00124312419183885,1.85259984988708e-05,-0.000912293955719945,-0.000283846950481424,0.000564880535902775,0.000230108934223224,-0.000462474681183669,-0.000271069182263269,0.000458155029727139,0.000263962038798086,-0.000992993152213746,-0.000740122257529987
-0.0939873114848195,-0.127752080621996,0.126772803249486,0.111573666083208,0.124092350948566,0.111713883842695,-0.0691412249628077,-0.0656805169375201,0.152044865316808,-0.00786917462425432,-0.0615702479216792,-0.0162984861826512,-0.0507190568603162,-0.0504270648476299,-0.0434962679530957,0.141543139841648,0.144303809252259,0.126049098982517,0.153380095805181,0.0115972756914054,0.137212093642668,0.124207306843064,0.138045892824752,0.142087847303304,0.143280721194319,0.129097414496007,0.148619044632437,0.100711599709646,0.124331545792686,0.124715843369292,0.128955592469447,0.122078130246197,0.111920992402916,-0.00235926929641451,-0.000626850458332179,-0.00374436809772702,-0.00202238941097731,-0.00282330008626327,-0.00097943643487219,-0.00225044411516624,0.0022676676488479,-0.00104751860717144,-0.00134006732967112,0.0013954651523771,-0.000679696509647946,0.00248952921591689,0.00166988658089258,0.00118597167354035,0.0013951913979084,0.0024415275352219,0.00223603737808401,0.000301829829873171,0.000195673486756706,-2.2161005112834e-05,-0.000821085485608158,0.00396039973775947,0.000637802857995918,0.00207027817842046,0.000310487792083917,0.000238468750633492,0.00497906247837565,0.00124455317838156,0.00110098903930467,-0.00219144951980207,0.00103823592028174,-0.00157482040612163,0.00373585830447126,0.00674973323645277,-0.00204288750715905,0.00456150332127003,0.00444693157697612,0.00269002961251006,-8.32716765031799e-05,0.00278536195477184,0.000959575787811673,-0.00111554178385854,0.00054852158341561,0.000490938274295047,0.000519332958322021,0.00104437888814963,-0.00151502865034677,-0.000821669701123262,-0.00116690304145269,-0.00159346404898357,-0.00170121998728882,0.000849134289712538,0.00304521697804545,0.0058021050789882,0.00119791171755335,-0.00236250899251231,-0.00209392583371429,0.000152267225087152,0.000447438582820055,-0.00228950986697936,0.0040721626022629,0.00333475685338123,0.00139177269606032,0.0019481465471691,0.00163478901079854,0.000100103100286773
0.00496476172406305,0.00774633324776591,-0.00525032483943755,-0.00573537283777411,-0.00633129816937321,-0.00566702748622961,0.00710587089174775,0.00599363386224815,-0.00786917462425432,0.00408963770210981,0.00525744397308994,0.00412981482218324,0.00602415194004389,0.00484730384966648,0.00610287448230417,-0.0118117318957168,-0.0121566522887371,-0.00944386687973352,-0.0113026398953466,-0.000801337560205267,-0.0102552481375986,-0.0100826943350917,-0.010601048367048,-0.012890733742061,-0.0133634708785615,-0.0105166444278687,-0.0114915554759341,-0.00658055840381715,-0.0102910661741482,-0.0101778514692526,-0.0104796377153002,-0.0105565595239129,-0.0106913362121894,-0.000185610833403155,0.00040190099645491,-0.00129284294601183,-0.000370123288446811,0.000203753623473336,-0.000421658777932862,-0.000339969586889339,0.000185879980971363,0.00120404589785395,0.00140306134765785,-0.000489442392330603,-0.000195254183893463,-0.000720498321466916,0.00268666457487389,0.00229784648958794,-0.00108742903634871,0.00367072548611067,-0.00149598018121349,-0.000931638430562868,-0.00262985667152258,0.00132144135855115,-0.000595268691501967,0.00300775288914798,-0.00216824526859055,0.0013678315120199,-0.00261631818809242,-0.00104212834134575,-0.000533750780408394,-0.00136966880524426,0.000612454416122544,-0.000972620955796438,-0.000343698418921911,-0.00147213514718821,0.000518533181889209,0.00196510378523688,-0.000819675277411581,0.000383446842739038,-0.000684983059816039,0.000495795167731985,-0.000444926065026626,0.000104825920628568,0.00192902120540739,0.000632063531776556,0.00235221456108279,-0.00044094954247638,8.39433283735016e-05,-0.000629849398595106,0.000794709823591474,0.000340305814063222,0.00167799601947991,-0.00191860552558613,0.000330090780612493,-0.00123567139102528,-0.000262219155103424,-0.000599083461903022,-0.00286725123019313,-0.00196325661864283,-0.00162718006244926,-0.00164236428783995,-0.0005711738993913,-0.00115515886622231,6.47489445960487e-05,-0.000144522369032696,0.000498580647415898,4.98155039823006e-05,-0.00221773837579091,-0.000853147673005504
0.0387383103944871,0.0487353741427721,-0.0516103983124559,-0.0447323703062633,-0.0491901036075439,-0.0443385380305705,0.0304222268567165,0.0299558155099149,-0.0615702479216792,0.00525744397308994,0.0306057095685901,0.00947415006911339,0.0269900283045206,0.0224394552571382,0.0221589589840345,-0.0627650696905239,-0.0643060738720542,-0.0549001284307405,-0.0668368495980231,-0.00533830404271533,-0.0607996508069268,-0.0558944786368134,-0.0594665811771923,-0.0622713451462145,-0.0614850377929001,-0.0543279086357212,-0.0648381172241229,-0.0407628745585061,-0.0550181866085516,-0.0531872920328124,-0.0550221422985446,-0.0513366211852095,-0.0512870604687634,0.00118977055562959,-0.00188750581166286,0.000849020032121963,-0.00123148231893967,0.000792255455549339,-0.000247088690176777,0.000855506518076361,-0.00234642446500102,-0.00343675620969118,-0.00214541084989904,0.000932720275492957,-0.00116281374966379,-0.000875674772880259,-0.00382609801104365,-0.000729413195953835,-0.000188162929435322,-4.83330386804487e-05,0.000586152601335827,0.000309924864651465,-0.00105997900099115,-0.000233811007394352,0.00167364196442072,-0.000425438218283003,0.000499806028145082,0.001139312802698,-0.000592782292454463,0.000822663011960155,-0.00116699958316092,0.000815580265125977,-0.00139849818787971,0.00135818775905549,0.00177873761299398,0.000756517852235227,-0.00203304267274305,0.00211682475167537,-0.000438185569048096,-5.63878114361161e-05,-0.00339190060229513,-0.0023240904098603,-0.000609522410495874,-0.00137406210650174,0.00156890296594596,0.00558445316377342,0.00312954967841568,-0.00155847632461332,-0.00265981130110273,-0.0024336475327641,-0.00099735429940825,-3.50359046458197e-05,-0.000539481261394826,0.000363153950228322,-0.000410694632202406,0.000480235532286872,-0.00161900715578956,0.00106869871671964,-0.00100593467812841,-0.000461731903696647,-0.00100889516185019,-0.00114091934746957,-0.000802234170424225,-0.000915745350621198,-0.000972594642201293,-0.000859561829440902,-0.000342489305080694,-0.000503657296193016,-0.000437155097907477,-0.00190663928953836
0.0115610892556986,0.014105737070043,-0.0136731582271513,-0.0140349612950806,-0.0140724493758655,-0.0112915519745435,0.00910348026025603,0.00947884708487387,-0.0162984861826512,0.00412981482218324,0.00947415006911339,0.00710928165303496,0.0114835547378501,0.00870096301970806,0.007764160850278,-0.0202296387341033,-0.021393923613854,-0.0167081138468644,-0.0212571144753598,-0.000982253310189996,-0.0185027324941727,-0.0178349535747365,-0.0198690126177154,-0.0205702191056598,-0.0220778513057346,-0.0183787139537206,-0.0211511970071971,-0.011394535591539,-0.0191270822580341,-0.0182161840799923,-0.0171524201884934,-0.0187489144729274,-0.0190527339106507,0.000718611031057234,-0.000190209801855577,-0.00126140883459158,0.00154562325324516,-0.00166573314059551,-0.00249708986201614,-0.000522465796951555,0.0016270584754448,0.000694237701716926,-8.08457465202598e-05,0.00345720096471428,0.00163950195119753,0.00059681046260685,0.00365303519607439,0.00211995456589511,-0.000867727943473322,0.000911372406838687,-0.00147974725365299,-0.000684617255095601,-0.00158763895350267,-0.0013516648583915,0.000922108224354683,0.000870209313316792,0.000316207985397611,0.00329992016203982,-0.00186339728692261,0.000817618803002781,-0.00104164009691523,-0.000870680235369916,-0.00161035172362989,0.000745683832523711,0.00207691965439297,-0.00021142510239793,0.000891509435951338,0.00275459561314889,-0.00105770922092395,0.00184479190023592,-1.60073923283944e-05,-0.000804932182041861,-0.000971496679650934,0.000650187469957361,-0.000124199292319958,0.000890064419414681,0.00390200223646889,-0.000127013341336887,0.0002790668097821,0.00165527249350472,0.0020750935584783,-0.000629437255807146,0.00139200774145705,-0.00216210212622915,0.00181625080480349,5.87837743494628e-05,0.000529595525333203,-0.000321922435373556,-0.00294328237720068,-0.000902577089078826,0.000883738725754544,-0.00267904489797681,-0.000246619129237431,-0.00114816962830093,-0.000399697310361197,0.000355330457406529,0.000164603875081324,-0.000410240461403451,-0.00172405199442429,-0.000566056393167609
0.0337442838360266,0.0424219732022913,-0.0448128278716897,-0.0407400833827365,-0.0434912387137436,-0.037310434352531,0.0244643367575176,0.026077000458541,-0.0507190568603162,0.00602415194004389,0.0269900283045206,0.0114835547378501,0.0281771634472169,0.0224150743983507,0.020451348423608,-0.0572978829315234,-0.0590200466969571,-0.0489241992488829,-0.0599209666772128,-0.006392825106558,-0.0529613411887043,-0.0504765425881182,-0.0520562788467164,-0.0561511913269578,-0.0564157869848265,-0.0482487991380088,-0.0579911551539025,-0.0335732337971486,-0.0511766544561566,-0.0501482540975874,-0.0484902781174187,-0.047729844960465,-0.0483578906479975,-0.000458828167701457,-0.00323692669133829,-3.25417311166977e-05,-0.000263356213367779,-0.00137236329453263,-0.00157233424154155,-0.000256077135446932,0.000270141098637351,-0.00316793505496579,-0.00333463836930666,0.00363726812555393,0.000662728645089139,0.00141528550458758,0.00135156322836722,-0.000878366599406982,-0.000811928146396875,0.000313336731984384,0.000893309378324287,3.39779344792341e-05,0.000229965085102788,-0.00167621347686799,0.00210582859759362,-0.000233928341611415,0.00230651901745501,0.00323114737406761,0.000737847289614323,0.00169175081982397,-0.000649121207747584,0.00111335280727774,-0.00141899257583038,-0.000276218754398364,0.00193611258382432,-0.000102593395624749,0.000863188396140261,0.00486093568333136,-0.000536122870083605,0.00298480115141164,-0.000102977196872994,-0.00232647683786825,-0.000227701398492473,0.0017340817975342,0.000681926519211658,0.00191059224745757,0.00332474136991666,-0.000555375461585404,-0.00222897213672869,0.000267608375771081,-0.000687722290610791,-0.00057770516904689,-0.00181833177246789,-0.000890489496207243,-3.92815969324998e-08,-0.000798789313952564,0.000254797307217059,0.000429225524362018,0.000815748976923742,0.000569896185081109,0.000669906252926138,0.000218544480449809,0.000148653728305646,-0.000504034942282624,0.0014388090561096,0.000746280029845945,0.000945010398228973,-0.000200941733649316,-0.000110305387054375,-4.11238723078148e-05
0.0327984983493087,0.0449008542271099,-0.0437191261187609,-0.040231245143186,-0.0437707103058657,-0.0378923643561984,0.0231799382270863,0.0235203466247315,-0.0504270648476299,0.00484730384966648,0.0224394552571382,0.00870096301970806,0.0224150743983507,0.0207682636108989,0.0174393838276097,-0.0530227251962494,-0.0541799634477827,-0.0457563742623057,-0.0558657302754814,-0.0061886934262694,-0.0486560645874511,-0.045983639443875,-0.0487304273872949,-0.0526670846426697,-0.0536420556819877,-0.0465122881301881,-0.0537910635363851,-0.0336013335811008,-0.0470484175471214,-0.0479315188279952,-0.0466549038460046,-0.0458056351053835,-0.04318698956003,-0.00060036278539207,-0.00191575234032364,0.000987935274272805,-4.28671751529444e-06,0.00041150878265995,0.000713859977535343,0.000312248441599301,-0.000230892353231311,-0.00114342426317462,-0.000498755628501289,0.000238419391645246,0.00165468749686567,-0.000335491393778318,0.00393274044449488,-0.00115308945301499,-0.0022928599910065,0.000711287075311317,-0.001348130974978,-0.00139952682931006,-0.000169675253438769,-0.000597593568045335,-0.000400079957423076,-0.000747467830266196,3.70517404597348e-05,0.000436597180566869,0.000336873297297507,-0.000197597757118613,-0.00176862732775081,-0.000806954685115484,-0.000390873007062391,-0.00188431334325319,-0.00112496537740914,-0.00156538590041521,0.000310810600208279,9.64553467451222e-05,-4.64026703924713e-06,0.000166199620366476,3.15336124100793e-05,7.6513894563279e-05,0.00110518360282623,0.0026753773602866,0.000832572867063753,-0.00205661407804022,0.000449662261448043,-0.000902767944685241,-0.00116098665103337,-0.000368459688196887,0.000784826378819842,-0.00119496792035146,-0.00079814216722059,-0.00165668903676671,0.000388128050020627,-0.00235623111810483,-0.00103211556207432,-0.00235379694077922,-2.82444728679949e-05,-6.65157278173781e-05,0.000759333908744554,0.000115820367181973,-0.000641573823069803,8.57027520297834e-05,1.09813838869929e-05,-0.00087809440369163,0.000234551170496193,-0.00124510265184958,-0.00140096872496154,0.000472506472646963
0.0272295386805421,0.0369022394303185,-0.0357689054428326,-0.0315508390525887,-0.0353119826138834,-0.0322393741155945,0.0240060254432044,0.0227738257789485,-0.0434962679530957,0.00610287448230417,0.0221589589840345,0.007764160850278,0.020451348423608,0.0174393838276097,0.0187056574840255,-0.047814245835589,-0.0487203257399185,-0.0410536695477178,-0.0493891296414335,-0.0051746872986998,-0.0447598462493901,-0.0416736742122995,-0.043157319733139,-0.0483300086347341,-0.0475844792833909,-0.0409575053611124,-0.0479702477094125,-0.0300798505264263,-0.0411032144858263,-0.040781669549608,-0.0421181363887631,-0.039185486370608,-0.0388130161645352,-0.00142664587449035,-0.000289254347283565,-0.00127881661363733,-0.000945913187454495,0.00034654725278912,3.45641022076203e-05,-0.000638941671341278,-0.000259634007054508,0.000268748720169384,-0.000793610595162649,-0.000761634605471034,-0.00234551699927422,0.000424033878025966,-0.000648609969699187,-0.000267857320223601,0.000571918783145477,0.00368397382948539,0.00127467471404404,0.00119443596230925,-0.0025534807089875,0.00218224209244958,0.00131587421697533,0.00338142207960929,-0.000399461261800513,0.000754509847087066,0.000546771877988333,0.000654762995194303,0.00142645823903521,0.00104351108686686,0.0024893998138718,0.000130070952803713,0.000712135751496526,-0.000253207685658555,-0.00031910684758731,0.00232974540528125,-0.000350051817580257,-0.000273083175295216,-0.00165907437841709,-0.000154916969369809,2.14658860639198e-05,-0.000116883493375629,0.00330302416788913,0.00244196120499032,0.00215743745171719,-0.000997042839597288,-0.00136264256468898,-0.00275278286530673,-0.000535635937047881,0.000413017695205655,0.000339748339454661,-0.000954709967674736,-0.000781209035570153,-0.00208111538858441,-0.0014865127279216,1.56492523233276e-05,-0.00163731178768343,-0.00208210649073261,-0.00285410660965282,-0.000522000635638896,-0.000624162816856031,-0.000958151068709048,0.000251266456672441,-0.000626656318981328,0.00062398605175379,-0.000224727282915712,-0.0018381674250173,-0.00131560777437913
-0.0890527386824618,-0.121457525700847,0.120033962321794,0.107068993141692,0.118345735007876,0.105371330154271,-0.0672262410821078,-0.0655988980822823,0.141543139841648,-0.0118117318957168,-0.0627650696905239,-0.0202296387341033,-0.0572978829315234,-0.0530227251962494,-0.047814245835589,0.143250377571373,0.145964449282442,0.125146792011379,0.151525924469262,0.0147659040068989,0.134753306355658,0.125066126642331,0.133722659408907,0.143105257551434,0.143714772481348,0.126056805204593,0.14669747688715,0.0947290168789519,0.125399893500342,0.126223133744865,0.127370996075915,0.121582634301139,0.114742646861625,0.001001577326571,0.00229506129769119,-0.00186938366350428,0.000180379801555015,-0.00135188270597866,-0.000539470045349211,-0.000691406026855433,0.000851856599193195,0.000559846556118047,0.00108197063322503,0.000332558629550458,0.000246467852698735,8.63310588900027e-05,-0.00203882784429893,0.00152728103054322,0.00182785411970242,-0.00201823045607851,9.80295591274295e-05,4.69910012625725e-05,0.000382658244190267,-0.00110984317571343,-0.00134494616406161,0.00020750215757466,-0.000162305083507648,-0.000846309695989275,-0.000577954246975183,-0.000134241347165568,0.00281081387741774,1.301149796109e-05,-0.000993077947192605,0.00124006595040582,0.0014487170841663,0.00064006333168907,0.00131585821618818,0.000472022496441334,-0.000795694884917941,0.00101246347501828,0.00285010311456135,0.00205527567140412,-0.00114253249751535,-0.00126830219568488,-0.00200313856708141,-0.000447788344327097,-0.00115014851876234,0.00151126172130132,0.00302414249332708,0.00224859570881462,0.000692055033311173,-0.00024492311018936,0.00115331485311439,0.000896998903115341,0.000518679413748687,0.00381624588827268,0.00247799634447583,0.00501531520920801,-0.00049130394195022,-0.00100963566610214,4.89996692551795e-05,-0.00159829554966314,0.000707206858477294,-0.00109616078777004,0.000133203861833412,0.001955185010041,-0.000674630223899728,0.00142432129798994,0.00216436921456994,-0.000343584447992417
-0.0912958486632541,-0.12336104624178,0.122233788777743,0.109238944569272,0.120386412929874,0.106949741496018,-0.0684733764030939,-0.0670704854337246,0.144303809252259,-0.0121566522887371,-0.0643060738720542,-0.021393923613854,-0.0590200466969571,-0.0541799634477827,-0.0487203257399185,0.145964449282442,0.14907609499737,0.12747141734685,0.15496983909697,0.0146444352021582,0.137762497589353,0.127512382812161,0.136919924653491,0.145856354652817,0.146722785111468,0.129004987452945,0.149989255077927,0.0964515859915678,0.128300506662953,0.128674622909863,0.12976077759209,0.124311677454543,0.117793186515401,0.000676719338646265,0.00204978645147731,-0.00137606182717231,-0.000668321183076062,-0.000872416513443647,-5.26653865312797e-05,-0.000500101641877428,0.000622615171356533,0.000613737550394055,0.00145865555573957,-0.000647318774059713,-0.000161582893023115,-1.0914178653243e-05,-0.00209607398158633,0.00178157822572488,0.00165602379235609,-0.00151685911992621,0.000375305572463639,-8.60453607271242e-05,0.0011831215327476,-0.000284801220146172,-0.00196935189691276,0.000307538016011251,-0.000770229830371459,-0.000993904236622161,-0.00123707719797275,-0.00101962331243351,0.00242351658898444,-0.000256157982750293,-0.000591641860537643,0.000128988297479985,2.292225975839e-05,0.000174307266140142,0.000821092354868907,-0.000212863722800171,-0.000873242511098186,0.000695634622978773,0.00230268204412307,0.00234837050672525,-0.000550623585295749,-0.000896409073582822,-0.00183150667561963,-0.000613600298921331,-0.00206199342282545,0.000919158266464196,0.00209346613157653,0.00150129439044618,-0.000475907397948003,-8.92661699984115e-05,0.000583139563094542,0.000793896959766696,-0.000608430034199652,0.00346065999210415,0.00224613525864929,0.00416419474414174,0.000498969760614097,-0.000659481396756516,-0.000341844742522492,-0.000515922543969821,0.000361157325877713,-0.000845793341336988,0.000648960022363237,0.0017222652988483,-0.000549515968619026,0.00153285931706557,0.00236291956116396,-3.24355633638516e-05
-0.0787535384152713,-0.10730373836979,0.10653033120509,0.0944190465649185,0.104710780218131,0.093565972636566,-0.0594146467197349,-0.0576030523791716,0.126049098982517,-0.00944386687973352,-0.0549001284307405,-0.0167081138468644,-0.0489241992488829,-0.0457563742623057,-0.0410536695477178,0.125146792011379,0.12747141734685,0.109943308953792,0.132995900539381,0.0123811914773499,0.118600551636955,0.109440928885233,0.117770391135159,0.125100044565573,0.125476366991148,0.110735779763683,0.128850733794997,0.0841422550363432,0.109500240076064,0.110040369826493,0.111757200979181,0.106280876442271,0.0998556789648499,0.000159951563225699,0.001701777708655,-0.00221710560134258,0.000108886665173852,-0.0016608115428004,-0.000629548936524769,-0.00107277254277644,0.00143796704908788,0.000670515680774871,0.000542386078947973,0.000774711625292149,0.000241727878485965,0.000722422585692495,-0.000496747641048599,0.00102260925101015,0.00162391768444467,-0.000994620535527903,0.000420061239467798,0.000236771624292256,-0.00014663948962484,-0.000766739176516015,-0.00102411858699806,0.000945755295877076,0.000210419759884,-7.77323775753847e-05,-3.22480802386455e-05,0.000366561746708541,0.00323333214853947,0.000253699518700439,-0.000269528656457899,0.000793542074687998,0.00156923564803113,0.000148764822351954,0.00106861632789899,0.000803077974356925,-0.00139724985360189,0.000906713725843166,0.0023393432063267,0.00274029946535401,-0.000326230613541599,0.000429086946906365,-0.000863704402294706,-0.000564155795248392,-0.000347731495739894,0.000244099170331736,0.00184832180745657,0.00112171353690695,0.00102014760682499,-0.00136022939587751,0.000886777911997187,-0.000719351047765727,0.00025126269296233,0.00248988803920184,0.00141768982818352,0.00426066805278442,-0.00125024379015838,-0.00217396355941315,-0.000489258798067946,-0.00220516189668618,-0.000254104210944714,-0.00176069786763364,-3.60429339843805e-06,0.00122983644096721,-0.00072097227182391,0.00051898390392803,0.00100351329435973,-0.000718161013610967
-0.0970754797495544,-0.130103010453852,0.129404721250575,0.115233970906902,0.127054288808249,0.113005282115072,-0.0715078847171797,-0.0699219537098331,0.153380095805181,-0.0113026398953466,-0.0668368495980231,-0.0212571144753598,-0.0599209666772128,-0.0558657302754814,-0.0493891296414335,0.151525924469262,0.15496983909697,0.132995900539381,0.162406097625174,0.0144966846564402,0.144430459605392,0.132557155569646,0.143842742100106,0.151429729275475,0.152447341835934,0.135398298617883,0.156889263742961,0.101903677577591,0.133626389347554,0.133747227493454,0.135545511728582,0.129596828901483,0.122322912267197,-0.000497697910887513,0.00174761843745836,-0.00212643859845416,-0.00128052682063462,-0.0016937622712219,-0.000955182087970134,-0.00117580795256207,0.00195228476103253,0.00156312414880647,0.00126843879768775,-0.000126193171243017,-0.00098701027004957,0.0014182231980923,-0.00100958327044317,0.00288203441580199,0.00219560329937846,0.000222458040570973,0.00166745219807988,0.000557226021577006,0.0018635169194084,0.000815918642546978,-0.0016910708518045,0.00195801095248119,-0.000684724563589801,0.000700411421129988,-0.00190003423304141,-0.00121913275188922,0.00305631653999045,6.28053690494507e-05,0.000487457309179367,-0.000951689876872004,-0.000571575573357344,-0.000176320505664577,0.00108720491019941,0.00114273811768042,-0.0014915882935464,0.00172111713456121,0.00214073968304324,0.0024941338155708,-0.000115757701288131,0.000110237206957117,-0.00134498509447739,-0.00036934498733807,-0.0017312739669264,0.00026636714068155,0.000812422516530188,0.00113050290561177,-0.00196073888561395,0.000142877879242018,-6.90078663709354e-05,-0.000182479958021212,-0.00203957367714824,0.00277270781788106,0.00259637427184179,0.00346312495416754,0.00139379015644317,-0.000620601181907283,-0.00110545792783681,0.000600513511570216,9.1804609482929e-05,-0.000997645131830637,0.00220962354385425,0.00215135564678327,0.000185232886359189,0.00196745776837612,0.0023049063515704,0.00037068998730178
