0.0656037472881121,0.0777548637438312,-0.0787735900560618,-0.0714850110508285,-0.0776652858877945,-0.0690482918644611,0.0428201665578586,0.0393578937042027,-0.0940983231553592,0.003024935417558,0.0331150343826977,0.0113536963558605,0.0359089196668061,0.03176800080242,0.0262935428167974,-0.0886952421309401,-0.0909536398024297,-0.0784920527264145,-0.0948417374588181,-0.00989769895220268,-0.0828740548161413,-0.0795478761013324,-0.0823519942267112,-0.0918677290718675,-0.0905093159508254,-0.0813090652692723,-0.0910952895786823,-0.062245102874293,-0.0779355323857539,-0.0793332222094816,-0.0806795260610904,-0.0764779216970606,-0.069888902024343,0.000489281655420076,0.00123299973016993,0.00109242225714682,0.00410107868208042,0.0003846639609213,0.00178981302541164,0.00218890758253708,0.000296298272986505,-0.00329567882625221,-0.00201061674766766,0.000721593910887588,0.00497600358497623,0.00118436281712048,-0.000258872539310207,0.000105248473741561,-0.00241896013292558,0.00433933425843364,-0.00213818330543486,-0.00204405608641463,-0.00115159096279086,-0.00200158205388055,-0.00114445071781792,0.00036415070053447,-0.000405264856878321,-0.00384319670498279,0.0019206972309434,0.0021480423395788,-0.00133213553681172,-0.00236501847174226,0.00131725117391074,0.00225948290950625,-0.000120173947653701,-0.000779957561459473,-0.00257560240244578,-0.00411017964784098,-0.000159689027604552,-0.00359526706878449,-0.00179248279504745,-0.000947512721514766,-0.00183806279977231,-0.00126662103393595,0.00171683921380319,0.00138279388758499,-0.00282880932462184,-0.000839387063741578,0.00289516563504388,-0.000160369244480583,0.00311850344954441,0.000543951482439088,0.00263058105241269,-0.00133211814766473,0.00265058322143279,-0.00439036953709082,-0.00172891446674605,-0.00862597204877538,-0.00444836995953651,0.00050859615446383,0.00406722299915907,-0.00123180767858999,-0.00245527850583764,0.00291056610634219,-0.00386875074013403,-0.006317178838898,-0.000794055199560049,0.000198557380432835,-0.00496976510578141,-0.00288185572277427
0.0777548637438312,0.118808494084658,-0.104911874159948,-0.0969854960291333,-0.109136005964803,-0.0986645680323359,0.0573072606742797,0.0499313871081786,-0.126305430978556,0.0093720923461545,0.0460535072936068,0.0146854089568003,0.0424824849030408,0.0433387966929225,0.037273875371052,-0.121876898206423,-0.123640824797656,-0.106676862280657,-0.130234109697208,-0.0127687665085772,-0.115741928206172,-0.102937632327897,-0.117507295151759,-0.121665250219258,-0.123785383709414,-0.110621920041596,-0.124293363552356,-0.0838551299097275,-0.105667317147054,-0.108803868013904,-0.109190641832134,-0.108720458812081,-0.0986004776083581,0.000511453436913046,-0.00159271123114879,-0.000277762697124603,0.00387723095113172,0.00334969663734986,0.00232575446914467,-0.00185923462037328,0.00052809063673083,0.00507377376492951,0.00292054152872869,-0.00263352032544923,-0.00092554730534461,-0.0012275214208308,0.00427389647217918,-0.000571089497448586,-0.000698766312475381,-0.00544503940978846,-0.00229254225338519,0.00116715515209462,-0.000591068586402898,-5.07329640329697e-05,0.00297035010413955,-0.00425246631025513,0.000867874261513377,0.00031818034327319,0.00480407004766644,0.00101075060341841,-0.00324192219185743,-0.000384746460550793,0.00254889525049467,-0.00244231654918775,-0.00111347588564293,-0.00225296785491364,-0.000589184305381856,-0.00217452147266323,0.000704085015375795,-0.000561683538704095,-0.00134675399398728,-0.00894772364924664,0.00137266073890362,0.00204960763000954,0.00415045292606767,-0.00407612177911647,0.00379363706386142,0.000189411775493091,0.000458793429399284,0.00172148271508062,0.000603796715209029,6.8944827372509e-05,0.00203105308233047,-0.000976188609540971,-0.00207319518497155,-0.00592698675364796,-0.00137000679078179,-0.000730429679457694,-6.17873611712439e-05,0.00497881789018819,0.00270542645632307,-0.00204901746634823,-0.00131076773600843,0.00289820981042967,-0.000200658269245605,-0.000956360640576993,0.00359150275306639,-0.00595898169106747,-0.000531632113206816,0.00617231567156852
-0.0787735900560618,-0.104911874159948,0.116696106102482,0.0962793293459724,0.104322478734781,0.0926247634970508,-0.049057338672338,-0.0570635119405958,0.127045904260693,-0.00339315887852052,-0.048138947533137,-0.0158186842615413,-0.046357181666314,-0.0408946548940658,-0.0343352318858654,0.120064888317428,0.121435593610427,0.106060277468392,0.130405482159772,0.0103979302340224,0.113957022238748,0.105182917089666,0.115788544687327,0.121025707521825,0.119585950962936,0.106758685659207,0.121809909257091,0.0825079928528301,0.107191430365149,0.105284804032036,0.105618187916075,0.101791124464722,0.0965046316741127,0.000837565672074379,-0.00271472958833994,-0.00116978633955125,-0.00264038181546563,-0.00333276130061042,0.000117713912126843,-0.00559164992780013,-0.000481670652825123,-0.00126406782417687,0.000323472419361127,-0.001238804395818,-0.000797075191231426,0.000214473818367044,-0.000288419121105908,0.0027412962898488,0.00163964635184287,-0.00321623762325351,-0.00111386507195041,-0.000228572613042329,-0.000532014878233369,-0.00315709182115422,-0.00127461172411379,0.00100049875389391,0.000847745385365898,-0.00513191297673444,0.00775557943214273,0.00219015801073792,0.00184576594989268,0.00511170358960614,0.000582632418163938,0.00022739047530844,0.00100022861860979,-0.0016801775605085,0.00231229042817643,0.00343958662248341,-0.00199333136933737,-0.000624657599052179,0.00277685353833463,0.00497673777519011,-0.00334027929225701,0.000598555986505551,-0.0021854196788929,-0.00699946056606707,-0.000433057770054224,0.00207715023393431,0.00199750592792266,0.0032368141884993,0.000481115697332754,0.00279465927577705,0.00123334248040352,0.00269883180662632,0.00628766148900262,0.00102470710670365,0.00207117940791571,0.00868440873322133,-0.00125859441102113,-0.00542381909954138,0.00046277219657034,-0.00345848043423882,-0.00277116911852039,-0.00506576186231877,0.00039770365480146,0.000821910609671674,-0.000875485259599443,-0.000409915135210192,-0.0015404528039346,0.00129753547365073
-0.0714850110508285,-0.0969854960291333,0.0962793293459724,0.0903327802215913,0.0923263421207295,0.0833518954567066,-0.047618581663076,-0.0478901914054648,0.110646966672432,-0.00525183775749908,-0.0423293236985873,-0.0155502301538012,-0.0409244140792362,-0.0351462885790315,-0.0319404227152325,0.106612053745426,0.108984563211589,0.0951547755850731,0.117747888821503,0.00994865066399354,0.0994284365545485,0.0888908173790743,0.103213341241651,0.107600265189598,0.110142178788993,0.0982407118161466,0.107761538589223,0.0719438354880537,0.0924679322169517,0.0961205478086907,0.0955420137376029,0.0926942029134415,0.0857300914316135,-0.000469403583200018,-0.000972433877701452,0.0023459229283703,-0.00812117082050152,-0.000343657285115631,-0.000581714921823024,-0.00176731890336349,-0.00151720932171403,-0.00053082495516456,-0.000304446114159218,2.69589606965251e-05,-0.00269729167662257,-0.00253841272361594,-0.00189842660396539,0.00120042325268816,0.00434881365105676,-0.0036069443587182,-0.000596206066607257,0.000586814721298219,-0.00601013701527139,0.00169361966601924,-0.000669384791098934,0.00384882357645604,-0.00113641497682583,-0.00174662594287727,0.0011339352401068,-0.000105237113167405,0.00414830656460521,0.00156608268702605,0.0014838314652465,0.000615972911012661,0.00183530068717271,0.000782435377984261,0.0020858891098904,0.00301185146884107,0.00212617284566612,0.00156142856457235,-1.56339171580815e-05,0.00272984777844993,-0.00047132830986996,-0.00265981542099637,-0.00279815358315829,-0.00159514476868746,-0.00049220255565155,-0.000891601878062532,0.0017425890398906,0.00302943787303707,-0.00337753031500812,0.00278189104007621,-0.00110496119386505,0.0031358962691489,0.00278554722637651,0.00114350752083295,0.00208202209148414,0.00540755739414622,0.00439503441926176,-0.00113449160973945,-0.00233967831235343,0.00401379391690733,0.0022141242817401,-0.000208692948542906,0.00305820741894923,0.001024620890743,-0.000702298003116638,0.00462264758496511,0.00226120115672197,-0.00075139058792723
-0.0776652858877945,-0.109136005964803,0.104322478734781,0.0923263421207295,0.10881183273344,0.0932389299135245,-0.0562425089105131,-0.0503900488419358,0.124348873198324,-0.00665702731799642,-0.0441252329419289,-0.0111635416418694,-0.0444451591906865,-0.0391515747756268,-0.0345218866192248,0.119872925683383,0.120793785131429,0.104670713359648,0.126341124288322,0.01269984879132,0.110176523144263,0.105883775475111,0.111535019026779,0.116465260576223,0.119003338250409,0.105287849361644,0.117654434259929,0.0808284789505155,0.105586994999046,0.103740340579921,0.107008004690599,0.102212860795741,0.0944690636631613,-0.000760109355397118,0.00295135457777697,0.00118026779146214,-0.000271473084819224,-0.0010354380491767,-0.000810612766631565,0.000561274145287385,0.000919994275445303,-0.00161088254949596,0.000526726255956839,-0.00151818196075612,-0.000931077243029821,0.000734162921209186,-0.00670481460603594,0.00176806679264706,0.000370795308989155,-0.00115925534008319,0.00299477098848547,3.6009175800066e-05,-0.000522141736500328,0.000281961528138073,-0.000632354079564579,0.00235460896755303,0.000576871163088121,1.51780911773226e-05,-0.00411135026500351,-0.000149537715784877,0.00444699574338346,-0.00124173729886491,0.00217803740050075,0.00125449850261317,0.000484131958120522,-0.000176494058808773,0.0016737768242626,-0.00195956473071265,-0.00432335138997536,-0.000662689852947612,0.00286037488801896,0.00633857122451089,-0.000763742022090904,-0.00277378764331544,-0.00533342011878894,0.00134073521633253,-0.00241496032738611,0.0014049536170254,0.000807737192171398,-0.00060940389527939,0.00143821359941668,-0.00155565369237134,-9.19808256985955e-05,1.48335583967753e-05,0.00197791226842877,0.00737915827185452,0.00103211867905223,0.00394810527615471,-0.00185472367076529,-0.00463918095307617,-0.00211884088071685,-0.00136721471560261,0.000141339048849896,-0.00572125389781237,-0.000521078973429699,0.00420235314252826,-0.00263100720812773,0.000627852974543965,0.00305933079228717,-0.00369814340372861
-0.0690482918644611,-0.0986645680323359,0.0926247634970508,0.0833518954567066,0.0932389299135245,0.0881483619814233,-0.049635772500346,-0.0464796120225662,0.111356455697463,-0.00775096025838029,-0.0392948524167031,-0.0124757136938484,-0.0371784591551795,-0.0355771467266607,-0.031818874444041,0.105429854489954,0.106311651066416,0.0921362634372869,0.112955868366855,0.0143235631429521,0.101693617425783,0.0916605765363886,0.100468054912142,0.105639303598743,0.105270488085821,0.0948034781287827,0.10901497224993,0.0715021766364468,0.0892448034291121,0.0932586676275799,0.0948368540400236,0.093624751309798,0.0862443041212982,0.000658629504486613,0.00353641518028878,-0.000192086998873926,-0.00175613330487154,-0.00209430768460602,0.00184159229189485,0.000884619067072214,-0.000110150561115687,-0.00237201832786375,0.00123741100034989,0.00235661627829568,-0.000914822967199616,0.000390546352155483,0.00243566633362405,-0.00122126587881699,-0.000510609967041423,5.32258213977187e-05,-0.00118446488774554,-0.00182047381341092,0.000699416569985839,-0.00182146867787139,-0.000468610199720963,0.00185103512876674,0.00276135876352245,0.00183116982505557,-0.000600274624765377,0.000291207752735803,0.00352416701117532,0.000224920180794781,-0.00108433005919242,-0.000951204701991074,0.00038248330897977,-0.00133253134234423,0.000229001786223177,0.00320386351696956,0.00011655987698196,0.0019565160533326,0.00317207748705679,0.00924617680212902,0.000653494955066401,-0.00125292531080148,-0.000424509850529928,-0.00172222309553396,-0.00219486605222552,0.000163235872974871,0.000861975092126714,0.00031417046868806,0.000187057903616907,-0.000595503526162363,-0.00206466625176085,-0.00150741584867534,0.00115192360312522,0.00210695758136084,0.00244926937487785,0.00173360377257504,0.00320610225005002,-0.00368075251353012,-0.00197254730809975,0.00181473998793047,0.00222452062978156,0.000167907506969272,-0.000990157820152641,0.000979042557524527,-0.00298604297840152,0.00101463287881854,0.00205605742231417,-0.00270975218790699
0.0428201665578586,0.0573072606742797,-0.049057338672338,-0.047618581663076,-0.0562425089105131,-0.049635772500346,0.0454487782683092,0.032763507465573,-0.0701670398773588,0.00621056563117879,0.0300091659140796,0.00568271304095925,0.0235766604455675,0.0211988789747928,0.023024942054791,-0.0675515955866369,-0.069946006554729,-0.0602373091437316,-0.0716204308238204,-0.00479213249158786,-0.0646714728051044,-0.0593772187043274,-0.0644143010235925,-0.0668128496998157,-0.0706310556640135,-0.0600772530964098,-0.0688237397490978,-0.0462595034583375,-0.0580774636962174,-0.0573337985707067,-0.0622693029023987,-0.0535368412014073,-0.0561182556131565,0.00424215960351183,3.06177174325972e-05,-0.00356070460413545,-0.00235239321091639,-0.000569945687827601,-0.0011256649960468,-0.00340581474279335,-0.00288879578539954,-0.000553210436966588,0.000517008629913415,-0.0011746955300068,-0.00242376467011626,-7.02157203655372e-05,0.000237991557003399,0.00181434404781375,-0.00168862852618068,-0.000185891738921054,-0.00301550318030174,0.0016869453381278,-0.0013511840606108,0.00197017514682348,0.000551692154141305,-0.00102273892131771,-0.0042303819556418,-0.00514144389239861,0.0063929135991316,0.000421726218952949,-0.00268336192982386,0.00203497938713963,0.00216029298060563,0.000406396445608978,-0.00245828428288922,0.00140669179923145,0.000158885398747841,0.000464851504609866,0.00313065965213224,-0.000756694686058215,-0.000901070526460208,0.00663046730765603,-0.00365165147759971,-0.00123057552292195,-0.0027092901884011,-0.00653061864127752,0.00160582806416644,0.00117413610535434,0.000225467216243953,0.00240867493150411,0.00174985561272517,0.00540802316002875,0.00233451767369721,0.00276695679307047,0.00743565743240788,-0.00301939406810088,-0.000873677996228431,-0.000211450769526315,-0.00161465601278832,-0.00257893441238158,-0.000461482228511716,-0.000480327381097293,-0.00381336497499791,-0.0010377311063841,-0.000436975617006518,-0.00299149105941647,-0.00275448975550574,-0.000232181810546465,-0.00409292650880566,0.00424938442924648
0.0393578937042027,0.0499313871081786,-0.0570635119405958,-0.0478901914054648,-0.0503900488419358,-0.0464796120225662,0.032763507465573,0.047506415267436,-0.068080294600774,0.000615557659523635,0.0332187305673287,0.0128494849712457,0.0209655576129818,0.0187406629756454,0.0213033723173754,-0.0675291081201777,-0.0661633535847794,-0.0567787432224042,-0.0709044689067352,-0.00698040403281919,-0.058839707348979,-0.0567046938526896,-0.0589220843992903,-0.0632538150121085,-0.0688064647434505,-0.055787027820904,-0.0672314904047949,-0.0434262810696833,-0.0553365156381343,-0.0550005470540075,-0.0625836281643122,-0.0543804318191365,-0.0487087444773077,-0.000395533609532282,0.00050887555412837,0.00398514649308296,-0.00262239691584181,0.000796461725340022,-0.00306256007724756,-0.00234539441829951,-0.000678778120185696,0.000126799923998846,0.000433887541553196,-0.000805654211408389,0.00014147622517459,-0.00224337271625813,0.000422570804325829,-0.000774969611889887,-0.00233303781782232,0.000320612002396092,-0.00226236808507331,-0.000707590196173724,-0.00174589625961053,-9.71492334039432e-05,-0.0026901957565841,-0.0041623614206707,-0.00292368231321025,0.00242228308950704,-0.00741051078923117,0.000299436976911073,-0.000692147220898459,-0.000832247937110642,0.00152479753646754,0.00393410808558443,-0.000704783458971344,0.000922187954508273,0.00152836478531188,0.000738446808156088,0.00183083419764137,0.00285208863628907,-0.000662148192830701,0.00518600267208836,0.000441309601796596,0.000554936225608168,-0.00695915856771618,0.00864899361222973,-0.00747741654589732,0.00012909108860977,-0.00247103994178232,0.000376503330917233,-0.00152822124715581,-0.00020489188120182,-0.00401721741129963,0.00601543947017365,0.003535362954405,0.0043049410281507,-0.000750979287579133,-0.00047421850241762,0.00129757873361387,-0.00191268686813688,0.000783732639884607,0.00217057092956241,0.00163995141810128,0.000674794003491966,-0.00122279017242188,0.0037086116487795,-0.00206354432600298,-0.00159686243566616,-0.000407398329782201,0.00342951991189717
-0.0940983231553592,-0.126305430978556,0.127045904260693,0.110646966672432,0.124348873198324,0.111356455697463,-0.0701670398773588,-0.068080294600774,0.153381885957456,-0.00749087752123025,-0.0561128111367082,-0.016187376081851,-0.0496693335907605,-0.045385904526996,-0.0429326285684493,0.141407123319554,0.143894379847507,0.125736507775171,0.152805342335313,0.0119911272387877,0.135673799739576,0.125163486205387,0.137717949017893,0.141174377647786,0.143834014344691,0.12745697989206,0.145665497390601,0.0999002141717153,0.124703205136025,0.122540770908034,0.129704238880195,0.121829527306371,0.112566988143625,-0.00202455946510624,0.00017472506102208,5.01899345588184e-05,-0.000878716034628947,-0.00216081525381052,0.000107538135159674,-0.00213517475447973,0.00219886333899874,-0.000249662485014375,0.0006085006961623,0.00026024201339006,-0.00187722564442748,0.00225319261724797,-0.00011517824144426,0.00181601581344588,0.000886638155432357,-0.00186472005813941,0.00322164559517864,0.000120021084944066,0.00115523785384583,-0.000444265850392935,-0.000388984575857316,0.000918696134176645,0.00396917493889669,0.000969284502439876,0.000659117396184575,0.0005345143598348,0.00501280753780899,0.00144551357258961,-0.000266829026252906,-0.00219613610617746,0.00310724527527433,-0.00295032131218704,0.00381183184094996,0.00307796966843517,-0.00352870839924879,0.00108019447426754,0.00481343743983423,0.00138839114208331,-0.000199201504960047,0.00306787222917366,-0.00108723566383951,-0.00169663927365269,-0.00254468160493571,0.00117820783295332,0.00123060042683315,0.00128455451485992,-0.0022287089710299,-0.0008999874942985,0.000300351125471297,-0.00148596312198356,-0.00105882940197388,0.00275466841023068,0.00348665782521072,0.00614565879762603,0.00151804452702529,-0.00229928351522195,-0.000290350170920655,-0.000320068799178881,0.000375016412034142,-0.00302808730894006,0.00232336067865934,0.00303185068585931,-0.000338974582871259,0.000767966825263915,0.00261287798607165,-0.00144793012422577
0.003024935417558,0.0093720923461545,-0.00339315887852052,-0.00525183775749908,-0.00665702731799642,-0.00775096025838029,0.00621056563117879,0.000615557659523635,-0.00749087752123025,0.0111478913112299,0.0082106440197,0.00390752501347038,0.00484211577762044,0.006481048902689,0.00733701188489715,-0.00922502217896831,-0.0108766991365693,-0.00931675003580455,-0.0123935689997911,0.00118502445948307,-0.0132853221023464,-0.00952002869008224,-0.013872201904132,-0.0139919775357898,-0.0126508054479525,-0.0107447839626554,-0.0163507467308368,-0.0075933273269735,-0.0109247382601439,-0.0118569607704575,-0.010239493947086,-0.014130378903485,-0.0103851709435286,-0.00288633818554472,-0.00233337639114307,0.00159141434288435,-0.00127876109517885,0.0011927895802162,-0.00016976930203894,-0.000686578121024603,-0.00156161942161857,0.0018984479653865,-0.00173216137926006,-0.00208081783304463,4.70190825420378e-05,-0.00178181489356529,0.00174701913099354,0.000262765254982203,0.000796782515323678,-0.00117930121018349,0.00152867589562054,-0.0004036129883541,-0.00159567361504289,0.000232351561564163,-0.000391058792229787,0.00437670250143337,0.00107579818172826,-0.00141431149979842,0.0026275323256887,-0.00214477679342679,-0.00248990758058012,0.0020836709076388,-0.00184143940699807,-3.80030872023496e-05,-0.00091834168182826,0.00140286478314057,0.00100644936147518,0.00223306796411392,-0.000473249748035494,-0.000454270921027983,-0.00118544640827996,-0.000824687381853991,-0.00197970255435732,0.0013372124160342,0.00160848312793912,-0.00491065273063051,0.00359663038931885,0.000808390025942713,-0.00120363994297064,-0.000148172222751789,0.00294639444036737,0.000364852380244571,-0.00230264998450453,5.91475659690807e-06,0.000418887579008962,0.00138540577401654,-0.00168196361447096,0.0011066597685305,0.00168588679640916,-0.000828853449154865,-0.00209471125489347,-0.000724479742417957,0.000151632435244324,-0.00394302326086818,0.0010658479807013,-0.00114403492747302,0.00110351589943072,0.00276168694194767,0.000404701646784318,4.63091195137719e-06
0.0331150343826977,0.0460535072936068,-0.048138947533137,-0.0423293236985873,-0.0441252329419289,-0.0392948524167031,0.0300091659140796,0.0332187305673287,-0.0561128111367082,0.0082106440197,0.0416481696908286,0.00960961574604396,0.0258693747248629,0.0218766926700636,0.0282870377517496,-0.0629785612423094,-0.0648995540646411,-0.0561920087935354,-0.0680151996544136,-0.00470360299362475,-0.0588800678680801,-0.0552163037492463,-0.0568838864898623,-0.0631360188740087,-0.0626527649046831,-0.057007712508716,-0.0638922870234591,-0.0420516008990909,-0.0543316556825389,-0.0528883437998491,-0.0584168580107762,-0.0512916220077313,-0.0501057824481079,-0.00346523730209079,0.0045426504693369,0.00119060401320075,-0.0020419199373266,-0.00301870758378244,-0.000659251344703997,-0.00143384454389587,0.001766338735996,0.00681629622950761,0.00593481603293214,-0.00244360462859921,-0.00305983700947809,0.000330714286794029,-0.000991095967533758,-0.00165753860191926,0.000843693667797281,-0.000956334497926082,0.003716172549387,0.00024956671988078,0.00185511030508939,0.00340881960691713,-0.000607830152203495,-0.000474174260217186,0.00280792090709273,0.00315109258622632,-0.00119937181678987,-0.000441521211334586,0.00119354898177226,0.0012601258939681,-0.000970541979197686,0.00262958692350131,0.00218298014466421,9.44692148018551e-05,-0.000893747814647581,0.00199534137313807,-0.000955156305124854,-0.00188442003834653,0.000318916480082108,0.00201596117758977,0.00264063725809549,-0.00190996377835008,0.00108138645624928,0.00452490571177756,-0.00274758758853875,0.00201333998579563,-0.000831267683324288,-0.00162206232920321,-0.000669523552304006,0.00114552803007232,0.000261481588167887,-0.000539314369309082,0.000156570585790256,0.00176948351074146,-0.00165649484969577,0.00151714094852933,0.00103952123982335,-0.00154345666754734,-0.00127631553608629,-0.0017295315049498,0.0031393510721847,-0.00102932373447472,-0.00364843339200488,-0.000138952282794005,-0.00384355381725989,0.000679554671022757,-0.00204658795603743,0.00149778555365885
0.0113536963558605,0.0146854089568003,-0.0158186842615413,-0.0155502301538012,-0.0111635416418694,-0.0124757136938484,0.00568271304095925,0.0128494849712457,-0.016187376081851,0.00390752501347038,0.00960961574604396,0.0134744294299984,0.00790114095560829,0.0121165630132154,0.00678374665498963,-0.0194078930975721,-0.0187701619543894,-0.014544341230475,-0.0208433566942563,0.00146574425890933,-0.0172191486162676,-0.0130117035666714,-0.0198091477666512,-0.0236537148878342,-0.0241387069447793,-0.017536629883525,-0.0253998207909473,-0.0128272871134505,-0.0173427001635565,-0.0211725429019655,-0.0160393632252191,-0.0215958249932792,-0.0122069603755067,3.34801861447784e-05,-0.000169370713874389,0.0025884981677678,0.00495806321276326,0.000916566337350943,-0.0011825576923733,-0.00230259372453018,0.00179049355663352,-0.000782034501424805,-0.00264351953746582,0.00348233219942219,0.00235323893706354,-5.9060929480596e-05,0.000506577942933512,0.00431959773381432,0.000530755226449386,-0.000932059349034925,-0.00071127855163824,-0.000946636954942146,-0.0014984176521979,-0.000987554761541986,0.00144851886219437,-0.000593181361925931,0.0032226585307108,0.00502369377197032,-0.0044787761931363,0.00130977005007717,-0.000923236969946704,0.00124709674257737,0.000878960141948664,0.00109242587740493,0.00151103105832219,-0.00288308009043392,0.002253799105529,-0.000711852255476985,-0.00256362238856105,0.00141242369473663,0.000914854189936996,0.00269610177912428,0.000375282702524364,0.000573052962995657,-0.0044840544763233,0.00158182516546165,-0.000760673004980948,-0.000975822419820609,7.36652867464713e-05,0.00125014235188186,0.000696818720664881,-0.00149878973546278,-0.00213765951936971,0.00120733885931829,0.00207408038524461,0.00328183264092865,0.000907755752116141,-0.00298377401200349,-0.000474097779703549,-0.00346373480076609,0.00107952978848288,0.000368564179896417,0.000167826056989169,-0.00100452528237013,-0.000299631577723073,0.00302313064391797,0.00118824058347337,-0.00236860213252772,0.0013360624040245,-0.001486482533969
0.0359089196668061,0.0424824849030408,-0.046357181666314,-0.0409244140792362,-0.0444451591906865,-0.0371784591551795,0.0235766604455675,0.0209655576129818,-0.0496693335907605,0.00484211577762044,0.0258693747248629,0.00790114095560829,0.0372253369072184,0.0219305550177799,0.0173506938966213,-0.0578153530855606,-0.06103433395647,-0.0498815470507225,-0.055293150757705,-0.00898193914710607,-0.0516816633311331,-0.0531981321055275,-0.0522149491570635,-0.0555381757311814,-0.0538527115196612,-0.0489813540891932,-0.0568476471120548,-0.0332551383126806,-0.0512689367051429,-0.049494029846108,-0.0476103745399478,-0.0459042719147234,-0.0475334449388971,-0.000622218871961601,-0.00217583274137419,-0.00117692713969229,-0.00112754565883642,-0.00167145990702343,-0.00057114607024512,0.00410544719299501,0.000987163649204371,-0.00262963131582481,0.000439521450207603,0.00125404941701884,-0.00348563897031821,0.00476489013718999,0.00169642087122408,0.00345563252250997,-0.00423960955902811,0.00474717636631624,0.00174190509383815,-0.0019722276515215,-0.00248286422335325,-0.00194068001932546,0.00184933084949693,0.00250536976785883,-0.000815286478823778,0.00295304199646987,-0.000834348713513779,0.000237883815847626,0.00127192632043745,-0.00287041408023996,-0.00176900227678248,-0.00107164929617033,0.00205036710303699,0.00197385578064691,0.0014212374673671,0.00232279132338329,-0.000437833621835591,0.00137106382182651,-0.00281842298693209,-0.000528804648887676,-0.000813416040806519,-0.001188336640102,0.00168290390165953,0.00340954124252993,0.00262163788695186,-0.000938798070414925,1.62301396380027e-05,7.49673674815774e-05,0.00144127133709808,-0.00166381087567693,-0.00230431065864016,-0.00335371401908839,0.000297532990813956,-0.00473656516684157,-0.000529524218992629,-0.00585496789490661,-0.00107549620788471,0.00161240208630219,0.00483820971913633,4.46916933460034e-05,8.99089465419818e-05,-0.000532937314396348,0.000698171487570565,-0.000483822209237654,0.00159480996590406,0.000584240039002342,-0.0030590294164992,-0.000491166342586038
0.03176800080242,0.0433387966929225,-0.0408946548940658,-0.0351462885790315,-0.0391515747756268,-0.0355771467266607,0.0211988789747928,0.0187406629756454,-0.045385904526996,0.006481048902689,0.0218766926700636,0.0121165630132154,0.0219305550177799,0.0325513024550908,0.0201348310206277,-0.0501153946633742,-0.0535299894692364,-0.0421476392567704,-0.0525801636491642,-0.00469698202852029,-0.0495356047303969,-0.043685372770637,-0.0476793133200158,-0.0564348004734053,-0.0495571911462527,-0.0454814784061957,-0.0565930767219964,-0.0338612517313932,-0.0487734003515189,-0.0499636685802823,-0.0401164247124223,-0.0451869376741916,-0.0421197481224079,0.00172340678622247,-0.00211458799849489,0.00647846715845364,0.000684201198468649,0.00362247248628222,0.0025500675311323,-0.00126029146213723,-0.00207746148734968,-0.00497405860738121,-0.000788530190735095,0.000639714463410797,0.0031800286515152,-0.00513366787156244,-0.00320482547526528,-0.00208201631544975,-0.000269545199946038,-0.000320455245137227,-0.00201124143615642,-0.00040055400939272,-0.00591036262889249,0.00236857902303073,0.00218765334495231,-0.00146687470898189,0.000557253639885211,-0.000124041714043822,-0.00198357895625687,0.00205660701265263,0.000265857758122583,-0.00272688252981982,0.00375095061716745,-0.00355087884199167,0.00146921472381857,-0.00590779625691527,0.00426235846596294,-0.00073454665939458,-8.45290604958645e-05,-8.50829886455527e-05,0.00457779919260127,-0.00122519381794813,0.00362059768511101,0.00173675166823114,-0.000335864463518741,-0.00304727499508701,0.00107878095207426,-0.00209154831284083,0.00298941083911346,-5.80384296376067e-05,-0.00143723288035193,0.00101842610604029,0.00432242785839069,-0.00160988238094612,0.00276794592713792,-0.00431999689365464,0.000760349269879155,-0.000776467200965244,-0.0020301984887497,-0.00211618977733218,-0.00107115907424966,0.00259191339559804,-0.000471784806146052,0.00204701155068965,0.000692498197253124,-0.00223512938706285,0.00139305779422251,-0.000439673839362009,0.000476296670730541,-0.00446165528509116
0.0262935428167974,0.037273875371052,-0.0343352318858654,-0.0319404227152325,-0.0345218866192248,-0.031818874444041,0.023024942054791,0.0213033723173754,-0.0429326285684493,0.00733701188489715,0.0282870377517496,0.00678374665498963,0.0173506938966213,0.0201348310206277,0.0256276350767691,-0.0474005832125783,-0.0495806802044271,-0.0426708608492114,-0.0505765548020651,-0.0069318032646762,-0.045186656282133,-0.042111001680715,-0.043944000422638,-0.0478025246354258,-0.0460561067471926,-0.0447362805762387,-0.0491302576256569,-0.0325788593242616,-0.041384650457576,-0.0422173208749719,-0.043193989329328,-0.040312909108957,-0.0357481408740151,-0.00146613669778498,0.000556533910802508,0.00275990895379559,-0.00148506704464795,-0.00190144114474757,-0.000664359963277653,-0.00247525757034856,0.000967131800714933,0.00181281710075788,0.00133535465700586,-0.000166351515366884,0.00299754756718931,-0.00236018742686168,-0.00209296954103853,-0.00578818843378159,0.00241948034273051,0.0019933117968762,0.000649273328620864,0.00185058581837459,0.000248683583978499,0.0022540300903973,0.00162110758387273,-0.00246613646691415,0.00114899488999361,3.5822776847973e-05,0.00159512465265951,0.000871426160995158,3.40636475775275e-05,0.00380505007192725,0.00119320366450863,-0.000596149228227699,0.00139064600896668,-0.00224377409190277,-0.00484528506723329,-0.00197460819436507,-0.00377882391139959,-0.00406898925635282,-0.000350058950145488,0.000331569178494561,0.000664971809690695,-0.00235843984038807,7.05960476707693e-05,-0.00191901566154799,-0.00128898209276383,0.00123228162962015,-0.00154751233723613,-0.00448490518343851,-0.000775019516772348,0.000794095486447182,0.000905167299346269,0.00012104225755917,0.000323115971405859,-0.00134917810867167,-0.000968996134135553,0.00212085645891422,-0.00128301881821674,-0.00170490603595223,-0.000616259967026861,-0.00106190614730253,0.000213884123119809,-0.00205663731430064,-0.0018938120358266,-0.000154272610645482,-0.000181607940337316,-7.82755621551008e-05,-0.00332106025675583,0.00110524394013113
-0.0886952421309401,-0.121876898206423,0.120064888317428,0.106612053745426,0.119872925683383,0.105429854489954,-0.0675515955866369,-0.0675291081201777,0.141407123319554,-0.00922502217896831,-0.0629785612423094,-0.0194078930975721,-0.0578153530855606,-0.0501153946633742,-0.0474005832125783,0.146471913529082,0.145988325112419,0.125511558416207,0.150166962129906,0.016724866903534,0.130906573523244,0.126812599768412,0.131364034835452,0.14116083929986,0.144089626735841,0.127012040508611,0.143248796053192,0.0934283123223427,0.12380043118195,0.125636909566617,0.128490200209526,0.120048483552043,0.11336538037286,-0.000167291983415713,0.00244458469247321,-0.000146482330149844,0.00186598308586134,-0.000447577173952785,-0.00105810284007906,0.00227414098203789,0.00135459364800158,-0.000249595940095865,0.000653281771095158,-0.000577312721200858,0.00189990443915317,-7.87514322835584e-05,-0.00394919456088327,0.000367524460565023,0.000894934365223542,-0.00159060350119023,0.00162833144780688,-2.96166333236643e-05,0.00136195844709454,-0.00326569340641857,-0.00113863356401543,0.0022291260178891,0.00131522186113391,-0.00504246269374703,0.00140211701921512,0.000327108621614096,0.00230525147177375,-0.000818613038193583,0.00191462355854528,0.0013934964144642,-0.00266295049055737,0.00290983342362363,0.00189106852479406,0.000808103554793633,-0.000834209280965904,0.000395315387754566,0.00342260131050684,0.0024710348289714,-0.00112231871318078,-0.00157865423993277,-0.000666666985394971,-0.00188257323342791,0.00229503342665662,0.00123051424268828,0.00218516337344379,-0.000490839857321202,0.00199040338976864,-6.3988036698354e-05,0.00115196382403982,-0.000498665649308303,-0.00101633144122963,0.00628236486120297,0.00236199056597418,0.00281269335361221,0.000637336120183435,-0.000445039808653512,-0.00263349045625191,-5.11937905185548e-05,0.000598477323538573,-0.00315028168409591,0.000404408101066348,0.000474957009366471,-0.00186180871239763,0.00313220556636016,0.00552338368542083,-0.00543305334293054
-0.0909536398024297,-0.123640824797656,0.121435593610427,0.108984563211589,0.120793785131429,0.106311651066416,-0.069946006554729,-0.0661633535847794,0.143894379847507,-0.0108766991365693,-0.0648995540646411,-0.0187701619543894,-0.06103433395647,-0.0535299894692364,-0.0495806802044271,0.145988325112419,0.151926960616238,0.128338815673923,0.154022592356547,0.0164366268574172,0.137110577741033,0.128362989111492,0.137834769810893,0.144123160860271,0.144605403753591,0.129324362525604,0.14814281368813,0.0966526811959728,0.129908536810985,0.127370417153683,0.12921765922128,0.1228352808546,0.117647961464509,-0.00139000501824786,0.00190180132836513,-0.0013009828577529,0.000480232614458375,0.000534504134432043,0.00191347121173942,5.43151681013755e-05,-0.000226762421657416,-0.00032085308750182,-0.00330301223320217,-0.000158742239434837,9.41536150055673e-06,0.000566488106709552,-0.00107628852595693,0.00251165945960544,0.00377446416020267,-0.00308661190742502,0.00100029941240892,-0.000300302106844291,0.00122040226772331,0.000582665784759528,-0.00211809299365495,0.00466795495628382,0.0017445814331095,-0.000260163433129755,-0.00098666530631506,-0.00191284010738056,0.00240258065587567,0.000783637489273386,-0.00111422528086594,0.000588784449269916,0.00041738476203564,-0.000954269345436281,-8.31495060098076e-05,-0.00174844106637654,-0.000964878570130716,-0.000170595718515511,0.00123108031910655,7.12693084279546e-05,-0.00203287418103936,-0.00100419322683302,-0.00151201208442374,-0.00180590853885953,-0.00322472350801838,0.00108668462119504,0.00180759916837489,0.00286075284528586,-0.000348074003981927,-0.000306467138294146,-0.000761422004193088,0.00130839051810824,-0.00146756062951797,0.00538519012541898,0.00188609045124349,0.003599458959416,0.00209430767697066,-0.00059024132504651,-0.00241211639212506,0.000554274581405072,0.00121644563128705,-0.000376803090995447,0.00159647451972453,0.00246322399274508,4.87261282238081e-05,0.00229980983155316,0.00414270119740833,-0.00168655156809049
-0.0784920527264145,-0.106676862280657,0.106060277468392,0.0951547755850731,0.104670713359648,0.0921362634372869,-0.0602373091437316,-0.0567787432224042,0.125736507775171,-0.00931675003580455,-0.0561920087935354,-0.014544341230475,-0.0498815470507225,-0.0421476392567704,-0.0426708608492114,0.125511558416207,0.128338815673923,0.111660928281006,0.133856127361092,0.0124105661243357,0.1173425784339,0.109492687254679,0.118196220128564,0.123983393539883,0.125378437192345,0.112837474507913,0.125821008599741,0.0835523993721342,0.10947614992806,0.109246935070132,0.112737721187837,0.104598051525459,0.100381338706583,0.000168498509989941,7.81083975043163e-05,0.00143385059985179,-0.00025615409948142,-0.000219738027103039,-0.00128837415569062,-0.00164812208102033,0.00141306727459723,-0.000272326243447817,-0.0010797859688893,0.00133871185638001,0.000593138204424314,-2.59493722194454e-05,-0.00155383595064442,0.00305019068719189,0.00249432482587578,-0.00344518160121601,0.000185326855022776,0.000344478133221323,-0.00221624492443819,-0.000761140221588557,-0.00093676269865221,0.0013658812152646,0.00124759887257155,-0.0010240990608657,-0.000592578942454084,0.00102199017133418,0.00322839853657771,0.00013975928508426,0.00152960500787627,0.00118657202132176,0.00134027432623449,-5.33822940206472e-05,0.00296227368055669,0.000559669764751852,-0.000806086393173586,0.00138863658460013,0.00204520235143432,0.00121258955083582,0.000136733957159019,0.00128145454831309,-0.00281300977518313,-2.20230773743127e-05,-6.45522038494452e-05,-0.00140437452486547,0.00191710354676682,0.00205512963320378,-0.000406772028545509,-0.00103543926441023,0.000601048545981695,0.000178087668591327,0.000326192070798785,0.0039597544457854,0.00177076158966249,0.0026689957516621,0.000879265968116342,-0.00128461942558135,-0.000894163519169396,0.000537029087999495,-0.000621910180930134,-0.00131546966607549,0.00136431801853399,0.00132506947992211,-0.00079999527263117,0.000744995542105711,0.00323830839301188,-0.00285321372054254
-0.0948417374588181,-0.130234109697208,0.130405482159772,0.117747888821503,0.126341124288322,0.112955868366855,-0.0716204308238204,-0.0709044689067352,0.152805342335313,-0.0123935689997911,-0.0680151996544136,-0.0208433566942563,-0.055293150757705,-0.0525801636491642,-0.0505765548020651,0.150166962129906,0.154022592356547,0.133856127361092,0.168137249767212,0.0110860938386079,0.14345712515286,0.130812898150867,0.144255061385332,0.153249096262698,0.153619686576565,0.136162747605672,0.154659810718211,0.101108204562908,0.133131426541877,0.134404780855439,0.134555047620259,0.127895806665663,0.124085110416075,0.000653208175360079,-0.00312301253924887,0.000219219237718671,-0.0043317195764804,-0.00210203874967631,0.0016963445829036,-0.000920426883250603,0.000492981494095093,-0.00402323829843731,-0.000890448842880082,0.000659074379354647,-0.000454211635753986,0.00121287140294194,9.20866757850854e-05,0.00504400473227402,0.00282622429586126,-0.0015804958172136,-0.00289758671387681,-0.0024031109177112,-0.00497910998766021,-0.000975411121872741,-0.00105822452619852,0.00382043947664696,-0.00285348201595914,-0.000913063031676983,-0.000192981309325809,-0.000553753705281992,0.00418699577821218,-0.00120388646249049,0.00293295712115423,-0.00246706161507996,-0.00217467655337424,-0.00082731551715235,0.00027003856398696,0.000367432553824514,-0.000524080129274981,0.00121475070048137,-0.00105836373311858,0.00249384876800194,0.00140291268356759,-0.005227132318368,-0.000702695574467237,-3.04278676411824e-07,-4.11236063153697e-05,-0.00252287365169887,0.00248698912495641,0.0019229270529445,4.12918321836686e-05,-0.00119672337994623,-0.000660112297685767,0.000630613325907377,0.000208305460262611,-0.00133935064993208,0.00108158239608982,0.00334637675452339,0.000901343782630337,-0.000974895480182103,0.00107683317744309,0.000835559860637684,-0.000154178821329917,-0.00130354730631166,0.0023687139124251,0.00365095266691655,0.00232262397614513,0.000465394505873962,0.00153348877755063,0.000670858506268024
