0.0619204529668958,0.0787520303648051,-0.0778251515700001,-0.070184165129858,-0.0783656012985374,-0.0697938884024542,0.0426700125998453,0.0401828662966306,-0.0946639264132482,0.00581141683207359,0.0348495399892283,0.0105515470973183,0.0336701026187824,0.0299420169084582,0.0278669648924801,-0.08849387445879,-0.0908725098569156,-0.0787134059342116,-0.0953189675631306,-0.0102912614252916,-0.0847661523023408,-0.0807079905828687,-0.0847567257528296,-0.0890322611576585,-0.0898340813788752,-0.0805757169772384,-0.092486057811023,-0.0615136199375083,-0.0785403638739758,-0.0784220032802834,-0.0815881927544537,-0.0780400676000073,-0.0709209055628174,-0.000296552768345106,-0.00139040531343763,0.00253779484437264,0.000381954490514151,0.000569576820146777,0.000152304382762805,0.00417300470692803,-0.000727232215610803,-0.00180174176500679,-0.00272846222171336,0.000516226991111075,0.00475821866714081,-0.000954667075007204,0.00135997095080052,-0.0033823675885104,-0.00127734233632827,0.00201915760994148,-0.00229837654710829,-0.000854632358628192,-0.00158185876660001,-0.00301934230751005,-0.000343733926301005,0.00263715260740631,-0.000943111920854203,-0.00158775937311685,0.000585109501241012,0.00158874898260944,-0.00244652702548978,-0.00232220552163715,-0.000251659198062247,0.00246488353417727,-0.000134523553903139,0.00156221058102649,-0.00284630914867142,-0.00365493480252082,0.000637548818047472,-0.0014949961233919,-0.00251775333181407,-0.00304189757207621,-0.00223728108543536,-0.000460112134648938,0.00137047276687493,0.000516033264173501,-0.00132471372925787,9.38671047351942e-05,0.000551846844174006,-0.000473097175319084,0.00356695979071338,-0.000296040039384347,-0.0028317552691724,8.10335612320381e-05,0.000743899075423215,-0.00229994471470211,-0.0021925625666438,-0.00545529819745347,-0.000499829996220337,0.00292384270095086,0.00227840478787978,0.000540288754903237,-0.0010776901846168,0.00180149561325566,-0.00169795815939884,-0.00384196503824814,0.00135488321500249,0.000218718233079593,-0.00187685011477574,-0.000450107792866494
0.0787520303648051,0.116843204634805,-0.107646039179097,-0.0974003037938541,-0.108722804423552,-0.0977272304803978,0.0568407968261749,0.051509172413359,-0.126718571143137,0.00751636238562514,0.0491000059429182,0.0142878373626608,0.0437102834052009,0.0459734187490196,0.0365493116611731,-0.122382189139799,-0.123689611054712,-0.107019283322293,-0.130022047806661,-0.0135817888118484,-0.112088035020491,-0.10568498649973,-0.117027854225155,-0.122233057014557,-0.124075289150665,-0.111772833256282,-0.124389281813754,-0.0849978093607088,-0.105705740350017,-0.109963483378035,-0.108297781496322,-0.106314675324392,-0.0959824158492782,0.000535378403057721,0.00103314686549054,0.00273524267440075,0.0042442685789985,0.00391901542891829,0.00134457167367949,-0.00248098814007217,0.00100456382831701,0.00521047549587083,0.00286940575444867,-0.00225150967395283,-0.000517377543481356,-0.000620410213761639,0.00552858691339149,-0.000725218850724033,-0.00242405831789601,-0.00115522824890805,-0.00251086181476565,0.00153311587040099,-0.00175762063777056,0.00258439362535942,0.00241041259081682,-0.00441961208330144,0.000243553802392173,0.000145392761250239,0.000408087881248447,-0.000702843002405431,-0.00240071666373815,-0.0023756672564929,0.0028033021533778,-0.00332184013875907,-0.000996922440273817,-0.00223276662778173,-0.00113325641155245,-0.00699760462033626,0.000402904002961594,-0.00338519079888122,-0.00147359090807199,-0.000639405723318887,0.000269525468042699,0.00219866922828962,-0.00194279964565343,-0.00394730359587832,-0.0044067519214137,0.000268710034904888,0.000702811240191134,0.00291168643837873,0.00137945363668703,-0.000678703679268695,0.00432394401859743,-0.00215292695458168,0.00370168534338826,-0.00534349388609548,-0.00127912670990479,-0.00825421182527821,-0.00279551457814464,0.00133042697301109,0.00482835990552016,-0.000789018302869018,-0.00141190980829143,0.00440628204671095,-0.00381420857804158,-0.00109559752876355,-0.00148125985428321,-0.00449212543937575,-0.00541500219453707,0.00311582111464566
-0.0778251515700001,-0.107646039179097,0.110531319799589,0.0968416253995239,0.105083125407587,0.0930795268431236,-0.0531069892854765,-0.0555122599549911,0.126416501519819,-0.00461987911533539,-0.0497934105378792,-0.0152685754299843,-0.0436245274575304,-0.0433278950310627,-0.0362076108537869,0.12029969786236,0.121913938628492,0.106650240892944,0.127918761168874,0.00914194947691209,0.112762015095737,0.106434483092447,0.1156888822844,0.119274904788931,0.120626319050606,0.109345378442809,0.12310487855787,0.0808676972853846,0.106058789590761,0.106175993193007,0.107574433155633,0.102814060175371,0.0952670155260612,-0.00086841331322333,0.000190502899255347,-0.00120327208910598,-0.000715923758916024,-0.000870755158821782,-0.00162680711908247,0.00139783474699111,0.000457303732159145,-0.000443682099364633,0.000269517776633763,-0.00128999564247544,-0.000171398372389721,-0.000126245704574968,0.000841166494251534,0.00343723957116941,-0.000231783712378558,-0.0018792573025315,-0.000820950403562958,-0.000525440227587332,-0.00487332844587986,0.000162974579626082,-0.00232594934601498,0.00160284808344043,0.00269314163069933,7.69136645901546e-05,0.000639485844285765,-0.000850625003844626,0.00334892859474251,0.000126894511755464,0.00170686743769293,-0.000470544749984634,0.0006876463074618,-0.000370019177621079,0.00236325765698393,0.00403179905738278,-0.00196885722030114,0.00302326631922421,0.000944265766026821,0.00302882362849952,-0.00401140730457423,-6.09135249873648e-05,-0.000424669368139244,-0.00388028617854927,0.00277018999777319,0.000795673913178775,0.00233137638031625,0.000460976543110796,0.000950275019419794,0.00101803015289012,-0.00250757473401465,-0.00281766845020956,-0.00494102482825265,0.00497554036742657,0.00198341261121834,-0.000876080691187069,0.00747184775786336,0.00306361151501367,-0.00174963541741568,0.00364336658642748,-0.00125556554781991,-0.00212230804013549,0.0033515891089828,0.000658687132031053,-0.0019269873162939,0.00343996648949362,0.00581607150525966,-0.000416164271662257
-0.070184165129858,-0.0974003037938541,0.0968416253995239,0.0878873715308009,0.0941439585104095,0.0828571497897339,-0.046184278551021,-0.0477663289547336,0.110860981874118,-0.0055657964990942,-0.0436651862889941,-0.0145638877860774,-0.0409483497452811,-0.0378130853830067,-0.0322869961295324,0.107177273433885,0.109183185011387,0.0949142095329198,0.114468951204269,0.0099396626941832,0.0993536682340295,0.0946288479573955,0.102915342019816,0.10644874822728,0.108787755519047,0.0987479941058151,0.108984113999085,0.0718728866450668,0.0945022977868385,0.0958052675509085,0.0962330889558645,0.0938052000039837,0.0848957406011242,0.000270449413334559,-0.000127794252647189,-0.00089160295457382,-0.00272926561750447,-0.00106182513005091,-0.000683470480354087,-0.000277368083007808,-0.00140120657704131,-0.00194596274126261,-0.00126846653189177,-0.000813341375177443,-0.00215998828268232,-0.000464671593284156,-0.00399386786926757,0.00238153392059082,0.0028238869398526,-0.00137326567051408,0.000709427251338832,0.000938362474852372,-0.00395289665120979,0.00314610005507707,-0.00100342002328371,0.00197543165452838,0.000462170042075738,0.000562745261120416,-0.00114338095326922,-0.000714726639570398,0.00379631012943368,0.000678554200820373,0.00208621574148042,0.000117347731904119,0.000610632637307915,0.000381962712632176,0.00296182243984295,0.00437499968522956,0.00061016356098884,0.00403488788720271,0.00196314038865135,0.00392043395509158,-0.00124055767546825,-0.00224572800243715,-0.00253080280139153,-0.00182890223161519,0.00246058460341006,0.000403160604766525,0.00216820310877046,0.000531605158611175,-0.000786528131068578,0.00243047143525935,-0.001692213810127,0.000356184233711408,-0.00295599467979137,0.00489739353539646,0.00132902966143561,0.00190929381982322,0.0067063283625713,0.0013762315421569,-0.00422210976249042,0.0054564831624475,-5.33621598067523e-06,-0.00121259272418032,0.0045590495691161,0.00150229213983331,-0.00124492660694775,0.00382047501815865,0.00635415868967144,-0.000411131193321795
-0.0783656012985374,-0.108722804423552,0.105083125407587,0.0941439585104095,0.106703923199673,0.0941945680345348,-0.0559485947438312,-0.0505082733362428,0.124274761333149,-0.00736206423810743,-0.0462705774799932,-0.0129101572456963,-0.0443058597852379,-0.0432419365112662,-0.0339419606770398,0.118387798261318,0.120374644343274,0.104241674927081,0.125160861776062,0.0125683164123845,0.109440134403853,0.105461313290555,0.112793022198144,0.118213903876951,0.119572381890638,0.107023754733249,0.120342228467652,0.0804752827009902,0.104530795883271,0.10578497242099,0.105533201202494,0.102379930665021,0.094422606104159,-0.000621782939726138,0.0024253244065446,-0.00241336837686496,-0.00107714965222074,-0.00173067473425515,0.000170080475755636,-0.000255805529786949,0.000626021695486065,-0.000601378209241075,0.00150043857739421,-0.000384705384961937,-0.00185360881088541,-0.000156315098080015,-0.00418839316808255,0.000879136203901099,0.00198217547605627,-0.00440025053083261,0.00134208118527364,-0.000345931353744467,-0.00112067625388037,-0.000698048512376472,-0.000366594579556667,-0.00012371937633417,0.00311999676468598,0.00164871891372871,0.0012816920570037,0.000691528274404624,0.00477085433875072,0.00373432138168126,0.000653078472204342,0.0015439926466811,0.00235983577383019,-0.000837859387930686,0.000210283972281571,0.00422334127158437,-0.00299377259487035,0.00232140474303318,0.00154765843954862,0.0025575092027088,-0.000133413350962413,-0.00333484706376772,-0.00053085889919098,-0.000454667770636173,0.00469061970561459,0.000825469684057345,0.000909071283755735,-0.000954542530089391,-0.000663409620770128,-0.000795878031991769,-0.00254223369231816,0.000546344978307446,-0.00255414728673676,0.00625130612597125,0.00161554212488838,0.00730493697481165,0.00355248089332522,-0.00134601505730915,-0.00336030072308255,-0.000487423891528974,0.00155328027194,-0.00390256373005881,0.00160284112820277,0.00366866514263944,-0.00085804480126323,0.000297579063079417,0.00550554387453657,-0.000979217584922232
-0.0697938884024542,-0.0977272304803978,0.0930795268431236,0.0828571497897339,0.0941945680345348,0.0863021254628692,-0.0507167990414464,-0.0465233010564363,0.111407359023985,-0.00575287436172372,-0.0424529413629117,-0.010676120687552,-0.0376036580322471,-0.0390500040292589,-0.0326263439040617,0.106245450357549,0.107325631210198,0.0929652003558198,0.112489381510505,0.0143241814993017,0.0990750961989405,0.0937220620777814,0.0995091228340473,0.105525561356708,0.105094840883946,0.094619196628058,0.108427773530213,0.0729421292411875,0.0906783337854886,0.0941592404185716,0.0945823941832119,0.0911328222760613,0.0833728330680076,-0.000459972086254561,0.00121363734638363,-0.00369941426251399,-0.00142211974334645,-0.0017568821306708,0.00200094541617942,-0.000900131934779703,-0.000544316687981047,-0.00283303503685081,-0.000306986970185535,0.00102349395377999,-0.00143066023639059,0.000778996512376758,0.000762602052053503,0.000308833856373347,0.000144818928024963,-0.000748714092109378,0.000149677390383472,-0.00226878425260279,0.000600002618650377,-0.00259212436359638,-0.000623417127540351,0.00270235805682104,0.000938636017067774,0.00144259101006572,0.00153748026641289,6.3297793277782e-06,0.00294832853598587,0.00269454644783076,-0.000978362654267897,-0.000166483356211648,-0.000539125545417673,-0.000307401093862881,0.00174545071045492,0.0063939661501245,-0.000151607591442415,0.00309819998960933,0.00287979425090305,0.00303673188522055,0.000909644608014009,-0.00148571234708093,0.00212902609863547,-0.00175515628990316,0.00521767032271858,0.000368538209984665,0.000475343692784637,-0.000510301036282948,0.0014221630218986,-0.00138815667743882,-0.00179947830140305,-0.000268771847347034,-0.00077536726708426,0.00306458459293731,0.001369957820284,0.00790077141243649,0.000693306438565406,-0.00307742465288667,-0.00345967789626659,-0.0024885895709937,0.0022154266983501,-0.00406742546029931,0.00131009278809787,0.00268425872883637,0.000723779893198284,0.000503855882949596,0.00246783546254456,-0.000134414672323251
0.0426700125998453,0.0568407968261749,-0.0531069892854765,-0.046184278551021,-0.0559485947438312,-0.0507167990414464,0.040193571355391,0.0314004812422255,-0.0701740141423198,0.00777649341914723,0.0285156574662417,0.00684112378749743,0.0261995309934845,0.0243207576712508,0.0216462418227084,-0.066596638511601,-0.0691804745156328,-0.059016610914077,-0.0705263677911895,-0.00550603183693098,-0.0666499026185578,-0.0581889716565014,-0.0652204705411806,-0.0682237502418816,-0.0684140874453242,-0.0579363406093619,-0.0713597803181295,-0.0482277861114246,-0.0592429817589071,-0.057170819227341,-0.0613665112087716,-0.0563502692666722,-0.0551349308307442,0.00163614237019122,-0.000557774042741379,0.000382821748061738,-0.00044665387537404,0.00121390515278537,-0.00130777463099529,0.00188124812169622,-0.00242122527062633,0.000419227223129602,0.00063919884572403,-0.00209538669338,-0.00244210121811945,-0.00105626663478147,-0.000490341265169465,0.00370486699856705,-0.000930747173183334,0.00210913789972616,-0.002010806380719,0.000155760425789586,-0.0054611493990632,0.00271619214219024,-0.000204496264751904,0.00039086792828083,-0.00372811771003008,-0.00223737936057608,-0.00158901330171512,-0.00136418704807882,-0.00198091647728993,-0.00302857318752667,0.00257834794296955,0.000899856651659159,-0.00283638612561923,0.00308550265754941,0.00100883275690618,0.000984143022446585,0.00361829309602904,0.00141683518132822,-0.00340939091353644,0.00328503268468446,-0.00218343906900912,-0.00329596228467733,-0.00203961110403104,-0.000725590002499108,0.00515399782053736,-0.000652188433386685,0.000856581844152011,-0.000369710946821288,0.00172270101354875,0.00402546503970087,0.0010422588047883,-0.000507836368550358,0.000280503177478098,0.000124545384336473,-0.00171063088910495,-0.00809074330139237,0.00245165040493536,0.00291513855424283,-0.00107895127237404,0.00467824384778132,-0.00135445252607523,5.40710330573439e-05,0.00156635899632726,-0.0029193132256292,-0.00192532018512716,0.00273751399050468,0.0013976999792813,-0.000417574335596588
0.0401828662966306,0.051509172413359,-0.0555122599549911,-0.0477663289547336,-0.0505082733362428,-0.0465233010564363,0.0314004812422255,0.0384105764562352,-0.0662734605252429,0.0034979130498143,0.0342350681425738,0.0107724058018089,0.0239247791624444,0.0211241582973415,0.0246734587848799,-0.0657680299297028,-0.0680483195337629,-0.0578144822856658,-0.070708024766494,-0.00659599809981661,-0.0646031336364285,-0.0588795669560632,-0.060745382715268,-0.0648747013589681,-0.0653331893790117,-0.057852361257366,-0.0676238912797687,-0.0464383278914174,-0.0574427393972737,-0.0538413340147652,-0.0619974538817912,-0.0564112546290462,-0.0519805012532642,8.20702099901717e-05,-1.12792612616387e-05,0.00196687038282285,-0.00308754665023143,-0.00234674384396769,-0.00103393805750385,-0.000134568905480062,-3.97540282938558e-05,0.000671605628210121,0.00427673083947283,-0.00151372942414013,0.00194725450839274,-0.0025162030065143,-0.00390841498633032,-0.000640776627744737,-0.000218798554489997,-0.00201945766907408,-0.000781717604601408,-0.00232713093175891,2.91528256764032e-05,0.000151961890373253,-0.00248240175244101,-0.0034930374019369,-0.000654355623976941,-0.000808415104658202,0.000354696930918925,0.000688324234875754,-0.00163042010327453,0.00100496255773192,0.000202462523738903,0.0033396899927223,-0.00119370059645637,0.00038542466715408,0.000913120706698217,0.00389193018823025,0.000985178627721328,-0.000119790068316939,0.000873083261210675,-0.0016979687358422,0.00484222817165117,-0.00326601889281958,0.00288265280248684,0.00626146194254211,0.00331447107623301,-4.10828186701787e-05,0.000285110762194242,-0.00290627046404395,-0.00016192313654801,0.000890297981574007,8.89698730152385e-05,0.00180487028268686,-0.000952012271525878,0.000305136131548873,-0.00198771419992027,0.00237842323964427,0.0011228388826761,0.000846330748211883,-0.000828633578079602,-0.00102889323313495,0.00192219957422961,-1.79220239555794e-05,-0.00230863294162023,0.000521535543671473,-0.00148019066914972,-0.00060355530559284,-0.000242258172414139,0.000511960304026993
-0.0946639264132482,-0.126718571143137,0.126416501519819,0.110860981874118,0.124274761333149,0.111407359023985,-0.0701740141423198,-0.0662734605252429,0.152934762223457,-0.00780120708125999,-0.057741798045603,-0.0160508463479211,-0.0502469717831895,-0.048940904242196,-0.043359575322294,0.141078703592929,0.144201108044645,0.12584419537678,0.150929411265387,0.01173776191249,0.136160204625607,0.125995942481049,0.137721588282455,0.141772576662409,0.143414448716662,0.128349282409773,0.147577944077259,0.099942968773528,0.124842957445174,0.12327035371299,0.129620151016009,0.122228632625846,0.112392815917434,-0.00227516999207837,0.000259839220574956,-0.00248782316030077,-0.00015581032371865,-0.00147548198688936,-0.000626872726336815,-0.00231133915200293,0.00202818404276697,-2.98903489982665e-05,-7.99135747401851e-05,0.000422285471080529,-0.00214235785481261,0.00197874327679474,0.00107500506806969,0.00122856685112622,0.000496604933631644,-0.00278154228487971,0.00289490856093431,0.000585754858544337,0.000486683531619325,-0.000259632516661219,-0.000388983718714663,-0.00020190728992853,0.0053487911096135,0.00253152843444156,0.00216744635296525,0.000116255936067223,0.00515489222779962,0.00340563602628072,-0.000245572120453084,-0.00218856232136016,0.0032309781253023,-0.00247262048262615,0.00376797928837593,0.00539588958957701,-0.0032648286343868,0.00298195035068712,0.00433904872548691,0.00100139440167764,-0.0010939025959936,0.00378810394643929,0.000327201473888371,-0.0030763260926969,-0.000177287229134754,0.00127961089612508,0.000470424829697335,0.0011782589409413,-0.00235723916421764,-0.00132399129685923,-0.00155644908602593,-0.00180157406844408,-0.00373678610870382,0.00349068931400902,0.00365383409524838,0.00631183573923749,0.0045310114605059,-0.000679657177819203,-0.00134236984794798,0.000419501946143273,0.000629427259748647,-0.00216015931353048,0.00335007041956153,0.00386135982906269,-0.000230219131237813,0.000924784380996014,0.00411891278425546,0.000284180225871651
0.00581141683207359,0.00751636238562514,-0.00461987911533539,-0.0055657964990942,-0.00736206423810743,-0.00575287436172372,0.00777649341914723,0.0034979130498143,-0.00780120708125999,0.00634628269714503,0.00672519301570868,0.00350303151132802,0.0059302384754971,0.00614069783658499,0.00547338308811054,-0.011304601043635,-0.01091399811623,-0.00955183281367193,-0.0130552208135658,0.00109075266670605,-0.0118074640577076,-0.0082282143197643,-0.0101773354368317,-0.0146616929280252,-0.0143617358861458,-0.0106725939198414,-0.0130157427210638,-0.00742543833264305,-0.0104505472090328,-0.0118346509467978,-0.0103598940452392,-0.0103860061112405,-0.0109544370560529,-0.00171586713436792,0.00105837615862111,-0.00115565745707952,0.00144548553449216,0.00143629180599728,0.000743107171246377,0.00111257981851591,-0.000950517067740032,0.00111056018837157,-0.00156201462839412,-0.000524989990106899,-0.000654763440394821,-0.000167657856428473,0.00415400578167403,0.00187493051884378,-0.000674422464043621,0.00158968957723515,-0.000234452272837227,-0.000630961407227773,-0.00190380322982612,0.00141728749023225,-0.001008136477701,0.00274357667310438,0.00117579153401088,-9.55065869359723e-06,0.000409591382618569,-0.0016577746638235,-0.000826356916382125,-0.000184065797615512,-0.00111966150263295,-0.000390459004628248,0.000624417095812324,-0.00112238313787682,-5.57006739194196e-05,0.000836910507012295,-0.000212244810814417,-0.000670986808444572,-0.00145523240887724,0.000887436641003586,-0.00333050931889151,0.00193936920373135,0.00207260082901083,-0.00401686872934262,0.00265191747754361,8.50633822322654e-05,-5.83329080927643e-05,-0.000978435554651425,0.00105924559924964,0.00120515456716818,0.000303433671340783,-0.00292355222082631,-0.00182190806648122,0.000434118437206777,-0.000268464449219795,-0.00292793684101938,0.00110590338945072,-7.5357676676469e-05,-0.0022146980076283,0.000473634770924948,-0.000629547407766716,-0.00157676677251522,0.000777646036499262,-0.0027712190038224,-0.000578813857730548,0.00239348175781624,0.000605152950786951,-0.00141281885936333
0.0348495399892283,0.0491000059429182,-0.0497934105378792,-0.0436651862889941,-0.0462705774799932,-0.0424529413629117,0.0285156574662417,0.0342350681425738,-0.057741798045603,0.00672519301570868,0.035755601298176,0.0129731225036398,0.0224424689933582,0.023959281019925,0.0244307511646322,-0.0627973063463587,-0.0631345259254191,-0.0533029286240055,-0.0680771141515095,-0.00464673200312541,-0.0596967403315967,-0.054312964419821,-0.0560901861431325,-0.0638675802065088,-0.0635920556776194,-0.0556946966552933,-0.0638100682064817,-0.0429248818428181,-0.053969548323955,-0.0532717591701366,-0.0565983486298135,-0.0537102367423351,-0.0506480533439074,-0.00124291988694661,0.00193013178237809,0.00179866842426022,-0.000957164628356211,-0.00164891653819896,-0.00127578179775366,-0.00281265809417071,0.000991309366275294,0.00481770576025209,0.0034913583764241,-0.000461144250992742,-1.23972324766126e-05,-0.00178350150343926,-0.000776321590063987,0.000670037211881815,0.00155470920831315,-0.00277449121682121,0.00112553017189916,-0.000161342699807506,-0.000642412601235029,0.00438820046627371,-0.00145234520271631,-0.00218123561649674,0.00309788369177574,0.00270209155551242,-0.000495736111782033,0.000193176106922435,-0.000431313395032018,0.00170428333116954,-0.00109063682243516,0.002677087142789,0.00334844529337155,-0.00221497436019918,0.00295160788080052,0.00382714510241852,0.000180473258464047,-0.000844898725645117,0.00266176361973507,-0.0022252929532865,0.0042358518544558,0.00155552978549144,0.0033439404662862,0.00358521798023339,0.00240212416083408,0.000239414364757045,0.000967622616434341,-0.00168330461287618,-0.000680126883034998,0.000833639482984558,0.00282420053392664,-0.00166595289916733,-0.00169363477516107,0.00064387091436889,-0.00149701400593863,0.00200076097074594,0.00097135808199227,-0.000421142118275182,-0.00258823311668901,-0.00169629124695444,0.00152803489492409,0.000411070133057578,-0.00257335202637226,-0.000127827303159713,-0.00278506654071483,-0.000594054844829447,-0.00094993477982798,-0.000161134267118022
0.0105515470973183,0.0142878373626608,-0.0152685754299843,-0.0145638877860774,-0.0129101572456963,-0.010676120687552,0.00684112378749743,0.0107724058018089,-0.0160508463479211,0.00350303151132802,0.0129731225036398,0.00956361882618673,0.00890805343301054,0.00663204840356191,0.00951350948298243,-0.0207275483479402,-0.0203537201744414,-0.0165445720716231,-0.0220272502861121,0.000552467452636003,-0.0184414565079741,-0.0172041030455612,-0.0200277165979792,-0.0215247635896438,-0.0228663227208782,-0.0201504139412462,-0.0210992107227433,-0.0132950427716681,-0.018800737409755,-0.0180990313590536,-0.0169487040337061,-0.0193466156591891,-0.0156125744317178,0.00106995035617447,0.000913757428876268,-0.00143737430278307,0.00117550785574052,-0.00158550405969055,-0.0010455870394721,-0.00182065493351671,0.0016279776262486,0.000798065193873489,-0.000490488005696007,0.00464192545792918,0.00276262542622822,-0.000590693765339967,0.00288005751742557,0.00114225312242031,0.00133099964899882,-0.00105631114466918,-0.0019315373390675,-0.00053030654517414,-0.000781818845056969,0.000812780997751473,0.00176244695541532,0.0010829444678865,0.00291090968136465,0.00714195431846682,-0.00164633775711051,0.000460574425731861,-0.001079403359345,0.0029252410349637,-0.00207388568322664,-0.000103271538452905,0.00314885031968727,-0.00319626306666122,-0.000396452874261215,0.00190542199656574,-0.00212488063031939,0.000433684553623221,0.00117993279669437,-0.00313182089440385,0.00112627369648016,-0.00063568005935629,0.00222162651355855,0.000792742284890749,0.00352772748250202,-9.88181588836658e-06,0.000522081608051101,-0.000133298980445845,0.00124159629233748,-0.00115399824283836,-0.00135728777264299,-0.00143828970909568,-0.00215726260774575,0.000678008433972389,0.000683425934140254,0.00212214949524123,2.80303229925717e-05,-0.000158066661812639,-0.000370373487077971,-0.00307076119270164,0.000973010027057628,-0.000970107315418812,-0.000756261005950989,0.0022623015020642,0.00200471179522868,-0.00178467462398799,-0.00107545306769798,0.00246025292143418
0.0336701026187824,0.0437102834052009,-0.0436245274575304,-0.0409483497452811,-0.0443058597852379,-0.0376036580322471,0.0261995309934845,0.0239247791624444,-0.0502469717831895,0.0059302384754971,0.0224424689933582,0.00890805343301054,0.0325484496495739,0.0209650683521647,0.0180819048103579,-0.0570217117906896,-0.0608775927671185,-0.0494124942496729,-0.0578286531445881,-0.00767979430955123,-0.0526003847749699,-0.0494429213319646,-0.0535284958113568,-0.054265792418377,-0.0552627893820146,-0.0467777652768504,-0.0575664237384407,-0.0317359380626247,-0.0514675189009781,-0.0502407240632451,-0.047623889879555,-0.0464560157352526,-0.0481097423869522,0.000121820981104108,-0.00374823034637232,-0.00203159683908469,0.000811943920200108,-0.000188636468379306,-0.00243760522777657,0.00180671610040796,0.000321071093515288,-0.00290150972694847,-0.000793175974169017,0.00150351189959945,-0.00330867790157565,0.00295649791210144,0.00209268422843535,0.000475032080181106,-0.00479637221215321,0.00198702032688083,0.00122505302760462,0.000113747521275506,-0.000910680497333465,-0.00514250878658617,0.00311516540704134,-0.00182582249069812,0.000368132940744759,0.00109655775459437,0.00247165691254382,0.00228830843010248,0.000197818712495028,0.00064974493775406,-0.000304102435645765,-0.00057624725992383,0.00107146447409076,0.00283482642975765,0.00218807061712509,0.00457802854535662,-0.000203474736721063,0.00387390308387283,-0.00181794004055069,-0.000838130316103151,-0.00269677690071675,0.00229185786153877,-0.000654302238698075,0.000699734248012151,0.00523988914174254,-0.000253523640276047,-0.00284489193424944,9.24621880676585e-05,-4.10694245168307e-06,-0.00108698693493275,-0.00380065527436391,-0.000338782209831059,0.00038835129618857,-0.00189564978367648,0.000830130870998605,-0.00236749392570621,0.000495502483480066,0.00146790811266176,0.00379262398124204,0.000685868669547468,-0.000811967732157099,-0.00209156960881386,0.0030924948710555,0.000803218082048198,0.00232574342424579,-0.00125028076273495,0.000184016183104329,0.000614659071544801
0.0299420169084582,0.0459734187490196,-0.0433278950310627,-0.0378130853830067,-0.0432419365112662,-0.0390500040292589,0.0243207576712508,0.0211241582973415,-0.048940904242196,0.00614069783658499,0.023959281019925,0.00663204840356191,0.0209650683521647,0.0259691276551849,0.0171991162810366,-0.0535150454840505,-0.0526532902746547,-0.0454657410721395,-0.0568144947005652,-0.00395913358621165,-0.0491753223339241,-0.0444865250850162,-0.0480178970351317,-0.0543977363002855,-0.0520708451658735,-0.0455263780649244,-0.0549269893853037,-0.0320701682576299,-0.0451633850452953,-0.0495588487199516,-0.0439447279810667,-0.0420855101371029,-0.0450278228537547,-0.000704816005591306,-3.6816853516731e-05,0.00233566104411732,0.000249692649376105,0.0044617072298404,0.00271543593083927,-0.00114673778292926,-0.00357936336642688,0.00064319780974926,-0.00111091910279961,-0.00290585426796019,-0.00557324822199609,-0.00134526985938471,-0.00103896065140745,-0.00135376230657765,-0.000576200652238103,-0.000624924662281688,0.00289856934265362,0.00209409175924825,-0.000994769105904236,0.00458861515090637,0.00119837443229042,-0.00129864052879237,0.000608708898101489,0.000841844832891521,-0.00208592269467029,-0.00107704555445191,0.000378248724102601,-0.00122554761456858,-0.00215037859552754,-0.00140300135190935,0.00454947650349379,-0.00247663227951684,0.00206233291435845,-0.00156457726390685,0.000668097847147375,-0.000223565187706755,0.000223062795540834,0.000891125734575298,-0.000622973115374354,0.0056378914283514,-0.00258653419577291,-0.00316962796485674,-0.00151850768577462,-7.427790735702e-05,-0.00108567982766734,0.0008694100405011,-0.00244161679422224,0.000150527774120704,0.00226605196133554,-0.00100241473297011,0.00266030143038419,-0.000769333514460056,-0.00114258008154755,-0.000742826953959397,-0.00117126657869483,-0.00249541977504521,-0.00206784610830794,0.00173047940452556,-0.000753172609608462,0.000844354066447082,0.000897604104583354,-0.00189006323573579,-0.00130345000424155,-0.000902769637978733,-9.83796270878015e-05,-0.0022590843298596
0.0278669648924801,0.0365493116611731,-0.0362076108537869,-0.0322869961295324,-0.0339419606770398,-0.0326263439040617,0.0216462418227084,0.0246734587848799,-0.043359575322294,0.00547338308811054,0.0244307511646322,0.00951350948298243,0.0180819048103579,0.0171991162810366,0.0219113205855679,-0.0481398808298376,-0.0478413286381604,-0.0411467755345779,-0.0512852990973584,-0.00704876587996083,-0.046353007436607,-0.039589870547765,-0.0415848582220601,-0.0489817825066591,-0.0476237089227101,-0.041270856760887,-0.0496215628586006,-0.0317417807876993,-0.0394206281444264,-0.0421174879077594,-0.0433785530002993,-0.0408372475586891,-0.0361864790369011,-0.00264302096781854,0.000566157447991866,-0.000117930554903612,0.000394577943389004,-4.97612560623197e-05,0.000170059986422392,-9.29159365295561e-05,0.00110108157630698,0.000653888280656393,-0.000827790603847913,-0.000525010682796172,0.00143571683150736,-0.000831837897169873,-0.00176251098346813,-0.00164989486058013,0.00192468372041803,-0.00273093386714985,0.000715482284942004,0.000741904583339186,-0.00171067614372904,0.00205819819883583,0.00066278443415267,-0.00227808983900203,0.00394954190063121,0.0016055851603196,0.00335787746020278,0.000790094428503436,0.00123141262283729,0.00462832992372057,0.00263648085970254,0.000454448128161346,0.00158756136347063,-0.00284174542764572,-0.00345958603108691,-0.000523045231367786,-0.00351583888350516,-0.00122357763153292,-0.00200973299569871,-0.00116990628798581,-0.000301035046331079,-0.00211080996149957,0.00102097322995339,-0.000880476275785831,0.00159474301312807,2.56837111496078e-06,-0.00113997485498854,-0.00303063002859612,-0.00169751594822412,0.000229444576837877,-0.00363345515199524,0.000861736243731788,-0.00391177126209739,0.000603669956816228,-0.00086336145894911,-5.16985947552397e-05,0.00463094435313114,0.00127920633704491,-0.00104476628950422,0.00197003426981472,0.000229610769348503,-0.000727297852414431,0.00100691460054977,0.000654072656899045,0.000664148121069554,-0.000379674635827045,0.00244761808550203,0.00140380518571323
-0.08849387445879,-0.122382189139799,0.12029969786236,0.107177273433885,0.118387798261318,0.106245450357549,-0.066596638511601,-0.0657680299297028,0.141078703592929,-0.011304601043635,-0.0627973063463587,-0.0207275483479402,-0.0570217117906896,-0.0535150454840505,-0.0481398808298376,0.143999758818885,0.146237192341338,0.124874565317936,0.151367640185683,0.015810408387037,0.134202325492207,0.124779853676639,0.133663968108968,0.143097725723661,0.143223149942835,0.126207379608113,0.146458409223265,0.0943994008885664,0.124961400355195,0.126891601222348,0.126561383293462,0.121643814207362,0.114235163585457,1.17624141154054e-06,0.00256506073283911,-0.00186290476204252,2.09056073237252e-05,-0.00167664359567419,0.000246216955783348,0.000818564830668375,0.00088857254180442,3.82574862861546e-05,0.000187957080568003,0.000271074981058575,0.000244717065430721,0.00108655615389701,-0.000868811601999655,0.00104976938198618,0.0017132291405895,-0.000653591230600089,0.000236540842722595,-0.000522230994727349,0.00106292503563202,-0.00242352728886775,-0.00154678436444608,0.00387712596279319,0.000120483626810115,-0.00188096215843991,0.000133452609479204,-4.10617400727503e-05,0.00298528326327967,-0.000565400685421581,-0.000195007152733241,0.00149987200297162,-0.000532609442805362,0.00181626088743182,0.000552775304726303,0.000902813731729689,2.21319179088765e-05,0.000796798023161135,0.00221905140545093,0.00208525721239963,-0.00154309314051962,-0.00216328574671173,-0.00028079784357598,-0.00111648915609439,-0.000592764567666564,0.00147112209132965,0.00264936783974236,0.00169339529603542,0.00158388473177771,-5.18495731235238e-05,0.000634371672883905,5.26627518975974e-05,0.000124437845069227,0.00422257627526276,0.00217957380785882,0.0042625345800277,-0.000163995772049408,-0.000824223471932026,-0.00163790492444851,-0.00129452092306039,0.00114614011762581,-0.00137305415875125,-5.78592742806134e-05,0.00117568783622256,-0.000880495606445014,0.00225657691460059,0.00247219251078872,-0.00195236309372069
-0.0908725098569156,-0.123689611054712,0.121913938628492,0.109183185011387,0.120374644343274,0.107325631210198,-0.0691804745156328,-0.0680483195337629,0.144201108044645,-0.01091399811623,-0.0631345259254191,-0.0203537201744414,-0.0608775927671185,-0.0526532902746547,-0.0478413286381604,0.146237192341338,0.150776532030981,0.127517258907708,0.153597718414528,0.0166499631791166,0.137247981491526,0.128178314489147,0.137301591129052,0.144063322502412,0.145443560314658,0.127648263531942,0.149084960962565,0.0962725789268007,0.128432574692357,0.12736203079109,0.129673526767282,0.12385793185397,0.117384358555166,-0.0004500954118114,0.00299543534003803,-0.00140946807364347,0.000191768878132948,-0.000284799078122012,0.00169243374864606,-0.000215884067520865,6.95239270989246e-05,0.000147120649828685,-0.00159549984234717,0.000419786882145513,0.00102983761885271,-0.000110580494783184,-0.00117680699290176,0.000683382655035007,0.00364490101497618,-0.000674449407470733,0.000640062700622653,0.000121876654130137,0.00209393563961812,0.000900173149015379,-0.00172344394965459,0.00424627129246044,0.000674114442591574,-0.000596930294464344,-0.0014353904614304,-0.00160392677181667,0.00219900554669748,0.00030933614373618,-0.00136457244491305,-0.000131404651007744,0.00049966976294552,-0.00129522308892244,-0.00105612859015769,-0.00168402384412511,-0.00111908561348863,-0.000981409589442165,0.0021694685586692,0.00128338951592561,-0.0014758920865162,-0.00119569859699083,-0.000418146883656198,-0.00261833873978907,-0.00344100728356036,0.00128456702964832,0.00211343244432952,0.00127351350389431,-0.000536542420964222,0.000372329096762993,0.00116959291892711,0.000442096092290884,-0.000836747729011881,0.00412565759645627,0.00231327980139381,0.00518476676799933,-0.000154481514732302,-0.00196982919628254,-0.00327201062061833,-0.000700624303967293,0.00107791453558562,-0.000687112715030519,0.000437571542506316,0.00101241319086346,-0.000158093387232398,0.00273171159020344,0.00252839578942143,-0.0018630691338374
-0.0787134059342116,-0.107019283322293,0.106650240892944,0.0949142095329198,0.104241674927081,0.0929652003558198,-0.059016610914077,-0.0578144822856658,0.12584419537678,-0.00955183281367193,-0.0533029286240055,-0.0165445720716231,-0.0494124942496729,-0.0454657410721395,-0.0411467755345779,0.124874565317936,0.127517258907708,0.110370512202333,0.132622428831726,0.011803430977423,0.11884067898114,0.108316935216986,0.117878101524597,0.125056236240082,0.125622317943169,0.111014416105439,0.12871864124225,0.0831418026360145,0.109413192690581,0.110364273062714,0.112329909116632,0.106268886884914,0.10007460343548,0.000988712227030188,0.00084280038794952,-0.0003055290251289,-0.000925547763898353,-0.00198111614240421,-0.00130630516779934,-0.00094394211188604,0.00127212580645533,0.000226871858716722,-0.000270704313610707,0.00170438772922043,0.000948371833979726,0.000355843349432984,-0.000737181752457757,0.00145410484012197,0.00249799211525073,-0.00163911470284279,-8.60468222412469e-05,0.000773121642880854,-0.00107815671985052,0.000811716336978718,-0.000848711228525688,0.00268024668636938,0.00150373859035382,0.00214614705625343,-0.00205900335643578,0.00022663085952434,0.00295620079125442,-0.000376256069675497,-0.000158297575093771,0.00032356729221801,0.00191096027111089,-0.000259159204510585,0.00168752485362599,0.000786351698100827,-0.00103669147967026,0.00144615789824699,0.00283909927527813,0.00147930574747601,0.000242330196824177,0.000754279851797925,-0.000841946802836349,-0.000159205839831719,-0.00130141792022184,-0.00027950902534022,0.00219975552708105,0.00149845200862058,0.000921970096066759,-0.00103881191688553,-8.57250111796531e-07,-0.00188345571390634,-0.00174748430250167,0.00357600745083633,0.00130220716408173,0.00269926633913841,0.00170836351096053,-8.30859511469477e-05,-0.00154778829604841,-9.94271735016602e-05,-0.000868924954741084,-0.000355888358788489,0.000349394016152265,0.00127557270428938,-0.00124176515091476,0.00075681881862126,0.00199018415678298,-0.000521079005370658
-0.0953189675631306,-0.130022047806661,0.127918761168874,0.114468951204269,0.125160861776062,0.112489381510505,-0.0705263677911895,-0.070708024766494,0.150929411265387,-0.0130552208135658,-0.0680771141515095,-0.0220272502861121,-0.0578286531445881,-0.0568144947005652,-0.0512852990973584,0.151367640185683,0.153597718414528,0.132622428831726,0.163127842058326,0.013996879818877,0.144083619763776,0.132157579099078,0.141492928422457,0.153116703944484,0.153003777454998,0.135890163558156,0.156776464543866,0.101871771411493,0.131772359670828,0.134174889454346,0.136221108814239,0.129992656369875,0.122497646430649,0.0022557254363832,-0.00144276649202167,-0.00284427343116587,-0.00192118576811918,-0.00220251120647312,-0.00119612200499779,-0.00109061383721998,0.000780457056681897,-0.00318694374021061,-0.000665813747882539,0.00200607929432812,9.49079266300452e-05,0.00162252213421267,-0.000993356431095729,0.00290813254635336,0.00129391491952763,0.000926217031079239,-0.000660775891337025,-0.000108353707938388,0.000999925618657184,-0.00083923325034804,-0.000481765568076237,0.00134969784506048,-0.00220581954282245,0.000244978098180496,-0.00153533158314461,-0.000994026286743042,0.00186912068920738,0.000108467914415452,0.00116200928848125,-0.00272548896647155,-0.00351325162351389,0.00115137179603473,0.000523270838880643,0.00154377872205986,-0.0002824572970269,0.00247040234102189,0.00107945565486719,0.0038145841337548,0.000771441184474592,-0.00168216987262833,-0.00181192973239284,0.000148708593012631,-0.000596560449702189,-0.00161692935164218,-0.000279285906205505,0.000588428666023978,-0.000872734626863378,-0.000621883725403395,-0.000934867544660159,0.00042333989687786,-0.00176707736525142,0.00203082519050097,0.00216551051664994,0.00314573035935642,0.00124846692267363,-0.000763442046888488,-0.000540429578587032,0.000869201301122945,-0.00111405240173933,-0.00155765336663708,0.00276571033775394,0.00284839294621386,0.000728754717026174,0.00118696101225384,0.00218911221134635,0.00114162657089757
