0.059503257793093,0.0802521689834971,-0.0788394977803471,-0.0703147796535094,-0.0776390946171124,-0.0690565092568501,0.0419290364870874,0.0408699479927026,-0.0936797338490302,0.00531710467612498,0.0380832979206508,0.0112131003277142,0.0332254129585259,0.0328594176965432,0.0276474627884489,-0.0891934306811973,-0.0912804317432721,-0.0787564830930577,-0.0966742684683526,-0.00852110762280473,-0.0855506808841409,-0.0775891249041646,-0.0857151956673349,-0.0892424798671181,-0.0902695751506162,-0.0814772528884106,-0.0928140357005613,-0.0618790007433988,-0.0789498160352216,-0.0797595609587187,-0.0809069212288253,-0.0773569237777701,-0.0714451300854506,0.000407852996662579,-0.0001880272271741,0.00114023494688424,0.00153023992268283,0.00154423781390319,0.00178240563470611,0.000638873869392878,-0.00136431379687408,-0.000352128829633134,-0.000221729587067675,-0.000850334997978343,0.00146430201935944,-0.00149012526081208,0.00108514646776583,-0.003480967626338,-0.00149475870845651,-0.000169212890913409,-0.00189506047041642,-0.000514745928137734,-0.00174600762226941,-0.00102947780338135,0.000524512252765538,-0.00112945809707299,-0.000115808047799432,-0.00321592967538415,0.00328749538418369,0.00124181597951043,-0.00138729067361308,-0.000167451759282094,4.13973046992777e-05,0.00131839628381103,0.000457374466643863,0.000222118917112652,-0.000928433272713042,-0.00350354936290495,0.00136375652220207,-0.00338146567501239,-0.000674379975936501,0.000608965016751834,0.000663476739536139,0.000439647282080551,0.00173986447024578,-0.00230998661087978,-0.000444791225992154,-0.000104202013901013,0.000797026202738161,-0.00155567756045812,0.0032845017366165,-0.00127376962826743,0.00113140824963267,-0.000238484044679258,0.00241662986238035,-0.00291577467365865,-0.00260466497250533,-0.00230485488007155,-0.00261753998699203,-0.00143757137677349,0.000189222202256467,-0.00173957187793264,-0.000400444332422609,0.000432641327129312,-0.00314402407514761,-0.00236811679712925,-0.000926175901737297,-0.00235953416838407,-0.00263580629751987,-0.000672326614382713
0.0802521689834971,0.112222786221858,-0.108847903201538,-0.0978997400102436,-0.108175928784973,-0.0959076919104768,0.0565184523075103,0.0544628931330504,-0.128428158602548,0.00697185785107226,0.0491334787480258,0.0148706420056138,0.0435624890727904,0.0449361686603924,0.0359836118904037,-0.121148274470207,-0.123394933751517,-0.107297265754166,-0.13019720867874,-0.0112523617323511,-0.114497048187733,-0.104897108110753,-0.11693466963963,-0.121484986423893,-0.124094886388414,-0.111077798772848,-0.125861993793992,-0.0852700655913585,-0.106963625309959,-0.109674213285705,-0.110158583655839,-0.106646676021913,-0.0956037534112226,0.000295804718954041,0.000568141736854478,0.00205881206964949,0.00307064661900075,0.000929898603577173,7.55521515501886e-05,0.00056518786951764,0.00125537550383982,0.00375141811412333,0.00179656697810624,4.5541762759703e-05,0.00251352119901465,-6.08791330419932e-05,0.00470828451401623,-0.000850670077468469,-0.0017848776252379,0.000476628163236989,-0.00209931119003468,-0.000453873776439208,0.00162429617091878,-0.000307589509268445,0.000267177228405905,-0.00149717512461122,-0.000792868603641893,-0.00206829458134462,0.00154549462082007,-0.00013665850786356,-0.00440340865693299,-0.00169314421490492,1.33013716770269e-05,1.88586056295825e-05,-0.0024668459973717,0.000465452134403375,-0.00168911106788091,-0.00722513270714299,0.00180629183915965,-0.0040521270196709,-0.00158330662841447,0.000480562745945362,0.00152685757657677,0.0010704395549765,-0.000190183973322518,-0.0058025642221489,-0.00247452056815339,-0.000306107403587364,-0.000129400731400026,2.38396339348729e-05,0.00210135766113103,-0.000255095450317188,0.00120247023005461,-0.00117304019096091,0.00181772274626005,-0.00447651431442352,-0.00194461467444118,-0.00840915142110498,-0.000938399394520279,0.0012269401961263,0.00203499217779734,0.000869722302855481,-0.000361330703850388,0.00254988148709852,-0.00238947071549398,-0.00274258918486885,-0.000358547035018095,-0.0022620109348995,-0.00321930959060936,0.00175756789130545
-0.0788394977803471,-0.108847903201538,0.108055406355446,0.0955886424637603,0.106070359258697,0.0946181745296935,-0.055332578991959,-0.0541073479564006,0.126273906691086,-0.00582183156068869,-0.050008294053954,-0.0131087138126959,-0.0439712098054909,-0.044084082879843,-0.0364467859999542,0.120262167320455,0.122208782251178,0.10653510752639,0.128765954880675,0.0125153997732787,0.113660585910708,0.104353537713636,0.113906104502026,0.119572193575914,0.120377985840521,0.107793178833822,0.123918331116196,0.0832537525920883,0.105276301999521,0.107764964579777,0.108337415857334,0.103080200883134,0.0938750037129998,0.000805679101905215,0.000950542426166971,-0.00260480769719341,-0.00134932631955981,-0.00126151345712864,-0.00115656842827228,-0.00055674583422496,2.40255358896363e-05,-0.000974024752614531,0.000727190683317327,0.000691323666996042,-0.00048858985171864,-0.000652001975443707,-0.0005816673737295,0.0034730439436542,0.000473833352288162,0.000440500565067211,-0.000751783478046911,-0.000977909688612946,-0.00265621993560242,-0.000155591616067944,-0.00124737045005105,0.00207065848367932,-0.000996959658317633,0.00283947717086233,-0.00426211368258834,-0.000790986179555142,0.0023981964597157,-0.00060213253384428,-0.00108918945131753,5.25948976591674e-06,0.00207672389672353,-0.00108277717944419,0.00206596767127933,0.00600991060563672,-0.00208635864678077,0.00361740356163782,0.0017475515526968,0.000130001236038394,-0.00201143317206228,-0.00109355081657855,-0.000443907242836047,0.00432034637449175,0.0036424888721664,0.000690987621883335,0.00179480153587976,0.0015953061840591,0.000393746363184686,0.000140785316076205,0.00133095535365464,-0.000417777601905291,0.000123781849216508,0.00435292813782257,0.00233381121640585,0.00646727114950338,-0.00222037391806313,-0.0019524363411013,-0.00118366732055483,-0.0031249647288226,0.000162439698518288,-0.00283377713272933,0.00105172677215441,0.00240672094269671,3.92461519061085e-05,0.00184161555560069,0.00128664222611781,-0.00181037142064479
-0.0703147796535094,-0.0978997400102436,0.0955886424637603,0.0863564766791109,0.0949339674754916,0.0835346812642971,-0.0481556189537847,-0.0475215681007883,0.111181832533769,-0.00618423443712886,-0.0434827922280023,-0.0135916464342078,-0.0400790762288525,-0.0404134256522063,-0.0320832467036746,0.107248225435681,0.109219304433661,0.0944227978895102,0.114520089899935,0.0111280677176871,0.100272653752307,0.0927025075190304,0.101878294964071,0.106801809662161,0.108991059113743,0.0970227383590887,0.11030466998049,0.073606298626328,0.0947692370509429,0.097406981685293,0.0965392975397305,0.0937779374685671,0.0846823319236588,0.000593304738398076,0.00092155410449334,-0.00169089099291328,-0.00184660625519708,-0.000495008371269193,-0.000487021011032161,-0.000184742969757197,-0.00122581363097962,-0.00186098375259515,-0.000242355145763317,-0.000542486459822122,-0.00255254744850053,-0.000618494423598785,-0.00498201650983988,0.00224132514171195,0.00186313683029206,-0.00112964337801037,0.00113806714208358,0.000416752873551473,-0.00208224520676633,0.000704055426430303,-0.000288009840927106,0.000870707209495627,0.000199332200619071,0.00192008953081488,-0.00270748381865879,-0.000422518426515691,0.00329630666881352,0.000897989859425553,-0.000110720621109607,0.000887508637167866,0.00224050500379364,0.000127250645835299,0.0014658278623021,0.00574399619887668,-0.00112569911746465,0.00346861799010217,0.00109618905622349,-0.00146759479915177,-0.00240503896652754,-0.00313597261056433,-0.00110170879733703,0.00580052674239529,0.00239304994638083,0.00135570873047803,0.00148462700680149,0.00134134917855112,-0.0015215858090107,0.00162778091738937,1.05777113275973e-05,0.00208708563336595,-0.000810508884838587,0.00522707901408381,0.00233283433145526,0.00717539835995051,0.00040013848141094,-4.07024340341124e-05,-0.00102923521665609,-0.000967334687656462,0.00100369439385109,-0.0016722522572755,0.00164007899947058,0.00269732892754974,0.000237804291439444,0.00270039405108203,0.00318983271179191,-0.00139128180330516
-0.0776390946171124,-0.108175928784973,0.106070359258697,0.0949339674754916,0.10499668441699,0.0929989268505621,-0.0542439592620566,-0.0529506289317094,0.124015978601711,-0.00641878586358583,-0.0483141924727644,-0.0139860427974375,-0.0433624016917428,-0.0439930339742226,-0.0354157542839074,0.118380669206195,0.120382584867547,0.104711511389475,0.12663009337343,0.0120249497143033,0.111296782163888,0.102511807770391,0.112659218624945,0.118034395664138,0.119839183083488,0.106994754106317,0.122096140060806,0.0820298394730976,0.104164807901915,0.106959357677852,0.106841611179448,0.102901482676271,0.0929864419596805,0.000236333832604708,0.000972651072095527,-0.00265190422208834,-0.00157578130130595,-0.00135306955640374,-0.000991464698526805,-0.00077441645700975,-0.000189194352741663,-0.00145931404705739,-0.000605081448023059,0.00057040872375413,-0.00209850520744616,0.000140137153470693,-0.00365626952417056,0.00199030749320155,0.00209965053172504,-0.000534348090742377,0.00129149016338681,0.000650751937457287,-0.00257996825931376,0.000345084032781226,-4.89182549034184e-05,0.00180106132661948,0.00052577940656666,0.0024933419813871,-0.00224141091935476,0.000426871973254932,0.0042487835146765,0.00113862197910307,4.01444103529581e-05,0.00123379657644222,0.00317969825435919,4.45054038608927e-05,0.00136825606518438,0.0059549977400665,-0.00197560460192844,0.00327110300461252,0.00116837956653355,-0.000190110171279555,-0.00186984743160578,-0.00162959195177351,-0.000259151198034471,0.00584656063873519,0.00330828272783417,0.000337702635684578,0.00112402839046898,0.000575182897377419,-0.000429369940830117,8.12666544343705e-05,0.000428221521230606,0.000452929035057745,-0.000627831855011924,0.00476833820599303,0.00168570810026848,0.00757216371617833,-0.00125055107518528,-0.00188347039544631,-0.00165764033351791,-0.00260655847881063,6.97214267476471e-05,-0.00280781277332334,0.00102102525884666,0.00221684735000002,-0.000172140101308737,0.001787842328551,0.00211995320675932,-0.00216868105766138
-0.0690565092568501,-0.0959076919104768,0.0946181745296935,0.0835346812642971,0.0929989268505621,0.083475421846198,-0.0499946285369928,-0.0478878058020688,0.111871172612081,-0.0054868466704511,-0.0439379966767509,-0.0114695062334813,-0.0375757740661386,-0.038130814617617,-0.0320256564684684,0.105299383208952,0.106957625386423,0.0935644667899394,0.112984595245253,0.00992563969018019,0.100149571267132,0.091591431462501,0.10096244659073,0.105326608582103,0.106205605457045,0.0951208344280905,0.109241677082348,0.0740975156855548,0.0920186662978365,0.0939410227461364,0.0954852722184404,0.0906713791030414,0.0821308958624565,3.88912859764027e-05,-0.00028805030557126,-0.00239078074139529,-0.00175437025432166,-0.00117575899946473,-0.000258823997731809,-0.000708783668398186,-0.000250500312960507,-0.00238992637484189,-0.000560744886096989,0.000695356199787216,2.50355444360455e-06,-0.000314234926258287,-8.98026268713233e-05,0.00123036215938779,8.16854161663364e-05,0.000804108365470504,-0.000292521891417055,-0.000988429019118579,-0.00196953740346185,-0.000838108857609722,-0.00107132435374229,0.0020675440201384,-0.000463184555159705,0.00153573820620715,-0.00185249052093452,-0.000117818502479175,0.00273916991977036,8.54855466413904e-05,-0.000892015205245145,-0.00057497788965349,0.00191789017659175,-0.00132413933897029,0.00240975138774789,0.00591541359388014,-0.00169619181746897,0.00325857372379328,0.0025882977650172,0.000895985780002944,-0.00119215262774671,0.000433837405149389,0.000657802322623086,0.00249292892300792,0.00257324004009805,0.000572327774728385,0.00133365636701491,0.00070362334405871,0.000381550586635325,-0.00068608280930085,0.000389162107766557,-0.000517787304178074,-5.19338713712886e-05,0.00268444936102445,0.00191172148827563,0.00639400386931981,-0.00141265921154777,-0.00242082162626744,-0.00157631558936722,-0.00237816190857358,0.000206021464086336,-0.00266350670943909,0.00136090639437638,0.00221499057862524,0.000242341001058233,0.00127688108147497,0.00108368796194068,-0.00153864650499563
0.0419290364870874,0.0565184523075103,-0.055332578991959,-0.0481556189537847,-0.0542439592620566,-0.0499946285369928,0.036395520689769,0.0329426697494206,-0.0694986582707776,0.00669641619725342,0.0313789383859624,0.00950787518106103,0.0250673121125964,0.0232013912229541,0.0235203594552135,-0.0670627441282936,-0.0684912922723466,-0.0594112247351702,-0.0722810324749516,-0.00407057955646606,-0.0659397965653346,-0.05954913359681,-0.0658083856080635,-0.0686448943982103,-0.0685543302965354,-0.0607311171221461,-0.0710543148631534,-0.0471296325837779,-0.0583490391655522,-0.0570267404240885,-0.0611921572619324,-0.0570491435932757,-0.0543681724715796,0.00191004112754003,0.00132936859400554,0.00144888315460811,0.000707291679287179,0.00184147681149485,-0.000461817000051729,0.00151329917868591,-0.00203889528947841,0.00105263316755813,0.0018888429278272,-0.00145664116507593,-0.00160129392259561,-0.002408595014729,-0.00244874718923959,0.00282408711641604,-0.000509574079979481,-0.00102687199389553,-0.00171950696351458,-0.000317728030943622,-0.00300397364947675,0.00176899707620136,0.000521754284129133,-0.00148532151699742,-0.00098022339643228,0.00188548528667164,-0.00423723815938183,-0.00129685847302026,-0.00256893541921336,-0.00128460493138974,-0.000266954948838754,0.00148726273427504,0.000181514417834586,0.000483268054420668,-0.00136908964731326,0.000219662971023282,0.000573442676953477,-2.81596752618176e-05,-0.00340422145141682,-0.00420223474543803,-0.00211616550898029,-0.00463214993514591,-0.00147768964892068,0.00527138351679507,0.00304049060302197,0.000623674320312041,0.00047234494356592,0.000961922903651702,5.49248679274373e-05,0.0028836110864209,0.00146930451582929,0.00171373952801307,0.00102871173391296,0.00233841494656043,-0.00054880491061787,-0.00128284584133288,-0.00133238986911472,0.00230511349765279,0.00122292449540603,-0.000811318424033763,0.00040203274118799,0.000701111075962119,-0.00140104737880902,-0.000566250419147028,-0.000214453377161329,0.000782330396254405,-3.29866480746109e-05,-0.000722029735611345
0.0408699479927026,0.0544628931330504,-0.0541073479564006,-0.0475215681007883,-0.0529506289317094,-0.0478878058020688,0.0329426697494206,0.0312757331597112,-0.0656868287333704,0.00598640343804325,0.0302262518605835,0.00948598816021882,0.0260876481996976,0.0235358993349517,0.0227652495648709,-0.0655960109439781,-0.0670708018040982,-0.0576029919514848,-0.0701944854346532,-0.00565932023942697,-0.0632798169733162,-0.0578040159516277,-0.0623693500453861,-0.0661473936672303,-0.0659358740945894,-0.0582419368877665,-0.0682692488302786,-0.0441199974515123,-0.0573652766530143,-0.0565915956898516,-0.0587928508155044,-0.0553404417302627,-0.0532895280928556,0.000542369735474115,-0.000256880073895359,0.000924776476153606,0.000156101333237191,0.00120465858115593,0.000228116515320498,0.000828733305897208,-0.00166593367952898,-0.000666771320423275,-9.73922824709422e-05,-0.000750540749992138,-0.000923304157878153,-0.00128870138665067,-0.00131628138284386,9.72012881704132e-05,-0.000632231487083325,-0.000191803495636317,-0.00069851604042264,-0.00010820837187287,-0.00207131492287276,0.000667062715765292,0.000888709259390682,-0.00074505378802614,1.77247198183283e-05,0.000717103985553053,-0.000917631922563716,-5.94600827131263e-05,-0.00121876022981469,-7.10827405543612e-05,0.000124647476676706,0.000714957652110469,0.000505452631610201,0.000142039451667237,-0.000257231273366821,0.00121886868947635,0.000743573187521638,0.000252821890250829,-0.00149258313171584,-0.00282668092567528,-0.00111947158594856,-0.00214572420016481,5.49140194333782e-05,0.00282293537366653,0.00198829973690476,0.000615367857992654,9.69620409232198e-05,0.000103875906398564,8.60891413048786e-05,0.00156712332094817,0.000234988763566564,0.00124376585177533,0.000719786952412676,0.000342276453002285,-0.000557754773126652,-0.000455470066122211,-0.000366855102456186,0.0012278296960632,0.000436371027608505,-5.78127419806731e-05,0.000566068552702962,0.000506274122632601,-0.000475561990911868,-0.000266844375974017,0.000242106537694773,0.00026561932723811,-0.000159873538085287,-0.000415977052023104
-0.0936797338490302,-0.128428158602548,0.126273906691086,0.111181832533769,0.124015978601711,0.111871172612081,-0.0694986582707776,-0.0656868287333704,0.151746644071917,-0.00821079944207551,-0.0606230630275439,-0.0159610829412048,-0.0502159698311546,-0.0507720179483608,-0.043901478973754,0.14167955204503,0.144288861308929,0.126051954084361,0.153219161134302,0.012092388572101,0.13659239379011,0.123778724701894,0.137470744703079,0.142485303393388,0.143531141092234,0.129265713545785,0.148197321330017,0.100650206885046,0.124095535518467,0.125449062123451,0.129342396444897,0.122162516416281,0.111650272230741,-0.00161354624567183,-0.000950491979232933,-0.00348528613885077,-0.00215184593861065,-0.0031432045889882,-0.00162042232621508,-0.0019360736505049,0.00221375743945856,-0.00169326837870061,-0.00170244571950752,0.00248389943800657,-0.000239048941362993,0.00251189555946897,0.00115499583595471,0.00155538167671211,0.00135936186957881,0.00170458719506282,0.00214415740729208,0.000172586643133029,0.000780603071698627,-0.000827114710358284,-0.000535036052438181,0.00339898928604128,0.000787970069098149,0.00294895803607278,-0.000839420112542743,0.000401263120880024,0.00428957152830977,0.00120812061114832,-0.00011775529998238,-0.00172461668996601,0.00157840340626747,-0.00115510946542078,0.00346161033668742,0.00734562349866145,-0.00219936361990405,0.00500712912537022,0.00412282388776812,0.00165569060000265,-0.000419938284276304,0.00244128755393348,0.000358211201105751,0.000884352839385974,0.00147405285857391,0.00045300816352026,0.000240000167320036,0.00126131857846461,-0.00164155683889002,-0.000864135038908224,-0.00118055171228124,-0.0011750518892228,-0.00180586695759293,0.00209069343754104,0.00337090029214171,0.00633416082628865,0.00119815044382815,-0.00181257242293329,-0.00179230984951741,-0.000111197200598843,0.000503570285667799,-0.00242104096531344,0.00394636669477439,0.00353437151470617,0.00124304170792841,0.00202645050906073,0.00213303799297876,-0.000231674444754331
0.00531710467612498,0.00697185785107226,-0.00582183156068869,-0.00618423443712886,-0.00641878586358583,-0.0054868466704511,0.00669641619725342,0.00598640343804325,-0.00821079944207551,0.00369829228943094,0.00629959730181426,0.00451632424384983,0.00660045901953633,0.00463937700253725,0.00563868843425035,-0.0116554660530668,-0.0121737757784431,-0.00944059624203012,-0.0117445730118319,-0.000234165198858077,-0.0108650888942523,-0.0106077821962302,-0.0112599044199042,-0.0124354312889556,-0.0130766044883562,-0.0102094459682617,-0.0121793749588567,-0.00641775071098481,-0.0105614257421381,-0.00953937959086995,-0.0100365377017714,-0.0104598916624657,-0.0111124266153324,0.000668645882775458,3.11561970439407e-05,-0.000425947143708406,-1.84065866930398e-05,-0.000162710266460581,-0.0011559347294541,0.000214200436695677,0.00012412359782675,0.000464312723788581,0.000987941856571399,0.000757404272382309,0.000309525900750972,-0.000694876746303466,0.00209683584888328,0.00272102098569444,-0.00112847324865057,0.0011795350579359,-0.00160123250250506,-0.00107969186700035,-0.00195979554637623,0.000399333468451796,-0.000267587189366321,0.000799465524031659,-0.00104786306708428,0.00294282736178486,-0.00384025831567318,-0.000855640631195624,-0.00132359129057038,-0.0013980860464008,-0.000783667825376844,-0.000437844566863632,0.000275085863399875,-0.00099133883870577,0.000204370748336475,0.00242052346386801,-0.000998925161267005,0.00141057832158512,-0.00105626187437773,-0.00123762705251965,-0.000830591642236338,-0.000289325591100315,1.20993239887849e-05,0.00276453472888399,0.00341099854052471,-0.000484400059182939,-0.000236043981291547,0.000561337362322683,0.000649766530312098,0.000291660006519162,0.00110808214622433,-0.0013384439247032,0.000478806499286277,0.000886344804100046,0.000110864603185875,-0.0001504546677824,-0.00214623630656992,-0.000373879011439178,6.81089692262443e-05,-0.0018207696687187,-0.000506872703256257,-0.00104513892943383,-0.000140728131732911,8.41445132833616e-05,0.000124510436179134,0.000139515943418495,-0.00103004757295157,-0.000836776785535186
0.0380832979206508,0.0491334787480258,-0.050008294053954,-0.0434827922280023,-0.0483141924727644,-0.0439379966767509,0.0313789383859624,0.0302262518605835,-0.0606230630275439,0.00629959730181426,0.0305892292723841,0.00946960973659988,0.0265390782223129,0.0224973712242925,0.0232089859169143,-0.0629431460556311,-0.0643775009006687,-0.0547536290236882,-0.0668796284168141,-0.00586945342712313,-0.0607598981055465,-0.0558873259870182,-0.0587224290770201,-0.0630499278759054,-0.0620575398330459,-0.0543102439557935,-0.0648547808783495,-0.0406814782303301,-0.0547342521711539,-0.0532414012198624,-0.0556286147282499,-0.0514974905345036,-0.0513291240227482,0.00025511466778483,-0.00126761148355617,0.000936311074072633,-0.00114435713956652,0.00139512360668822,0.000782411097760023,0.000885287626156936,-0.00254973451641469,-0.00261785892427503,-0.0014669201561392,-0.000808011944341386,-0.00181854465602835,-0.0013194406430418,-0.00299298106385836,-0.00113497532728531,-0.000331949499252848,-0.000320902043728319,0.000268872441146354,0.000274197786216305,-0.00287038797926227,0.000965796462086597,0.00118691397492581,-0.000690798254482596,0.000659649615363824,0.00121058185546333,-0.000538008194273665,0.000593123265546122,-4.06221932676865e-05,0.000808922263758961,0.000363322842898209,0.000864365523210019,0.00136963480599628,-5.06757805526243e-05,-0.00147234313327315,0.00207051298013161,-0.000325731484757377,5.31506538305063e-06,-0.00292598673050039,-0.00235569978582484,-0.000397597592517609,-0.00110820860340656,0.00140865524076365,0.00552045078139587,0.00315211061929158,-0.0014298556826559,-0.00188701675912423,-0.00231317893739477,-0.000262621996785931,-8.09053580190469e-06,-0.000620234519685449,0.000318663340173988,-0.000332130020481702,0.000561347113811889,-0.00221400660256025,0.00106257747401955,-0.000960499383712014,-0.000383986522521256,-0.000794510670334081,-0.00120092779992698,-0.000934604140991115,-0.000917392386707594,-0.00103109358808618,-0.00118268385203245,-0.000403042485029187,-0.000667712111841146,-0.000385975727341867,-0.00187505852045201
0.0112131003277142,0.0148706420056138,-0.0131087138126959,-0.0135916464342078,-0.0139860427974375,-0.0114695062334813,0.00950787518106103,0.00948598816021882,-0.0159610829412048,0.00451632424384983,0.00946960973659988,0.00672754846236224,0.0109143692848453,0.00855489930843452,0.00822261079032163,-0.020383973545531,-0.0213770117250501,-0.0167113440681632,-0.0210860878067136,-0.00154241692593029,-0.0185681177658198,-0.017820636086292,-0.0192182982776448,-0.0210198952284192,-0.0223611727884495,-0.0183986737050523,-0.0209714708883637,-0.0116008338728384,-0.0188600636170067,-0.0181123203444169,-0.0175900446614548,-0.0188443877760791,-0.0188407021477829,-0.000125089338559536,0.000175953575467087,-0.0016111614538552,0.00113938903161749,-0.00130379777206655,-0.00177188761312958,-0.000676383325906242,0.00168805171354117,0.00142482973635566,0.000329143969020398,0.00222576201673676,0.00114095960915448,0.00057150550213517,0.00423557520390129,0.00170200938382551,-0.000827190928740081,0.00201170072287576,-0.00137579557180498,-0.00053839336632817,-0.00224941990089835,-0.000440951775345977,0.000598475996205343,0.00192533630629831,-0.00024883969813672,0.00279580213776021,-0.00170728607719706,0.000633435586174846,-0.000261559919912982,-0.000757640025133147,-0.000231481848948166,0.000217515860929336,0.00146578190408843,-0.000686280044120387,0.00120178965533767,0.00271020347421605,-0.00088067439006057,0.00135206503407326,0.000350683401134537,-0.000313097830959585,-0.000590596905756426,0.00103946831473463,0.000782784626364849,0.000940996968159968,0.00370791968322572,-8.40997577371544e-05,0.000595099925266123,0.00081193111945758,0.00221824573720547,-0.000581392581380908,0.0016410903142569,-0.00224301994613905,0.00147924490449603,-0.000519761406184759,0.000161122092458393,-0.000276942118335229,-0.00329162714474142,-0.00158716982292737,-0.000116438210671401,-0.00263947337489702,-0.000310125733187377,-0.00130423763484773,-0.000355851072692252,0.000129489291074003,0.000272396854463692,-0.000498832441394721,-0.00212045827529445,-0.000825549099839819
0.0332254129585259,0.0435624890727904,-0.0439712098054909,-0.0400790762288525,-0.0433624016917428,-0.0375757740661386,0.0250673121125964,0.0260876481996976,-0.0502159698311546,0.00660045901953633,0.0265390782223129,0.0109143692848453,0.0273284762284258,0.0223386540075774,0.0211349228236855,-0.057528004733094,-0.0589948301286177,-0.0489290156887896,-0.0595739331924806,-0.00722806026339642,-0.0527612544410734,-0.0502753392349868,-0.0510860275154735,-0.0568216834766901,-0.056838235098916,-0.0483297796957712,-0.0575571272695799,-0.0338801156677747,-0.0507785147872269,-0.0503148515724172,-0.049142800585925,-0.0478722009741208,-0.047886287427106,-0.00171683241992373,-0.00269095669740642,-0.000588579611129736,-0.000791878805441484,-0.000832697497247418,-0.000491017288658344,-0.000591913399248384,0.000361085414469393,-0.00207858163127021,-0.00272332086360043,0.00180112405273397,-8.06257598495342e-05,0.00137755439882766,0.00222016283235779,-0.00150154614889348,-0.000751485199180938,0.00217947676960458,0.00104830712693241,0.000252005898517533,-0.000756787174163847,-0.000318289535758284,0.00162327491641772,0.00146754623324443,0.00141792090219921,0.00222376113907712,0.00131267401975586,0.00141712338299735,0.000514021793112875,0.00124634916742555,0.000636979221833654,-0.00106374662339188,0.00102487215266761,-0.000810628567100317,0.00132583348843264,0.00452223401781232,-0.000272154074954667,0.00215867298120498,0.000443779203905473,-0.00127742899555714,0.000340241383667792,0.00231452122327598,0.00210806583848055,0.00111530142036182,0.00259160987010136,-0.000491388917794887,-0.00175774915587052,-0.000925395014443835,-0.000474274417362311,-0.000506067882989641,-0.0015044946351876,-0.00113120883778912,-0.000507650458899779,-0.00210858874890979,-0.000294617108232351,0.000136543287877926,0.000487917506134526,-0.000453921122989303,-0.00080577581972968,0.000557632316018064,5.39618439705516e-05,-0.000576557092072152,0.001660811845454,0.000409538269613926,0.00121177139460818,-0.000333037311125987,-0.000802499672930108,-0.000165102288878512
0.0328594176965432,0.0449361686603924,-0.044084082879843,-0.0404134256522063,-0.0439930339742226,-0.038130814617617,0.0232013912229541,0.0235358993349517,-0.0507720179483608,0.00463937700253725,0.0224973712242925,0.00855489930843452,0.0223386540075774,0.0205647321203559,0.0172766589363005,-0.0530229310525583,-0.0541525483744649,-0.0458742883105407,-0.0557153945877599,-0.00606740801963471,-0.048795765726232,-0.0460087756808352,-0.0488913683497536,-0.0526100325107351,-0.0535509290025918,-0.0465743663240321,-0.053732503202348,-0.033887381053196,-0.0470243300281579,-0.0477413653343477,-0.0466220571493036,-0.0457435887953015,-0.0430391674953951,-0.000472604028045393,-0.00191736397959013,0.000681172273458644,-0.000310466834898738,0.00031093625052964,0.000452936709450933,0.000207590026735489,-0.000143453466010801,-0.00108657716273445,-0.000531212942882699,0.00045506883930958,0.00157702166756871,-0.00018416748186254,0.00358752154407829,-0.000889543528888719,-0.00212841117313376,0.00166916412717038,-0.0011444217274889,-0.00127288417833343,0.000287688761891432,-0.000633384001755464,-0.000267059944743491,0.000185075065106075,-0.000524679422101372,0.000186139539061938,0.000144383136230037,-0.000252651782790583,-0.00197470286701318,-0.000783556768981949,-0.000575044959240482,-0.00180910155666596,-0.00117415925269309,-0.00133347427168957,0.000244527627034923,0.000259206732160027,7.39329786692162e-05,-5.06400372768683e-05,-6.3458946978588e-05,0.000187597309402396,0.000976357126614523,0.0023704239406144,0.00139572427357747,-0.00183169337095907,0.000370377356953591,-0.000762730048749165,-0.00125624254365582,-0.000791817079671781,0.000389893564339704,-0.000888186139971614,-0.000514354606834365,-0.00150033767764292,0.000112031952292041,-0.00264127791779199,-0.000756270141188925,-0.00233228533159884,-0.000187915693953035,-0.00033973284031653,5.93208794072282e-06,0.000326705385148088,-0.000459169208775968,9.14908572124038e-05,0.000216561610484036,-0.000689456323908164,0.000447350499897437,-0.00100710200158561,-0.00158082609570251,0.000361523589679153
0.0276474627884489,0.0359836118904037,-0.0364467859999542,-0.0320832467036746,-0.0354157542839074,-0.0320256564684684,0.0235203594552135,0.0227652495648709,-0.043901478973754,0.00563868843425035,0.0232089859169143,0.00822261079032163,0.0211349228236855,0.0172766589363005,0.0181550730636464,-0.0476288944258229,-0.0487406364034857,-0.0410497901502827,-0.0499360063746822,-0.00450194785050512,-0.0453436399668591,-0.0422532782090212,-0.0439388078444169,-0.0477899613017924,-0.0472442188084377,-0.040551553749239,-0.0487788750908282,-0.0298574734115268,-0.0414238957442566,-0.0401949956274529,-0.0415925627203136,-0.0390708258402293,-0.0392265895509512,-0.000413387417231349,-0.000729005415520306,-6.33685195607297e-05,-0.000394398047808867,-8.81261056090753e-05,-0.000836381719756783,4.33419358731502e-05,-0.000332885029055162,-0.000608670070390128,-0.00128599576129631,0.000717286079609512,-0.00174678282471615,0.000454424365137143,-0.0013482227835355,0.000234082119005319,0.000523235062609542,0.000343135087995536,0.00114983190897732,0.00101882552371931,-0.00175870193923762,0.00108850340658005,0.00170454666992547,0.000351764456129617,0.00117771348486077,0.00270822971410899,-0.000792016471482178,0.000875961431104486,0.000489605696174935,0.00100706303143947,0.000833419074387792,0.000764384606493848,0.00144609358338367,0.000317078642282795,-0.000691743944518039,0.00266069228369051,-0.000562665259581252,0.00105951770704238,-0.00209945885738099,-0.00228178766380643,-0.00043598314580264,-0.000584397936208765,0.00067008737550285,0.00461985488362077,0.0031787389319208,-0.0010485807469867,-0.0017421887146848,-0.00105814711224742,-0.00070755734539838,0.000355317503950845,-0.000569458696791532,-0.000246245671176692,-0.00061770612320383,0.000477897527243712,-0.00104398735329691,0.000298591199085126,-0.000383395959930844,0.00016449602862217,-0.000449780233597515,-0.0004724225882978,-0.00054789331898523,-0.000643425911613112,0.000108203879894537,-0.000355427954001933,0.000182784570369385,-0.000118331012149292,-0.000236228756065614,-0.00103860561834096
-0.0891934306811973,-0.121148274470207,0.120262167320455,0.107248225435681,0.118380669206195,0.105299383208952,-0.0670627441282936,-0.0655960109439781,0.14167955204503,-0.0116554660530668,-0.0629431460556311,-0.020383973545531,-0.057528004733094,-0.0530229310525583,-0.0476288944258229,0.143187979973783,0.145971286762738,0.125145486032211,0.151640560633069,0.0145394297360827,0.134833672902152,0.125167516754943,0.133985743357125,0.142923453397891,0.143600225544701,0.125980731588645,0.146861844872001,0.0946498538005066,0.125507849194574,0.12614094818926,0.127194064406988,0.121544034424056,0.114849194292958,0.000660469084930162,0.00244310123021906,-0.00214083487671151,2.21912310467323e-05,-0.00120555215831916,-0.00024627061951035,-0.000837298369358583,0.000876516178527602,0.000855225073500489,0.00124772956375912,-0.000165312403057302,4.49070761459718e-05,7.6100257906466e-05,-0.00180330679332969,0.00135830570317341,0.00184424324351341,-0.00126628107941058,0.000140057246547889,0.000106109351069625,0.000115100064240576,-0.000741641679561348,-0.00147579074379371,0.000904983643241738,-0.000517788972608656,-0.00127906380130887,-0.000297817777145112,-0.000208706661505144,0.00312620046144517,5.13078549301091e-05,-0.000435600559079283,0.00102652752542753,0.00120163395973742,0.000448079376201434,0.00144130457589391,0.000414024953445052,-0.000724119664567594,0.000702976326969002,0.00299835628154863,0.0024968536652525,-0.000988534636671025,-0.00111091586607269,-0.00140027164540558,-0.000817234259965895,-0.00136531169198945,0.00152861169241827,0.00315191475016749,0.00182344020467963,0.000749931490085582,-0.000225498637943147,0.00134998013349156,0.00078030534316995,0.000439756296436456,0.00328188562877362,0.00232902245598935,0.00498917271176806,-0.000756104656084827,-0.00150463910713659,-0.000531588040562612,-0.00159237330501515,0.000681531124785501,-0.0011696112725704,0.000168915396594054,0.0018638773777203,-0.000577083138520948,0.00138850354134723,0.00183248177582969,-0.000431612632541365
-0.0912804317432721,-0.123394933751517,0.122208782251178,0.109219304433661,0.120382584867547,0.106957625386423,-0.0684912922723466,-0.0670708018040982,0.144288861308929,-0.0121737757784431,-0.0643775009006687,-0.0213770117250501,-0.0589948301286177,-0.0541525483744649,-0.0487406364034857,0.145971286762738,0.149075345751589,0.127471560455033,0.15498196846392,0.0146692520769097,0.137803408611441,0.127559231212782,0.136891096118715,0.145876276610801,0.146735337075847,0.128961322408453,0.150019570658277,0.0964589150263072,0.128288676961801,0.128626053827002,0.129780165626994,0.124315907199103,0.117778442688876,0.000714097714913865,0.0020335643506156,-0.00144605007482149,-0.000640133599961787,-0.000888451301238718,-8.47939519618054e-05,-0.000538529972088257,0.000619912993799847,0.000581370201804126,0.00144049182083415,-0.000592762452875465,-0.000139496019629093,-9.7930954251097e-06,-0.00212188219548267,0.00180009441089821,0.00165422788489411,-0.00139567440808176,0.000370700211108245,-9.25235035969006e-05,0.00121244035036257,-0.000325148454206723,-0.00195501404945919,0.000421773097736321,-0.000819180047965843,-0.001085540079324,-0.0011438977507221,-0.00101146346110631,0.0023889567719867,-0.000263840458048724,-0.0006527297998772,0.000152387672288505,4.99974366871298e-05,0.000195344718917712,0.00080734604017441,-0.000200876458108063,-0.000881085668170036,0.000666512525715947,0.00228643657719487,0.00243740445573998,-0.000567498551316375,-0.000913655345380075,-0.00174200166855415,-0.00078101028813313,-0.00209082463792567,0.000917257070100479,0.00207946494687994,0.00150290229900484,-0.000482249455143523,-9.13946885851392e-05,0.000648506609935866,0.000765964527576403,-0.000543928750599271,0.00334802122897267,0.00226245970167978,0.00417075363293613,0.000415218062823844,-0.000755772045107076,-0.000400693844815067,-0.000550989783552467,0.000363970852839894,-0.000854314377312655,0.000646547078324975,0.00173227071830275,-0.000525441581598809,0.001536784199028,0.00228560422214608,-2.98264649553659e-05
-0.0787564830930577,-0.107297265754166,0.10653510752639,0.0944227978895102,0.104711511389475,0.0935644667899394,-0.0594112247351702,-0.0576029919514848,0.126051954084361,-0.00944059624203012,-0.0547536290236882,-0.0167113440681632,-0.0489290156887896,-0.0458742883105407,-0.0410497901502827,0.125145486032211,0.127471560455033,0.109943281619702,0.133065430622931,0.0123764513801129,0.118471070784151,0.109398522345837,0.117775897471449,0.125096239412066,0.125473969528443,0.110711502646506,0.128879133991453,0.0840445255912,0.109502499584335,0.110212263679017,0.111753497806578,0.10628006854842,0.0998633163199311,0.00015281218166201,0.00170487617839556,-0.00241817407222187,-0.000109884001837416,-0.00165774885041531,-0.000623412284518799,-0.00111469565258718,0.00143848317307604,0.000676697941077835,0.000545855406593002,0.00076429120491709,0.000237509219666227,0.000722208455445825,-0.00049181819507256,0.00101907260431073,0.00162426070813655,-0.000437930643107347,0.000420940877248728,0.000238008968938805,-0.000152239471401764,-0.000759032734242132,-0.00102685715870701,0.00150044668287813,-0.000132582091095778,-0.000225283490267458,-0.000160092546116189,0.000365003190721231,0.00323993317686001,0.000267275760195781,-0.000257860677496955,0.000789072724175985,0.00156406420832988,0.000144746606005907,0.0010712419150833,0.000963881513644532,-0.00139575178716372,0.000736510777126803,0.00234244613905579,0.00284997697720308,-0.000323007444604751,0.000432381036356109,-0.000423068527226017,-0.000248956649560948,-0.000234524531599613,0.000244462304518488,0.0018509960755729,0.000742964874995426,0.00102135895870109,-0.00135982284246686,0.00110297365891116,-0.000707372135021723,0.000137665346571164,0.00235571216151233,0.0014145718107829,0.00442399040645244,-0.00155453645375545,-0.0025217286088825,-0.00100789449108255,-0.00230942582952365,-0.000254641603002061,-0.00189546026425066,-1.47354881888159e-05,0.00122792537595254,-0.000669836426812616,0.000518234239744609,0.000812578189741401,-0.000937181085672888
-0.0966742684683526,-0.13019720867874,0.128765954880675,0.114520089899935,0.12663009337343,0.112984595245253,-0.0722810324749516,-0.0701944854346532,0.153219161134302,-0.0117445730118319,-0.0668796284168141,-0.0210860878067136,-0.0595739331924806,-0.0557153945877599,-0.0499360063746822,0.151640560633069,0.15498196846392,0.133065430622931,0.162295054272903,0.0145859705403827,0.144533647896884,0.132575722099376,0.143645640204682,0.151868469853146,0.152658986274135,0.135444151807181,0.156846008971588,0.10211496254054,0.133386819580616,0.133606773275957,0.135878567909997,0.12952647893405,0.122213725567449,-0.000161125314666113,0.00135076579909133,-0.00189985240006354,-0.00105437116093453,-0.00197600711188294,-0.00122125167400976,-0.00109850347878054,0.0020521139612385,0.00103255329142081,0.00088021688284806,0.00068986438012962,-0.000370123192029784,0.00155800322031055,-0.000856091201894563,0.00268168458093945,0.00203513823556114,-0.000485064441378674,0.00158134308883656,0.00039714470731125,0.00247095455147244,4.92611454199727e-05,-0.00158218124412436,0.00126920119075054,-0.000269809699983514,0.000885408453679105,-0.00175785406884913,-0.000971370144372123,0.00264728136802489,4.55228256759364e-05,-0.000330083238098478,-0.000805783116270867,-0.000303921699834864,-4.88229545720037e-06,0.000939836224775192,0.00102252408402547,-0.00160400993636178,0.00188128271370645,0.00216151301123843,0.00241208360545472,-2.5928808219912e-05,0.000477901098596397,-0.00176094900140753,-0.000535479520582262,-0.0016727112815586,8.3853733950386e-05,0.000547676513666811,0.00144320991930075,-0.00183329115607767,-0.000309289680139703,-0.000278623577156793,-0.000297966701804,-0.00183563915763719,0.00298325364815755,0.00265430871348096,0.00344723570503218,0.00151172906981286,-0.000418793184553821,-0.000548968214333433,0.000444746243706558,-7.25748637092001e-06,-0.00100192043473788,0.00205777458591188,0.00213185783950411,2.80516391386001e-05,0.00173896049265053,0.00243775548194326,0.000452665940957747
