0.0582336151560151,0.0797459199080461,-0.0788204015817652,-0.0697938644567089,-0.0774824628162211,-0.0693351176263365,0.04261395489664,0.0411043331326884,-0.0934217379515756,0.00559004956217857,0.0388955773394026,0.0108284176803658,0.0333858836525284,0.0333171292393843,0.0282177638348194,-0.0897776454505455,-0.0914029977795581,-0.0793471860031244,-0.0966812283859811,-0.00860265624218894,-0.0856233456020296,-0.07817757361985,-0.0855807641734304,-0.0897741929257535,-0.0903708204019458,-0.0810545093541643,-0.0929628818411773,-0.0608430116608036,-0.0786759339213149,-0.0799352973262579,-0.0809954981980939,-0.0769389706219091,-0.0725146994393496,0.00024835625558127,-0.000583311598219596,0.000946163117394767,0.00100043377110353,0.00153069992680385,0.000968636910739622,0.000572088236603961,-0.00105584896592329,0.000141916593189598,0.000127645119664614,-0.000974691816322671,0.000352690237511516,-0.000857113780919149,0.00030222996765073,-0.0014728398261983,-0.00113909428182292,0.000421781287502609,-0.000750248633890757,-0.000181783242276536,0.000264949145254476,0.000290230424799731,0.000423032646330044,-0.000695162452513165,-6.44717848279695e-05,-0.00226020765186614,0.00267795059927112,-0.000104428779193302,-0.00248969440341236,-0.000110780998259042,0.000125618898491336,2.20871031311738e-05,-0.00127787473922471,0.000211786266282234,-0.00162128186167044,-0.00133205857642721,0.00115096735188337,-0.00194829505488624,-0.00201091222714345,-0.000242906465661023,0.000764859773868431,-0.000100427448839058,0.00179690697199857,-0.00172855915143084,0.000312420227473469,-0.000601371340439526,-0.00105052548083255,-0.00102310314240309,0.000279950792360682,0.000147523639635764,0.000670978626086782,7.69597517770367e-07,0.00213409938430845,-0.00276160551616507,-0.00188574985478393,-0.0016788273078672,-0.00188124610275657,-0.000902598229129526,0.000139243807496203,-0.00109298379306729,-0.000352458274343294,0.000434650499923529,-0.00197916915632849,-0.00185301944968043,-0.000260237516520339,-0.00124520622818348,-0.0021642967033255,-0.000432783407663812
0.0797459199080461,0.111789892610727,-0.10910957098005,-0.0979098039261104,-0.108245353010421,-0.0958993972521934,0.0560909190817151,0.0544439781589086,-0.127788638006186,0.00687541333500274,0.0536160841679711,0.0146784372555799,0.0443735754848386,0.0448171762072332,0.036356949677958,-0.121790563741184,-0.123826775974909,-0.10773520753679,-0.132026826149936,-0.0119960196630652,-0.117440121743124,-0.105901937555934,-0.116361779054348,-0.121694362496286,-0.123911420104059,-0.111720036336494,-0.127129412857711,-0.0832893905099071,-0.107182614339415,-0.107527709825444,-0.110089201739422,-0.106379746760333,-0.0997969294897777,-0.000260937786482957,-0.000327349608326565,-0.000159054544419589,0.00309854599961966,0.00083984339366977,8.06680364738634e-05,0.00058145540983972,0.00127678971754838,0.00306643424864224,0.00115427846735374,5.73645689154119e-05,0.00209009225997695,0.000518955944751621,0.00440463683092648,-0.00096241209384094,-0.00169268790659879,0.000346919421566271,-0.00112756150359972,-0.000247842182219112,0.00293539623896399,-2.17585920920925e-05,0.000329657391575657,-0.000212605451004768,-0.000339347453799304,-0.00305926559778688,0.00339768468538435,-0.000416654315816396,-0.00447382887103754,-0.000431875333710648,0.000180756412097101,-0.000961935561444693,-0.00325263695877473,0.000307621229278182,-0.00162028091332234,-0.00158615954167339,0.00183135114494899,-0.00358926998252348,-0.00157075644353108,3.75777218052062e-05,0.00188505727546718,0.00156092870557272,0.00304157119287527,-0.000350588133687184,0.00338197220069723,-0.000489810081357,-0.00121478068074086,-0.00125073204595136,0.000452761054759148,9.48561747936515e-05,0.00383268032099953,-0.000753960941553988,0.00564878063033646,-0.00267064946143953,-0.00157492975768154,-0.000365917425572216,-0.00764447534542875,-0.00397977939110669,-0.000186982009506637,-0.00619471915032807,-0.000199516184368742,-0.00107796068561516,-0.00562060455479135,-0.00232236154857776,-0.00152704884081707,-0.00180280850551842,-0.00482898432740803,-0.00276695652277747
-0.0788204015817652,-0.10910957098005,0.107741258500897,0.0953269863262965,0.105914292879438,0.0947615138544735,-0.056159500732816,-0.0542418482002255,0.126895515339164,-0.00606519635509238,-0.0518987485999018,-0.0131481731461567,-0.0431028423909675,-0.0444072218524099,-0.0362852643093979,0.119793845876855,0.121764255369095,0.106308075373886,0.129889431116665,0.0116877578953695,0.114963043755691,0.103970492949243,0.114509336891352,0.119583262947445,0.120640399965511,0.109309010741738,0.124511810300875,0.0816986833918392,0.104889656275008,0.106730255036531,0.108460781381994,0.103190792450617,0.0973834955441183,0.000233293917912168,9.6456758210105e-05,2.02203034321996e-07,-0.00277265634106571,-0.00135998169836677,-0.000760173346710447,-0.000146199831659495,-9.90113510890115e-05,-0.00200943946344366,-0.000189050099344417,0.000764767960580658,-0.000448783471600973,-0.000279885590434693,-0.000559952793955992,0.00237933819520409,0.000410643013344721,-0.000302059437343064,-0.00016842563544919,-0.000897520181740241,-0.00209289511051217,-0.000455615923980004,-0.00112585877199509,0.000281125222586718,-0.00072162713055134,0.00433417516047551,-0.00624215616787429,-0.000471429011176172,0.00284503287257053,-0.000776875852125937,-0.00093442097987962,-0.000515954282380598,0.00199339122481207,-0.00126177892681156,0.00247860925560211,0.0019895811373861,-0.0019550582779436,0.00352603756037823,0.00240342463074513,-0.00059167840141465,-0.00164257679677547,-0.000262744564813664,-0.00319410437047965,0.0028678836223036,-0.00100928457699794,0.000715407024723922,0.00141616492861015,0.0013685141153816,-8.62367417125135e-05,-0.000133242119313755,-0.00226718322109802,2.24387267755934e-05,-0.00473999406146604,0.00397999777935681,0.00241977283452266,0.000660228141570167,0.00496707441035278,0.0031632031061956,0.000226339147011513,0.00374436733174822,0.000328019072295197,8.6021408456712e-05,0.00423437369473693,0.00264938069601365,0.00090965416427169,0.00184220165692855,0.0038797081144666,0.00154493649474421
-0.0697938644567089,-0.0979098039261104,0.0953269863262965,0.0859374860463818,0.0947453970409894,0.0837615207308312,-0.0490970369658643,-0.0477236531254237,0.111581818022658,-0.0064897104348313,-0.0473375557513501,-0.0134704070546877,-0.039440708352391,-0.039401060029597,-0.0321796720817338,0.107102079094402,0.10890860865426,0.0944743669259,0.11583466937233,0.0104912142919513,0.103149192969836,0.093265137604584,0.10231261308579,0.107022447913787,0.109243583128332,0.0980516067359268,0.111692456595882,0.0731190968312942,0.0943475156488415,0.0943580135743593,0.0966743284798005,0.0937009775129143,0.0876429518539984,0.000193911976436322,0.00038822033668222,9.00179987461153e-06,-0.00252432642552413,-0.000569250592111296,0.00015752520405994,-0.000593416853689046,-0.00144812087416895,-0.00289502083328607,-0.00112241893539592,-0.000433582437307078,-0.00207779925889087,-0.000569576792282057,-0.0046527599263157,0.000557359024044718,0.00167043673066909,-0.000337882636563721,0.00115405849250472,0.000349204832992025,-0.0024272855726106,-6.39804508437879e-05,-0.000149341302721525,0.000222407524295656,0.000452512961850228,0.00194325861770052,-0.00204437039669128,0.000371878571446025,0.00409655692302806,0.000644533768436693,-1.90887166955086e-05,0.000982087966604979,0.00286395323138519,-1.33956487626928e-05,0.0020753718362729,0.00208908529109486,-0.0009347996725371,0.00365209234252546,0.00215870028644949,-0.000443161271870595,-0.00214710503906401,-0.00224907854337626,-0.00285352469742269,-0.000731843132407219,-0.003521606626088,0.00157339064350137,0.00191397093575113,0.00204429161344531,-0.0007135752647931,0.000840325706299518,-0.00341451248666239,0.00172754282335849,-0.0044709441857851,0.00223702761589538,0.00211613655318766,0.000917923320036323,0.00744959103077859,0.00411297133813574,0.000396813688243568,0.00620371418096996,0.0011184952934367,0.00153463289990031,0.00554635770376721,0.00268849823578341,0.0018347153411015,0.00225723017819287,0.00480088653076934,0.00297294695805854
-0.0774824628162211,-0.108245353010421,0.105914292879438,0.0947453970409894,0.104902082833561,0.0931014448521837,-0.0547283881633023,-0.0530436881381966,0.12429047834113,-0.00656963350811324,-0.0518224605194949,-0.0139607441587874,-0.0429557409683671,-0.0436018448749927,-0.03540280582386,0.118219082214636,0.120179099420306,0.104668846378442,0.12814251097685,0.0116290789451814,0.113836278482321,0.102769224286577,0.112939052323626,0.11810149595062,0.119979442673019,0.108306643297497,0.123251750242281,0.0807888564630628,0.103943680937498,0.10462808702109,0.106912303384075,0.102907161029524,0.0966883194535272,-2.5485123589845e-05,0.000600223292912288,-0.000261747603892821,-0.00255785308833491,-0.00139972312275181,-0.000702935774578582,-0.000785437251265573,-0.000285232784792826,-0.00202370915822386,-0.00109433023152049,0.000620802927960014,-0.00195006248431939,0.000248948087689981,-0.00355481603048883,0.00122173003328266,0.00202744623842882,-0.000396010739168489,0.00144438551373708,0.00065149805704824,-0.00253735743924417,4.50624612546897e-05,2.23627609721132e-05,0.000484748369912499,0.000638335166968313,0.00351654443176194,-0.0033577844418105,0.000739537854472924,0.00459549754671951,0.000636142538842511,0.000106171160444033,0.00112890956698149,0.00334017714804511,-4.1960563123692e-05,0.00165071473757839,0.00152375298371671,-0.00188661765708763,0.00339510147725867,0.00164462660708114,-6.60826242769247e-05,-0.00170096371706502,-0.00116006263201647,-0.00301130195318555,0.00108219729889029,-0.00263109274782703,0.000407333883282703,0.00115291190768578,0.00119147460117484,-0.000315907120554108,-0.000217807121948107,-0.00332251854331731,0.000424404990464879,-0.00529797563610047,0.00287883474163464,0.00164441231012005,0.000426083670395359,0.00668571877140194,0.00350795750092381,0.000125055609338095,0.00532605792383212,0.000145246075377117,0.000758068620666832,0.00505859371351502,0.00227593615201304,0.00128417741988209,0.00165886639846784,0.00440579353970282,0.00234369209574222
-0.0693351176263365,-0.0958993972521934,0.0947615138544735,0.0837615207308312,0.0931014448521837,0.083352593352929,-0.0494822857766489,-0.0477783054670798,0.111650478693783,-0.00532087729714,-0.0456233456959849,-0.0115338611042652,-0.0379266179773311,-0.0390648753745382,-0.0319759233984108,0.105382708183311,0.107128626237998,0.0935394366178648,0.114263179677455,0.010275220361293,0.101117457823164,0.0914530548690915,0.100723608889406,0.105208568314515,0.106067723206773,0.0961183713426024,0.109527488229692,0.0718612013052128,0.0922483581251826,0.0939206116171489,0.0954117320543495,0.0907112767495874,0.0856462967654936,0.000258719861306292,6.50049117976873e-06,5.80692421068796e-05,-0.00250005954146595,-0.00113498394914436,-0.00060770995775219,-5.30329628734903e-05,-0.000130320260163213,-0.00182576115945215,-8.01965858013439e-05,0.000636335531807674,-0.000251662333009372,-0.000344525277349708,-0.000266011017662657,0.00214252212038869,0.000185375404415323,-0.000255378876592959,-0.00030756944135121,-0.000953224848238859,-0.00179141354502032,-0.000424299642939526,-0.00114678791915558,0.000203039564726239,-0.000786790344735502,0.00380251683116783,-0.00569990107969397,-0.00054593371789126,0.00230650805885025,-0.000831805357898463,-0.000942711354483677,-0.00061971579365451,0.00158562603357804,-0.00124697809492029,0.00207939080813933,0.00164154777709709,-0.00179967852115999,0.00297344616366839,0.00201314473906791,-0.000415535408005939,-0.00133411236816031,-4.94091163888753e-05,-0.00272092468978688,0.00265005564636914,-0.000767152775516358,0.00045571870049829,0.00110841944552558,0.00104091070799356,-4.49297500453876e-05,-0.000262184935007857,-0.0019031403844579,-0.000145692977007008,-0.00413483909434859,0.00351878514659022,0.00202657446967556,0.000571829231402512,0.00409976859075052,0.00258865961027701,0.00014829444394607,0.00303077218935934,0.000142822500643866,-6.60774533603503e-05,0.00352812583091656,0.00221700570274263,0.000684919016618384,0.00151371703790515,0.0032619638056677,0.00120756568437709
0.04261395489664,0.0560909190817151,-0.056159500732816,-0.0490970369658643,-0.0547283881633023,-0.0494822857766489,0.0339013082616729,0.0324754509530819,-0.0680104037101911,0.00592665515510055,0.0291585216668858,0.00959767369336586,0.0272463916408289,0.0253044940970023,0.0236552802433801,-0.0679889522955875,-0.0695865644215528,-0.0597063867611176,-0.0720500264417931,-0.00618318372519512,-0.0637566859638146,-0.0595695929186055,-0.0643061211717538,-0.0683500646130728,-0.0678209111120125,-0.0595013295072192,-0.0697232163614064,-0.0453176623717777,-0.0594920654601565,-0.060728469623282,-0.0608268607471454,-0.0569705123204742,-0.0538880369889647,0.000500577422798519,-0.000695068937991221,0.00192283474114379,-0.000655523433386952,0.0015920499677556,0.000976694017244156,0.000619085694108741,-0.00251335194026491,-0.00188854956485059,-0.000669884164618596,-0.00120333097838664,-0.000941557255555716,-0.00175711271959192,-0.00200053696190317,-0.00102629245038593,-0.000851933732909226,0.000579545771245066,-0.000774470903623612,-0.000275155384753044,-0.00254441382677831,0.000328095181721376,0.000888682857935996,-0.00102557758303511,0.000161352793147742,4.8050773397039e-05,0.000320415859471178,0.00020814197654038,-0.000854772266774765,-4.80544812709218e-05,9.35922172446032e-05,0.00077971436879609,0.000832881868524935,2.27009747787821e-05,5.11931674141709e-05,0.000210099452856345,0.00102153087483178,0.00085781095560886,-0.00102903486668877,-0.00228942614558295,-0.00120717874796374,-0.00220029935741254,-0.000445053202102088,-0.00174602069866961,-0.00164932439277396,0.000935955900471764,0.000411561744777483,0.000637694119821054,0.000309327338087246,0.00145952386135451,-0.00212060468829488,0.00149084146878588,-0.00118751978716744,-0.00188415635871488,-0.000684835749952432,-0.00327490150074601,0.00420222401579469,0.00359880943578339,0.00109122531073854,0.00451298139416908,0.000808837830422454,0.00245544920942633,0.00233144454854974,-0.000192600340056682,0.0015561140844784,0.000226330186192386,0.000994381851989292,0.00228396136265009
0.0411043331326884,0.0544439781589086,-0.0542418482002255,-0.0477236531254237,-0.0530436881381966,-0.0477783054670798,0.0324754509530819,0.0311778077575075,-0.0654734382370533,0.00583617215900502,0.0283705472551273,0.00953812238660302,0.0264214035772027,0.0243720704224116,0.0227309508558521,-0.0656872594129102,-0.0672344468687125,-0.0575923926688279,-0.0696124735192684,-0.00599015496069052,-0.0617289571923474,-0.0575866977652166,-0.0621415926901064,-0.0660479536325682,-0.0658083127884471,-0.0576189168847622,-0.0674796010612958,-0.0438320770455341,-0.0575754666138689,-0.0584493078545937,-0.0587255740346896,-0.055368825422832,-0.052220017298684,0.00033195491063791,-0.000542801153484413,0.00161476038005635,-0.000368259401338903,0.00116598172080298,0.000538653260012091,0.000513923793417635,-0.00177228607190112,-0.00118695632390569,-0.000542046434144577,-0.000697715597872137,-0.000708458350086306,-0.00124630151692696,-0.00116760179027554,-0.000717316080991687,-0.000722026878606065,0.000528735478222273,-0.000659234209474957,-0.000134039062693819,-0.00219485314680605,0.00030651723445004,0.000957513360796485,-0.000831734813459763,0.000228259821822542,0.000463780421073391,2.43474641337477e-05,0.000313968795271406,-0.000835701693789129,-4.05964818187038e-05,0.000174213511615027,0.000728625346141855,0.000780125846931816,6.91841349826066e-05,3.85214132656075e-05,0.000110055311581091,0.000836312048599958,0.000666139105552956,-0.000980540692866419,-0.00216282451761405,-0.000983626462790682,-0.00170271445865877,-0.000408634303120669,-0.00100269885793532,-0.000992662293188782,0.000714218691810122,0.000268431050197953,0.000466894139715074,0.000421594435622558,0.00119931067978159,-0.00167471120779607,0.00107070521642322,-0.000988317123988647,-0.00157558742811019,-0.000650087367429446,-0.00312920705952784,0.00328806564961617,0.00306535721401803,0.000975729641510554,0.0036298016924264,0.000626607916271127,0.00203751401118236,0.00179648724926725,-0.000257439423968717,0.00126064738896929,6.71450440584708e-05,0.000627490305261228,0.00182435068925549
-0.0934217379515756,-0.127788638006186,0.126895515339164,0.111581818022658,0.12429047834113,0.111650478693783,-0.0680104037101911,-0.0654734382370533,0.150447688802973,-0.00778944537718795,-0.0613558084016053,-0.0157927454585602,-0.051983946946961,-0.0531361634587102,-0.0443563551411834,0.142749090098953,0.145203333231887,0.126642142520389,0.15424273172917,0.0137608013828684,0.136239939814433,0.124018456637304,0.136237223733955,0.142587227059578,0.143031787303371,0.129238869109177,0.147796526272341,0.0969242880246573,0.124802213874341,0.127690782639862,0.129117196966773,0.121844662421178,0.115278452209801,-0.000435655639497339,0.000843776553961811,-0.00135539594982801,-0.00178544459829181,-0.00294381168785757,-0.00222064048424878,-0.000751241225639552,0.00238702901106435,0.000254996642359208,4.20530219914947e-05,0.00236653044377021,-5.91754016742128e-05,0.00162270509284734,0.00129427986201207,0.00326676379916855,0.00140236008181452,-0.000592212665685036,0.000714645913498413,-6.52601398094014e-05,-0.000810950635891093,-0.000536926562879169,-0.000753532413513887,0.00111454839282081,-0.000196118277539378,0.0053994984739318,-0.00654051509260983,7.83359020335512e-05,0.00365613272803769,-0.000353803265289592,-0.000445830119991384,-0.000383625544297936,0.00214909767690021,-0.000795969704442772,0.00280081882850488,0.00207341788982844,-0.0024114128248385,0.00329921503716246,0.0031273920212709,-8.89653844889036e-05,-0.00117866796410499,0.00091151726782621,-0.00330928155627848,0.00473855022743549,0.00061411126569094,0.000520271882314264,0.0014253885221472,0.00133294551913565,1.55902701315601e-05,-0.000649443120445084,-0.000967167092246285,-0.000831366014719711,-0.00411246036696862,0.00518355858199817,0.00303195337606553,0.00183660304376261,0.00261076599026729,0.00165122890673824,-0.000146584528698065,0.0013598863884196,0.000162399871816848,-0.00107859927648341,0.0030248181135421,0.00293066856110764,0.000187501401834391,0.00176544593406718,0.00325561838696335,0.000361836288092256
0.00559004956217857,0.00687541333500274,-0.00606519635509238,-0.0064897104348313,-0.00656963350811324,-0.00532087729714,0.00592665515510055,0.00583617215900502,-0.00778944537718795,0.00345722494895051,0.00586435073476703,0.00456453151711175,0.00722976766085589,0.00418792412405176,0.00564575509606461,-0.0118935780494474,-0.0124877000116812,-0.00949345024892842,-0.0113579121483479,-0.000848489896803782,-0.0106551658766908,-0.0110367498609963,-0.01082741193536,-0.0123187829410402,-0.0128559585790788,-0.00925812049406952,-0.0120067765291379,-0.00738902254161711,-0.0109119085045003,-0.00965993082101264,-0.009924468272638,-0.0104606449746729,-0.0091615387755365,0.00026476965517053,-0.000539477882244868,0.00115160254656435,-0.00108016143052317,-0.000235018604289901,-0.000688146464652217,0.000620730794907582,-3.24451470511678e-05,-0.000425539921723004,0.000218379094537903,0.000838699810715561,0.000566097203182041,-0.000540033682574181,0.00227272209959424,0.00147859833768796,-0.00124902597716972,0.000347984676312529,-0.00138951523426861,-0.00108617196511056,-0.00193962064734403,-9.79550679627791e-05,-0.000154305125854579,-0.000452968433285645,-0.000759386727070865,0.0035264094823989,-0.0047674404202133,-0.000338061467818463,-0.000758610308999613,-0.0012207027165959,-0.000682826170353858,-0.000571357160205536,0.000564704624559112,-0.00112569108971278,0.000659935196873963,0.000207964561559321,-0.000855528224460373,0.00105890383325136,-0.000284281875939465,-0.00173075034270211,-0.00057004090088536,0.000453919217075349,-0.00127541174309841,0.0030393561883615,0.00111508572457874,-0.000364604897754659,-0.000148683860099959,-0.000169437920111026,0.0008953324088381,-0.000206484602454488,-0.000929126292291765,-0.00087383826950964,-0.00226764721835,0.00109140171792382,3.00861999077354e-05,-0.00263192230701584,0.00153747524992754,0.00211442271459847,0.000569255281156422,0.00151267324497763,-0.0003904154043835,0.00026362144341215,0.001160054604543,0.000164298264892003,0.000294947288968339,-8.68164815096313e-05,0.000498773630938408,0.00048033299946371
0.0388955773394026,0.0536160841679711,-0.0518987485999018,-0.0473375557513501,-0.0518224605194949,-0.0456233456959849,0.0291585216668858,0.0283705472551273,-0.0613558084016053,0.00586435073476703,0.0279680342005593,0.0101858626400714,0.025246332678474,0.0227409610095161,0.0205410565453015,-0.0623242471618059,-0.0637430205826216,-0.0542466266149882,-0.066239546740381,-0.0058323242611535,-0.059398253782972,-0.0547643133811968,-0.0590887165847352,-0.0626696660470008,-0.0639876642536014,-0.055661563385037,-0.0647200839892048,-0.0419617152729683,-0.0551665845261197,-0.0543022023291944,-0.055597968769366,-0.0544162404001781,-0.0505233630871176,-0.000294575126590777,-8.27076400036044e-05,0.000389994205154202,0.000937304357905345,-0.000501581198909006,-0.00122848704912116,0.000284264880791261,0.00141225155454982,0.00189486245742916,0.000311371311038689,0.00140366289664898,0.000801758304371078,0.000749539153065017,0.00331647622542574,0.00074995500514295,-0.000717835321527673,0.000353510897706482,-0.00066116873839247,2.1577217603136e-05,-0.000373292194711608,0.000106067865810937,0.000893156872682129,-0.000100864922007612,0.000102503478154509,0.00208905356866919,-0.00165099154216118,0.000388402481996567,-0.00151551079314736,-0.000416770607363641,0.000224304870203432,1.05260621475875e-06,-6.41022812211482e-05,-5.68785022748932e-05,-0.000110088970053567,-0.000464123985108249,6.78277428460591e-05,-0.000506905746947885,-0.000857597862307345,-0.00154367938761228,0.000226059813174024,0.000847179477678154,2.52245387355466e-05,0.00249755971546631,0.00236171407995511,-0.000404293169566094,-0.000526775415335268,-0.000492112786101548,0.00097673645795025,-5.38895883559216e-05,0.000732259578063259,-0.000995865269717264,0.000359034300835017,-0.000245968569282482,-0.000591120903952808,-0.00244674474674864,-0.00165435106814265,0.00024343332094848,0.000418362547061246,-0.00106856521452766,-0.000294236611459516,-7.91116627413187e-05,-0.00118459633517002,-0.000744548758178902,-0.000283532596466209,-0.000806499833630332,-0.00147857805492469,-0.000601637398199573
0.0108284176803658,0.0146784372555799,-0.0131481731461567,-0.0134704070546877,-0.0139607441587874,-0.0115338611042652,0.00959767369336586,0.00953812238660302,-0.0157927454585602,0.00456453151711175,0.0101858626400714,0.00660447298897079,0.0110885186341524,0.00718340263128108,0.00841992444795158,-0.0206297603394279,-0.02147849478508,-0.016924327208487,-0.0206232764184024,-0.001686612083127,-0.0192475035338132,-0.0187797319336485,-0.0190903159321388,-0.0211805534359816,-0.0223542392773768,-0.0172416165262272,-0.0213514578882743,-0.0133560979345505,-0.0188322252888148,-0.0167985971336335,-0.0175992902070822,-0.0187009054944483,-0.0165684336554799,-0.000256273584820734,-6.77911026275714e-05,0.000522208207185862,-0.000199648213197759,-0.00132212378365621,-0.00196306862342467,0.000299148524840904,0.00176444411638771,0.0014263270359375,0.000303674289549458,0.00219840164327706,0.00080748609773547,0.000818314139111437,0.00399979604639139,0.0021571306877626,-0.000727768122479635,0.000308685423611802,-0.000942357498716478,-0.000425200034702767,-0.00155456284045124,-8.14891951837837e-05,0.000585025924835153,1.86510427813344e-06,-0.000232643301521995,0.00489062140146057,-0.00528377003652626,0.000268691096908754,-0.000533547353248,-0.000934987815700456,-0.00018347040901632,-0.0002531936093715,0.000924252093848148,-0.000715237432970906,0.0010498498560615,0.00035126824515519,-0.000926679821717751,0.00108294106363597,3.73849932155718e-05,-0.00226258400061568,-0.000506486336415803,0.000994429291883691,-0.00155301012175236,0.00468509144419762,0.00254333145399121,-0.000232292335440399,-2.32694612097451e-05,-7.22034541771002e-06,0.00123220453590661,-0.000187183372498874,-0.000209626078025745,-0.00132489977886992,-0.00195040498839385,0.00166099080500374,0.000392893297369586,-0.00287349263095563,0.000347146011465925,0.00187831973838004,0.000641640863930275,0.000487770191038729,-0.000271613215663857,-7.71403627758268e-05,0.000574792645784363,0.000321653980404222,7.04786934716371e-05,-0.00015870722831457,1.2948230918914e-05,-1.65027359186743e-05
0.0333858836525284,0.0443735754848386,-0.0431028423909675,-0.039440708352391,-0.0429557409683671,-0.0379266179773311,0.0272463916408289,0.0264214035772027,-0.051983946946961,0.00722976766085589,0.025246332678474,0.0110885186341524,0.0248922827186003,0.0204842023260425,0.0205909152674145,-0.0561304668684668,-0.0577409204603726,-0.0481998246965943,-0.0583918312684534,-0.0049181247980618,-0.0525208582939754,-0.0497874541691545,-0.0527822476121414,-0.0567630032751983,-0.0575492606088844,-0.0484039035904997,-0.0576757193358645,-0.0370458767205799,-0.0497518423410189,-0.0487309266994114,-0.0494701767659941,-0.0482492943808424,-0.0445961611273192,-0.000101981449380094,-0.000254910006344597,0.0013009330255131,-0.000339036582662819,-0.000557229331535234,-0.00145397312724149,0.000388759844748718,0.000650582401035852,0.000711034258451063,-0.000240021461027548,0.00161826558395362,-4.18184437643339e-06,0.000238726027413957,0.00229154093434625,0.00119524690105082,-0.000635962795285476,0.000542631028249614,-0.00076263717895352,-2.70057831719726e-05,-0.0026577672544072,0.000292235128444639,0.00130321126764357,-0.000411102851646451,0.000261575880122349,0.00442916226951199,-0.00395202393681565,0.000756867680170013,-0.000540354302915092,-0.00051689431774755,0.000193427311339547,0.000600253619180382,0.00154780097277205,-0.000312265553868476,0.000297474019570839,-0.000162129547767058,-0.000600662359092792,0.000917004093017736,-0.00115119069467669,-0.00272004659174643,-0.000700165300121904,0.000100313401229471,-0.00132461089465137,0.00336078980546403,0.00144477993167284,-0.000475554771617912,-0.000396643187174361,-0.000298121120605628,0.00136252324401716,1.52521419137745e-05,-0.00131216069972594,-0.000951180921198022,-0.00248258942881675,0.000204456243895686,-0.000653974252890062,-0.00449926320516691,0.00209481130902896,0.00297378226305555,0.000922465718981293,0.00237273424843514,-0.000413492145687267,0.000938899336099059,0.00130241228314989,-0.000350299477529533,0.000586651739121659,-0.000522003543699859,0.000141464514899405,0.000901429925661837
0.0333171292393843,0.0448171762072332,-0.0444072218524099,-0.039401060029597,-0.0436018448749927,-0.0390648753745382,0.0253044940970023,0.0243720704224116,-0.0531361634587102,0.00418792412405176,0.0227409610095161,0.00718340263128108,0.0204842023260425,0.0195674906375837,0.0174576638966509,-0.0525221314462389,-0.053580867319749,-0.0460641037756828,-0.0559138872953901,-0.00486313855693512,-0.0495322812937416,-0.0459775712016081,-0.0499021548344589,-0.0526093041466718,-0.0528190999303728,-0.0465780074652754,-0.0539721356168198,-0.0351983540005882,-0.0460454174192001,-0.0467557736395109,-0.0471175232327642,-0.0445891347159731,-0.0418758456515764,0.000473438101770754,-0.000733838990036129,0.00133746871782925,-0.000360963722541204,0.0012318321108859,0.000809046825505,0.000644399103030767,-0.00138385838181518,-0.000910278819461631,-2.17657423691633e-05,-0.000727755883376245,0.000111083982786545,-0.00121246510589386,-1.02418518273108e-05,-0.000693734227707048,-0.00116290958148631,0.000399781683880075,-0.000947536047132678,-0.000602238204500898,-0.00099979017719583,0.000276934793087322,-1.37291036629682e-05,-0.00078536673530113,-0.000391007362591832,-0.0003431133481604,8.96083185092561e-06,-0.000235772726573037,-0.00155711470733907,-0.00053116449191518,-0.000299512732903121,-8.83112876868581e-05,-0.000396934892197923,-0.000408056454350739,-0.00141320167261271,-0.00124765526306748,-4.0116941750028e-06,-0.00101856032481305,-0.00203674785426596,-0.000220161255166808,0.000441793010046719,0.000143141914035394,0.000806552697061803,-0.000422438125017821,-0.000143402152451178,-0.00126476796149056,-0.00125858935226572,-0.00130558583829002,0.000475630852329467,-0.000541203371826979,-0.000553716066573736,-0.000627690911963715,-0.000234430895713572,-0.00162405486226224,-0.00183737354884979,-0.00228384533092104,0.000100140503079725,0.000176799813217239,0.000119533881991483,0.000415622304160206,-0.000985631377224162,0.000348210167215898,-0.000539489013173923,-0.00152561045633435,-0.000111373385432183,-0.00113250742281626,-0.000998837384141515,6.68120653474657e-05
0.0282177638348194,0.036356949677958,-0.0362852643093979,-0.0321796720817338,-0.03540280582386,-0.0319759233984108,0.0236552802433801,0.0227309508558521,-0.0443563551411834,0.00564575509606461,0.0205410565453015,0.00841992444795158,0.0205909152674145,0.0174576638966509,0.0178067171500551,-0.0471079026358239,-0.0484436678047155,-0.0406565998402238,-0.0489363395320744,-0.00401610556127789,-0.043571562605651,-0.0416671493798393,-0.0443272146783321,-0.0475527901286315,-0.0473401334448967,-0.0400631670502992,-0.0479271331944597,-0.0308601198858043,-0.0413396054241126,-0.0416435648683384,-0.0416189124511941,-0.0393219059253566,-0.0367420285432943,-3.02352984765386e-05,-8.5349757639847e-05,0.00130573199588273,-0.000617484372296883,-2.85690962169326e-05,-0.000679047433311575,2.69772851912746e-05,-0.000407275539627943,-0.00027346214116276,-0.000949212330741833,0.000734354903931364,-0.00125997867112874,-3.67446793722146e-05,-0.00100193706484261,-9.15595666663156e-05,0.000394824254093678,0.000442048573886257,0.000310115250222266,0.0008229827026715,-0.00298367882107523,0.000647556987840644,0.00168510245757377,-0.000443002316129107,0.00100580936484412,0.00283557678360752,-0.00126075626330325,0.00131845790487621,0.000751605406900203,0.000445675200965455,0.000711023647486756,0.0016397066164937,0.00228484438634484,0.00041881558827412,-0.000598515439560162,-0.000624808292997091,-0.000536508916990424,0.000705041528163082,-0.00184367342753848,-0.00177853149296136,-0.000682253786966743,-0.000787665865388495,-0.000937868707966897,0.000993664729956156,-0.00059388614671402,-0.000834442747094363,-0.000692035793613136,-0.000563446920329203,0.000926655922416503,-0.000146176398715863,-0.00237607239434415,-0.000431962891138597,-0.00293002500439847,-0.000900784061543199,-0.00141935908710379,-0.00420952637033727,0.00379040423941727,0.00305965939754208,0.000707298830896424,0.00384444721510529,-0.000659576071449033,0.0014876846613888,0.00208736109820015,-0.000722510798347979,0.000895540751413525,-0.000628268395683796,0.000752927018912482,0.00164369577282505
-0.0897776454505455,-0.121790563741184,0.119793845876855,0.107102079094402,0.118219082214636,0.105382708183311,-0.0679889522955875,-0.0656872594129102,0.142749090098953,-0.0118935780494474,-0.0623242471618059,-0.0206297603394279,-0.0561304668684668,-0.0525221314462389,-0.0471079026358239,0.142193892846891,0.14523634895471,0.124515055747281,0.151428716644303,0.0132419196440649,0.134733635096277,0.124568648352938,0.134967664947538,0.14268346032241,0.143950226705864,0.126491688574561,0.146814140211965,0.0955301786931859,0.125052384507821,0.125640448770876,0.12733881271647,0.121914021143608,0.114182124755211,-0.000286667433884416,0.000953857326689221,-0.00222265014258267,-0.000630049679581441,-0.00136177536808991,-3.67534636685062e-05,-0.00102406209799655,0.000838474324513071,-0.000480111688835545,2.36758002873451e-05,-0.00011373259990005,-0.000431495907702326,0.000947512410124374,-0.00214845024625931,0.000665668090153818,0.00191997344155913,-0.000915701632895857,0.00157978549481054,0.00038913426630958,0.00194272768394326,-0.000560291719782964,-0.00134009255390961,0.00117828990896755,7.84497637390064e-06,-0.00107214580317519,0.000453670759774972,-0.000373181440728811,0.00327298282314054,0.000675217990311163,-0.000159653217410042,-0.000391907710198987,0.000236823991027555,0.000170983060746367,0.0017339234989063,0.00176624234826236,-0.000627304459528407,0.00151173961947691,0.00334981597284281,0.00229011354707508,-0.000378857187297973,-0.000108842558001949,-0.00098206629689621,-0.000836219670730044,-0.00144154712141057,0.00132559716246226,0.0016839623237307,0.00160527179969177,-0.00143091675214194,4.44359575205212e-05,0.000406695040856605,0.000952805686365349,-0.000178644393295429,0.0029020964329661,0.00280693455651524,0.00556555457741977,0.000386289220033445,-0.0012972878915206,-0.000832705073020803,-0.000670900367050576,0.000956410487211622,-0.00113645241742481,0.00118219589967094,0.00248154577193475,-0.000100930969164319,0.00192762019089426,0.00231982633648581,-0.000189478635609828
-0.0914029977795581,-0.123826775974909,0.121764255369095,0.10890860865426,0.120179099420306,0.107128626237998,-0.0695865644215528,-0.0672344468687125,0.145203333231887,-0.0124877000116812,-0.0637430205826216,-0.02147849478508,-0.0577409204603726,-0.053580867319749,-0.0484436678047155,0.14523634895471,0.14842868901822,0.127079017425837,0.154497620520949,0.0134825689793899,0.137555102796922,0.127303073609291,0.137764861940309,0.145829316331423,0.147096601067761,0.128970586381751,0.149963735286414,0.0974942214543897,0.127771090139418,0.128198305532011,0.129945169621051,0.124522477487812,0.116592520094782,-0.000118753288957544,0.0007722753248754,-0.00214431889091594,-0.000769737795412309,-0.00103008860470801,0.000382991397577366,-0.000885072029139299,0.000481306991955049,-0.000832928140214776,0.000178621275076573,-0.000502975468693827,-0.000213972158240619,0.000594076992260528,-0.00218332647869538,0.00048144540883018,0.00160630129841096,-0.000932477442687755,0.00133535121270181,6.10710019969303e-05,0.00225074197859142,-0.000596212304066818,-0.00179416814562185,0.00106757969476222,-0.000319533255019525,-0.00175250826660763,0.000670264715470983,-0.000715749477096146,0.00289444170562324,0.000450978549793557,-0.000422687229854732,-0.00074174802880611,-0.000273149559309135,-6.04487781842057e-05,0.00131249673801646,0.0014269267150376,-0.00071944470572742,0.00104259820553155,0.00306160200248871,0.00287557552633283,-3.09579083293404e-05,0.00020422223558881,-0.000551173801968195,-0.00116866678611975,-0.00151925743157489,0.000893356731129845,0.00132309536970338,0.00117793856894587,-0.00151919416978887,-0.000313506404190765,0.000626908758532035,0.000707624176518907,0.000130299792446608,0.0027063746735771,0.00246949284368776,0.00590982747564538,-0.000285411845810631,-0.00202503683196251,-0.00105158756293473,-0.00135272113717032,0.000605115480856374,-0.00147281027206252,0.00063674765367579,0.00213812331008148,-0.00039506822805151,0.00166902654265718,0.00195549817932931,-0.000549639431774353
-0.0793471860031244,-0.10773520753679,0.106308075373886,0.0944743669259,0.104668846378442,0.0935394366178648,-0.0597063867611176,-0.0575923926688279,0.126642142520389,-0.00949345024892842,-0.0542466266149882,-0.016924327208487,-0.0481998246965943,-0.0460641037756828,-0.0406565998402238,0.124515055747281,0.127079017425837,0.109491127028529,0.133130993384316,0.0117154830180105,0.118219884987784,0.108831870882829,0.118293387746447,0.124851168374884,0.125622966787374,0.111249128177012,0.128702166777996,0.0839014786094079,0.109342393585229,0.110408118591888,0.111804014862064,0.106562374274178,0.100185026328846,-0.000353436476254541,0.00087451816969752,-0.00186768939580157,-0.000726830149547781,-0.00173821512234764,-0.000713264686630537,-0.000925029713591825,0.00149300218666637,0.000133858147054361,2.36501562195099e-05,0.000760233307660279,-0.000262315991246371,0.00130357958710455,-0.00084860034435081,0.0011539639114327,0.00174625730183467,-0.000757088456146383,0.00140499581180785,0.000457110212437348,0.00122952464724969,-0.000355633328898663,-0.000983882405585342,0.00109885903791645,8.77933349839377e-05,0.00067803388559004,-0.00108968409395773,-3.63602951638057e-05,0.00305044457693859,0.000441120668775813,-0.000101390941305993,-0.000220468041316681,0.000674481594816022,5.27394494978982e-06,0.00105122667624077,0.000947036352720417,-0.0013984645847248,0.00111503995995493,0.0021985066433806,0.00206842843502612,2.56214103612212e-06,0.0007994891291997,-0.0010339430315432,0.000960071235414381,-0.000491882934983862,2.58880090614249e-05,0.000685926615433296,0.000541830811216443,-0.000771264483110687,-0.000888471574958986,0.000204609656613276,-0.000366411937382885,-0.00113596758876669,0.00292426352155712,0.00182178962812193,0.00384332159325088,2.42999835612855e-06,-0.00131070130588788,-0.000858141500713345,-0.000976543393509692,-0.000107314026317389,-0.00149812482879622,0.000754348624213705,0.00165579627810717,-0.00048327714694879,0.00104971529238673,0.00166770543190102,-0.000561360310043082
-0.0966812283859811,-0.132026826149936,0.129889431116665,0.11583466937233,0.12814251097685,0.114263179677455,-0.0720500264417931,-0.0696124735192684,0.15424273172917,-0.0113579121483479,-0.066239546740381,-0.0206232764184024,-0.0583918312684534,-0.0559138872953901,-0.0489363395320744,0.151428716644303,0.154497620520949,0.133130993384316,0.162118922652384,0.0143202497609072,0.144114139733793,0.132320824619105,0.143960181093185,0.151796467495523,0.153176902007817,0.135755705806043,0.156780722953854,0.102223633964189,0.133087584828393,0.133992330916132,0.136008940847036,0.13016587029848,0.122193569813371,-0.000121250169152598,0.000766281989093222,-0.0016800775188338,-0.00154231195168883,-0.00149548321522812,-0.000243125137956728,-0.000897400672008602,0.000623504252914491,-0.00107372528106715,-0.000143680565260005,0.000208688312945543,-0.0006279780366277,0.000698811966054848,-0.00214219920654318,0.00113510771640568,0.00179365934805166,-0.000821867232105779,0.00137141972791129,0.000173078028100119,0.000719645568042438,-0.000431691122209431,-0.00139546977831236,0.00099454648031485,-0.000122076663091508,0.000607046249164985,-0.00152013749790018,-0.000288487289885499,0.00368307359244908,0.000364583117746932,-0.000368426231211223,-0.000291380536973942,0.000986198880039284,-0.00023521281212385,0.00143886884278885,0.00139294631543033,-0.00155815244066957,0.00186151882848003,0.00265994554843711,0.00216639657923519,-0.000443937148844355,0.000239005932414705,-0.00152549437723323,0.000363630449845173,-0.00156345851405951,0.000363002493602807,0.00108843827613688,0.000949373738222622,-0.00104425770454524,-0.000706140814843791,-0.000596582383458096,0.000130077182149528,-0.00204467300822685,0.00331478306469768,0.0022487009430429,0.00426458669701299,0.0017130529051847,-0.000490015472977068,-0.000812865618837342,0.000426860826804627,0.00012382095185392,-0.00115889647051422,0.0019853877577814,0.00221889299124165,-7.92396240952043e-05,0.00158096572604895,0.00277309074721939,0.000116547237599861
