0.0576491850055616,0.078884150387342,-0.0774968589533278,-0.0692553912583659,-0.07653723560711,-0.0681615179091718,0.0427940586220276,0.0413764922963233,-0.0919278896681561,0.00678112258652887,0.0397022198020188,0.0123483596266468,0.0347896255445595,0.0333527241335942,0.0290737326089387,-0.090276812204636,-0.0920846923221078,-0.0793271378231508,-0.0966134215212445,-0.00854605163510478,-0.0859926922268237,-0.0791381950607577,-0.085850513475677,-0.0904734900754866,-0.0914298443033288,-0.0808891297531599,-0.0936093252851053,-0.0609630283157957,-0.0793762789417981,-0.0798554874101143,-0.081084277487907,-0.0777233676030127,-0.0729390964640199,0.000101411507032355,-0.000515778714684968,0.00112547909271007,0.000772766752542165,0.000887849268144977,0.000139546176485113,0.000612453521762611,-0.000275983927293481,0.000716989278446115,0.000193375051331886,-6.72651397206434e-05,0.000560752960516868,-0.00041796205987592,0.00164978830537831,-0.000601448378407426,-0.00121781174540253,0.000530091044624542,-0.000942273306613036,-0.000228794247575584,-0.000304627856424945,0.000251388344621953,0.00067889786030405,-0.000628708717014384,-4.5466764030333e-05,0.000264643915995819,8.49551529741941e-05,7.07811614951006e-05,-0.00239800867980761,-0.000413786100387209,0.000115415957729687,7.85938453339712e-06,-0.000778135017604945,1.1591839723778e-05,-0.00109143251629819,-0.000831813476423345,0.000755941823081587,-0.000984043573160591,-0.00180688628379323,-0.00149746800807476,0.000497864843856335,0.000215921318386895,0.00071828638963239,0.000396230297882045,0.00120531733854674,-0.000585014653031989,-0.000935455621190048,-0.000650020503125647,0.000691268015119628,0.00011072655423497,0.000277345757003681,-0.000315159496593792,0.000867622871546844,-0.00173379640494008,-0.00156538557113992,-0.00290724737393675,-0.000939858392741084,0.00050248402661129,0.000536720689780234,-0.000184514161315222,-0.000376475683074069,0.000634182355336123,-0.00109636155949267,-0.00156045250498233,2.64656664179917e-05,-0.00117742803830943,-0.00163215389747592,-8.66896438831453e-05
0.078884150387342,0.107940974043821,-0.106042676503253,-0.0947654801821065,-0.104729577760383,-0.0932686807082855,0.058557167038859,0.056617442909019,-0.125789349366764,0.0092789359270064,0.0543264553917217,0.0168968539231112,0.0476043165764024,0.0456381353201811,0.0397829855742736,-0.123530100724812,-0.126003909973896,-0.108547135041634,-0.132200787781861,-0.0116939731643484,-0.117667933469983,-0.10828859557951,-0.117473383451865,-0.123799224507577,-0.125107849958664,-0.110684483666749,-0.128090138529026,-0.0834186414476991,-0.108614377195937,-0.109270101173264,-0.110951513690748,-0.106352619174325,-0.0998060710490444,0.000138766238776411,-0.000705764802952093,0.00154004713160446,0.00105741388566019,0.0012148868224743,0.000190947739690825,0.000838049587540883,-0.000377642071141299,0.000981090887262304,0.000264604376088801,-9.20421233541618e-05,0.000767305224927158,-0.000571917573236717,0.00225748462491162,-0.000822990720995225,-0.00166639033766977,0.00072534905184022,-0.00128935784985806,-0.000313070164509177,-0.000416836935961552,0.000343986753340398,0.000928968569194912,-0.000860292352407252,-6.22143582957601e-05,0.000362124988696635,0.000116248218647834,9.68532649235474e-05,-0.00328131052173323,-0.000566203407177176,0.000157929201701107,1.07543735687614e-05,-0.00106475954073737,1.58616713826614e-05,-0.00149345956486628,-0.00113821035565492,0.00103439152609523,-0.00134651411299932,-0.00247244933869959,-0.00204905744179743,0.000681252392580134,0.000295455516844198,0.000982865786835946,0.000542180958900514,0.00164929364030417,-0.000800503664780725,-0.00128002888324477,-0.000889454293559786,0.000945895246522486,0.000151512465532702,0.000379505528181515,-0.000431247885341401,0.00118721007195498,-0.00237243694486109,-0.0021419923073685,-0.00397812630025397,-0.00128605340714948,0.000687573042335605,0.000734420713918806,-0.000252479594436245,-0.000515149770077878,0.000867782194778767,-0.00150020421155263,-0.00213524215586838,3.62142432649598e-05,-0.00161113137046628,-0.00223335461709225,-0.000118621605915911
-0.0774968589533278,-0.106042676503253,0.104177763259838,0.0930988926832067,0.102887757250161,0.0916284165845919,-0.0575273548923852,-0.0556217436059551,0.123577162431748,-0.00911575247044263,-0.0533710464048058,-0.0165996984033494,-0.0467671260852294,-0.0448355229591024,-0.0390833444570695,0.121357645932094,0.123787949681483,0.106638177286614,0.12987584646527,0.0114883177985895,0.115598573334145,0.106384184613413,0.115407444758386,0.121622036785409,0.122907648172584,0.10873793755685,0.125837488901814,0.0819516044554865,0.106704236890757,0.107348429017233,0.109000271473163,0.104482255142501,0.0980508374977027,-0.000136325834545148,0.000693352912087369,-0.00151296318402865,-0.0010388177390505,-0.00119352128739736,-0.000187589648587394,-0.000823311278154703,0.000371000691246286,-0.000963836990539005,-0.000259950926916208,9.04234300086581e-05,-0.000753811057079892,0.000561859578742036,-0.00221778350539419,0.000808517243472762,0.00163708446279095,-0.000712592743743509,0.00126668263447317,0.000307564374621901,0.000409506257900107,-0.000337937250696581,-0.00091263131852815,0.000845162871955447,6.11202291720693e-05,-0.00035575649905208,-0.000114203826242545,-9.51499607220699e-05,0.0032236039487805,0.000556245904525128,-0.000155151789158475,-1.05652424155846e-05,0.00104603421020016,-1.55827210392747e-05,0.00146719492677089,0.00111819328671582,-0.00101620026084711,0.00132283372238129,0.00242896775498765,0.0020130218145789,-0.000669271587767159,-0.000290259505913769,-0.000965580675946523,-0.000532645925610874,-0.00162028843547997,0.000786425654539196,0.00125751773117814,0.000873811958358815,-0.000929260315848428,-0.00014884790054027,-0.000372831376709742,0.000423663769973064,-0.00116633127241019,0.002330714223184,0.0021043222866464,0.00390816521792412,0.00126343630515037,-0.000675481079790435,-0.000721504867574778,0.000248039377017348,0.00050609011918788,-0.000852520994658143,0.00147382095912816,0.00209769084628545,-3.55773636227999e-05,0.00158279730413807,0.00219407785852675,0.000116535474076142
-0.0692553912583659,-0.0947654801821065,0.0930988926832067,0.0831982137802404,0.0919460734317887,0.0818841166810667,-0.051409560657554,-0.0497066031827541,0.110435246671915,-0.00814633021881735,-0.047695258240844,-0.014834389718778,-0.0417936373009969,-0.0400674521102349,-0.034926993798419,0.108451766493957,0.110623617576876,0.0952976519411092,0.116064091931529,0.010266583120755,0.103305147244569,0.0950706703292493,0.103134344395606,0.108688040482849,0.109836932461537,0.0971741114651208,0.112455196850158,0.0732363931579945,0.0953566863818991,0.095932371362777,0.0974085472636805,0.0933710031242445,0.0876235399192558,-0.000121828150683287,0.000619617721998992,-0.00135206586027585,-0.000928343805616703,-0.00106659527689597,-0.000167640271933647,-0.00073575555791711,0.000331546315249496,-0.000861336946949879,-0.000232306230145394,8.08072754012461e-05,-0.000673646395454439,0.000502108156170237,-0.00198193148040911,0.000722534807114749,0.00146298735877618,-0.000636811477811644,0.00113197621988072,0.000274856186292692,0.000365956975504017,-0.000301999033688103,-0.000815576784568394,0.000755283325864464,5.46203477441828e-05,-0.000317923279308604,-0.000102058725688395,-8.50311592885809e-05,0.00288078711511727,0.000497091472790552,-0.000138652043550267,-9.44167295440267e-06,0.000934792835160929,-1.3925563655359e-05,0.001311164866269,0.000999278094878924,-0.000908131601878276,0.0011821558738071,0.00217065716594958,0.00179894534131052,-0.00059809734607227,-0.000259391618189641,-0.000862895198687564,-0.00047600125319365,-0.00144797751891017,0.000702792566515882,0.00112378596582249,0.000780885701429839,-0.000830437357386497,-0.000133018547191842,-0.000333182314950065,0.000378608895221797,-0.00104229680658776,0.00208285248741833,0.00188053638900596,0.0034925481487279,0.00112907512414032,-0.00060364648451989,-0.000644775834447688,0.000221661423892847,0.000452269546014221,-0.000761858942909914,0.00131708624772357,0.00187461017466635,-3.17938594017346e-05,0.00141447341300355,0.00196074683020508,0.000104142412500653
-0.07653723560711,-0.104729577760383,0.102887757250161,0.0919460734317887,0.101613725047685,0.0904938058543107,-0.0568150086947912,-0.0549329940947813,0.122046938733259,-0.00900287449052029,-0.0527101666887264,-0.0163941486772938,-0.046188020988158,-0.0442803363986078,-0.0385993856193073,0.119854905926224,0.122255115859582,0.105317704613213,0.128267627808913,0.0113460609624133,0.114167146418794,0.105066857064888,0.113978384538226,0.120116022896716,0.121385714894151,0.107391464100914,0.124279276171511,0.080936819160216,0.105382946218546,0.106019161482316,0.107650549604917,0.103188478689437,0.0968366996081185,-0.000134637747372467,0.000684767304224116,-0.0014942285564196,-0.00102595433054179,-0.00117874222529003,-0.000185266775006135,-0.000813116429816431,0.000366406686668664,-0.000951902049038647,-0.000256732022541129,8.9303740312155e-05,-0.000744476811811363,0.000554902218452354,-0.00219032127199045,0.000798505585798696,0.00161681287383312,-0.00070376889407428,0.00125099763452987,0.000303755885370358,0.000404435448956226,-0.00033375266206028,-0.000901330443478795,0.000834697441043295,6.03633933514715e-05,-0.000351351259321465,-0.000112789670115834,-9.39717436312896e-05,0.00318368690375455,0.000549358056895822,-0.000153230585111049,-1.0434415780578e-05,0.00103308144201565,-1.53897642780737e-05,0.00144902703552733,0.00110434699154968,-0.00100361691865864,0.0013064534181947,0.00239889048222619,0.00198809509166644,-0.000660984172647943,-0.00028666529832783,-0.000953624142845575,-0.00052605031035127,-0.00160022482733774,0.000776687551236005,0.00124194621783657,0.000862991773298794,-0.000917753528272188,-0.000147004755897724,-0.00036821470323258,0.000418417652258053,-0.00115188889715079,0.00230185359822272,0.00207826501385488,0.0038597714296513,0.00124779150365446,-0.000667116774154698,-0.000712570661405835,0.000244967970250907,0.000499823337537345,-0.000841964450036026,0.00145557101945801,0.00207171568888642,-3.51368184292214e-05,0.00156319793887481,0.00216690916595136,0.000115092445763815
-0.0681615179091718,-0.0932686807082855,0.0916284165845919,0.0818841166810667,0.0904938058543107,0.0805907754504098,-0.050597558194276,-0.0489214985502825,0.108690946756036,-0.00801766076279111,-0.0469419223499535,-0.0146000838651818,-0.0411335161872645,-0.0394345957038652,-0.0343753297764655,0.106738795201972,0.108876342384865,0.093792446933888,0.114230885669093,0.0101044247463811,0.101673465647625,0.0935690504456042,0.101505360591297,0.10697133729628,0.108102082784222,0.0956392682011969,0.110678992274924,0.0720796407779846,0.0938505489389456,0.0944171411048575,0.095870001138976,0.0918962291023333,0.0862395457877067,-0.000119903902407555,0.000609830999254845,-0.00133071028370574,-0.000913680823726021,-0.00104974864406965,-0.00016499243149281,-0.000724134464140823,0.00032630961567008,-0.000847732323341159,-0.000228637005419483,7.95309426367303e-05,-0.00066300630194866,0.000494177470624059,-0.00195062731784564,0.000711122532127819,0.00143987980205178,-0.000626753183556395,0.00111409690974543,0.000270514894566752,0.000360176767274998,-0.000297229026784216,-0.000802694932446116,0.000743353795379659,5.37576316200593e-05,-0.00031290175252195,-0.000100446731039967,-8.36881112268082e-05,0.00283528572969916,0.000489240024631539,-0.000136462065665583,-9.29254385081999e-06,0.000920027992297139,-1.37056125052994e-05,0.00129045531171229,0.000983494721822181,-0.000893787867205698,0.0011634839873091,0.00213637212357343,0.00177053140371287,-0.000588650532832107,-0.00025529458584333,-0.000849265962842653,-0.000468482920316011,-0.00142510703923504,0.000691692115784827,0.00110603601891041,0.000768551787173631,-0.00081732078585445,-0.000130917549116777,-0.000327919775122847,0.000372628852762635,-0.00102583396264218,0.00204995430021743,0.00185083373913645,0.00343738413519402,0.00111124163616062,-0.000594112023884362,-0.000634591744968279,0.000218160331490723,0.000445126050121007,-0.000749825552030851,0.00129628316627681,0.00184500112802122,-3.12916825338307e-05,0.00139213212315572,0.00192977727443322,0.000102497506487051
0.0427940586220276,0.058557167038859,-0.0575273548923852,-0.051409560657554,-0.0568150086947912,-0.050597558194276,0.0317668229510766,0.0307145371913221,-0.0682397764873664,0.0050337529917045,0.0294716936842786,0.00916641624157606,0.0258249839065139,0.0247583453545727,0.0215819706299066,-0.06701415108162,-0.0683561740039081,-0.0588860048237296,-0.0717179336335099,-0.00634389253940479,-0.063833969411114,-0.0587457491089388,-0.0637284274886949,-0.0671601487107977,-0.0678700681812249,-0.0600455003866503,-0.0694879373131257,-0.0452539859370225,-0.0589224831869873,-0.0592782085156857,-0.0601903621674356,-0.0576954964616386,-0.0541440433133247,7.52796414463116e-05,-0.000382872100448483,0.000835463992537875,0.000573639084511828,0.000659066969027489,0.000103587713450028,0.000454635601718358,-0.000204867984902046,0.000532234431592195,0.000143545885027447,-4.99321600495547e-05,0.000416257316777667,-0.000310260984442157,0.00122466843976171,-0.00044646627981311,-0.000904004232120923,0.000393496408257741,-0.000699466941593015,-0.000169838210933731,-0.000226130904443732,0.000186610227978218,0.000503958465838118,-0.000466702134462052,-3.37508217172586e-05,0.000196450084315944,6.30637847919316e-05,5.25421681861473e-05,-0.00178008629280566,-0.000307161092307586,8.56754047871658e-05,5.83416682166116e-06,-0.000577624047174752,8.60483749473037e-06,-0.000810190587775803,-0.000617470562146179,0.000561149627504274,-0.000730473784710074,-0.0013412851811266,-0.00111159825964548,0.000369574302078671,0.000160282396982765,0.000533197301269179,0.000294129094691484,0.000894729402314001,-0.000434267220849364,-0.000694406047330074,-0.000482522268330337,0.000513141061052436,8.21943736496758e-05,0.00020587889633897,-0.000233948736156848,0.000644052539913715,-0.0012870292092509,-0.00116201472563706,-0.00215810361476893,-0.000697674306262724,0.000373003207059415,0.000398417716744731,-0.000136968282121527,-0.000279464877945548,0.000470765317648314,-0.000813849507904415,-0.00115835281918836,1.96459547529302e-05,-0.000874026657788343,-0.0012115780919022,-6.43513295443833e-05
0.0413764922963233,0.056617442909019,-0.0556217436059551,-0.0497066031827541,-0.0549329940947813,-0.0489214985502825,0.0307145371913221,0.0296971087203147,-0.0659793129478719,0.00486700837895396,0.0284954347858809,0.00886277589032507,0.02496952338871,0.023938217566162,0.020867061229106,-0.0647942867598455,-0.0660918547609548,-0.0569353878413428,-0.0693422550710743,-0.00613374915204405,-0.061719449583199,-0.0567997781401501,-0.0616174037693517,-0.0649354481727487,-0.0656218513428379,-0.058056474757883,-0.0671861280632071,-0.0437549337640369,-0.0569706578476221,-0.0573145996656323,-0.0581965379477205,-0.0557843154341229,-0.0523505052613172,7.27859802194594e-05,-0.000370189344614521,0.000807788991374265,0.000554637113782805,0.000637235173405363,0.000100156338650071,0.00043957565788002,-0.000198081670026491,0.000514604002698565,0.000138790883530496,-4.82781419233213e-05,0.000402468665406601,-0.000299983494110854,0.00118410092183375,-0.000431676947270116,-0.00087405881448556,0.000380461718966909,-0.000676296884480571,-0.000164212268071803,-0.000218640248832593,0.000180428706904221,0.000487264686988219,-0.000451242483023261,-3.26328153894687e-05,0.000189942614980826,6.0974777565903e-05,5.08016927393563e-05,-0.0017211203880333,-0.000296986286854624,8.28373807091023e-05,5.6409082551397e-06,-0.000558490073334502,8.3197996118218e-06,-0.000783352775901553,-0.000597016660268277,0.000542561373871744,-0.000706276616403122,-0.00129685469785029,-0.00107477622613604,0.000357332039896912,0.000154972993390721,0.000515534977021986,0.000284385978159183,0.000865091216262514,-0.000419881985878536,-0.00067140363389332,-0.000466538570101829,0.000496143105917848,7.94716597963988e-05,0.00019905909471181,-0.000226199112470855,0.000622718101864034,-0.00124439597169458,-0.00112352263121843,-0.0020866157701899,-0.00067456363074577,0.00036064736134781,0.000385220007599877,-0.000132431165739556,-0.000270207518093525,0.000455171072019453,-0.000786890493177952,-0.00111998202654471,1.89951764722338e-05,-0.000845074256503111,-0.00117144419576463,-6.22196720032716e-05
-0.0919278896681561,-0.125789349366764,0.123577162431748,0.110435246671915,0.122046938733259,0.108690946756036,-0.0682397764873664,-0.0659793129478719,0.146589008986431,-0.0108132368029232,-0.0633095035287795,-0.0196908012009465,-0.0554758381813758,-0.0531845427474769,-0.0463612258049814,0.143956186564303,0.146839047856378,0.126495740968302,0.1540605986574,0.0136276079485683,0.137124691745989,0.126194451203092,0.136897972278103,0.144269810800447,0.145794821534463,0.128986506827187,0.149270240782927,0.097212172909478,0.126574101821673,0.127338251795331,0.12929769109505,0.123938355086164,0.116309314894782,-0.000161711667366197,0.000822465205226559,-0.00179469870820353,-0.00123226055598292,-0.00141577213201038,-0.000222521541532615,-0.000976623689823807,0.000440086360561245,-0.00114331731274062,-0.000308357531536599,0.00010726157433372,-0.000894181527119826,0.000666485920348087,-0.00263076671939075,0.000959074792921967,0.00194193315581388,-0.000845287770497039,0.00150255717507915,0.000364837288607081,0.000485762218018825,-0.000400866031428507,-0.0010825764074888,0.00100254436494688,7.25016956778367e-05,-0.00042200348033828,-0.000135470222668362,-0.000112868253105015,0.00382388540825629,0.000659826899182394,-0.000184043285730677,-1.25326426414535e-05,0.00124082083794272,-1.84844480121551e-05,0.00174040774260414,0.00132641697324522,-0.00120543137775642,0.00156916440385823,0.00288127651628422,0.00238787545417355,-0.00079389959166402,-0.000344310004239581,-0.0011453856974716,-0.000631832264469433,-0.00192200946643652,0.000932869432117575,0.00149168563486056,0.00103652832364602,-0.00110230196348677,-0.000176565522306437,-0.000442257946010961,0.000502556062639059,-0.00138351894482866,0.00276472676248591,0.00249617738842259,0.0046359218400661,0.00149870633250509,-0.000801265380488504,-0.000855859460076912,0.000294227879578206,0.000600331384616068,-0.00101127267601799,0.00174826763756897,0.00248831107840596,-4.22023808703046e-05,0.00187753694674887,0.00260264673983061,0.000138236056892959
0.00678112258652887,0.0092789359270064,-0.00911575247044263,-0.00814633021881735,-0.00900287449052029,-0.00801766076279111,0.0050337529917045,0.00486700837895396,-0.0108132368029232,0.000797645682746352,0.00467006809218257,0.00145250518914981,0.00409221250108453,0.00392319355291428,0.00341986699118392,-0.0106190248868501,-0.0108316810882715,-0.00933104337841655,-0.0113643836383175,-0.00100524966246895,-0.0101150950786118,-0.00930881853632205,-0.0100983709646346,-0.0106421595894858,-0.010754653031579,-0.00951477639659432,-0.0110110196690433,-0.0071709212925657,-0.0093368237194492,-0.00939319175601105,-0.00953773111332927,-0.0091423960894335,-0.00857963481054341,1.1928769865605e-05,-6.06696988251203e-05,0.000132387156826345,9.08985283881584e-05,0.000104435383172723,1.64144511173168e-05,7.20413030856017e-05,-3.24632662666127e-05,8.43375702518767e-05,2.27462006293988e-05,-7.91222214506016e-06,6.59599015260496e-05,-4.91637820077301e-05,0.000194060275778621,-7.07467969071252e-05,-0.000143248004843305,6.23532206964136e-05,-0.000110837140222199,-2.69124678822952e-05,-3.58325766008622e-05,2.95701523194399e-05,7.98569765385196e-05,-7.39533591130998e-05,-5.34813632617226e-06,3.11293704494446e-05,9.99305205476444e-06,8.32580257411912e-06,-0.000282071478022922,-4.86725748344353e-05,1.35760767083028e-05,9.24478810420187e-07,-9.15299833421908e-05,1.36351773512063e-06,-0.000128382347247887,-9.78440398109578e-05,8.89194560184298e-05,-0.000115750467234603,-0.000212539299369756,-0.000176143238298694,5.85625371353846e-05,2.53982589499784e-05,8.44901460421786e-05,4.66075317834204e-05,0.000141778320501246,-6.88137408489444e-05,-0.000110035193748797,-7.64602086747097e-05,8.13120454386383e-05,1.30244744618476e-05,3.2623454727316e-05,-3.70713858401477e-05,0.000102056205135732,-0.000203941928421841,-0.000184132203292366,-0.00034197189136546,-0.000110553080230717,5.91058795002057e-05,6.31330484858542e-05,-2.17039173530099e-05,-4.42838482022974e-05,7.45972088474968e-05,-0.000128962137684349,-0.000183551939645294,3.11308699849388e-06,-0.000138497775186626,-0.000191985986580683,-1.01970756758734e-05
0.0397022198020188,0.0543264553917217,-0.0533710464048058,-0.047695258240844,-0.0527101666887264,-0.0469419223499535,0.0294716936842786,0.0284954347858809,-0.0633095035287795,0.00467006809218257,0.0273423857953195,0.00850414950435482,0.0239591480793142,0.022969573367261,0.0200226893475397,-0.0621724286445376,-0.0634174914115592,-0.0546315348918797,-0.0665363664150931,-0.00588555103465207,-0.0592220127279741,-0.0545014125478811,-0.0591240961307376,-0.0623078780538909,-0.0629665063720314,-0.055707257765121,-0.064467485665745,-0.0419844192030974,-0.0546653777205973,-0.054995402159594,-0.0558416533902812,-0.0535270398710791,-0.0502321765640884,6.98407434947102e-05,-0.000355209876733726,0.000775102342158713,0.000532194088470833,0.000611449872041603,9.61035784080689e-05,0.00042178851855744,-0.000190066425781615,0.000493780890845418,0.000133174801889473,-4.63245987249403e-05,0.000386183036081527,-0.000287844859706125,0.00113618705833588,-0.000414209424067239,-0.000838690600548594,0.000365066586227281,-0.000648930976719214,-0.000157567526857613,-0.000209793115244113,0.000173127778179059,0.000467547842529106,-0.000432983253309517,-3.13123500192527e-05,0.000182256712234862,5.85074733731307e-05,4.87460357201852e-05,-0.00165147638572316,-0.000284968932466405,7.94854206872566e-05,5.41265261986646e-06,-0.000535891140553311,7.98314440314824e-06,-0.000751654922042017,-0.000572858774535234,0.000520606985417548,-0.000677697598545697,-0.00124437832710889,-0.0010312861144063,0.000342872834378752,0.000148702113337962,0.00049467419390634,0.000272878486958917,0.000830085870278135,-0.000402891738015673,-0.0006442357282924,-0.000447660394304335,0.000476067002087489,7.62558914533278e-05,0.00019100429962115,-0.000217046114446426,0.00059752022423367,-0.00119404230873759,-0.00107806002833015,-0.00200218223809657,-0.000647267857954605,0.000346054003531885,0.000369632333846354,-0.000127072425887987,-0.000259273748936431,0.000436752874540857,-0.000755049487920128,-0.00107466269189135,1.82265491738113e-05,-0.000810878883604531,-0.00112404247834655,-5.97019939774574e-05
0.0123483596266468,0.0168968539231112,-0.0165996984033494,-0.014834389718778,-0.0163941486772938,-0.0146000838651818,0.00916641624157606,0.00886277589032507,-0.0196908012009465,0.00145250518914981,0.00850414950435482,0.00264499811149612,0.00745187997816716,0.00714409808378437,0.00622754521004085,-0.0193371431520247,-0.019724388068848,-0.016991741095704,-0.0206944343374508,-0.00183055005839174,-0.0184194917721375,-0.0169512698699849,-0.0183890373199148,-0.0193792712251212,-0.0195841207114534,-0.0173263171713902,-0.0200509619158836,-0.0130581793567467,-0.0170022670416554,-0.017104912699219,-0.0173681174918761,-0.0166482161796993,-0.0156234332522395,2.17221762804614e-05,-0.000110478943563299,0.000241075751334825,0.000165525354209015,0.000190175837806756,2.98905591049632e-05,0.00013118652658492,-5.91152985955564e-05,0.000153577911948773,4.14206146441976e-05,-1.44080811468023e-05,0.00012011235228219,-8.95267786551369e-05,0.000353381913390141,-0.000128829243166611,-0.000260853252102942,0.000113544620852094,-0.000201833376404625,-4.90073476198982e-05,-6.52507806149705e-05,5.38469656603094e-05,0.000145418793483146,-0.00013466836239493,-9.73890529852723e-06,5.66862870204533e-05,1.81972525884093e-05,1.51612071679582e-05,-0.000513649474198606,-8.86322950722737e-05,2.47219063472025e-05,1.68346710631088e-06,-0.000166675227664468,2.48295280548809e-06,-0.000233783031246078,-0.000178173064340386,0.000161921482278265,-0.000210780498085189,-0.000387032039300846,-0.000320755158833931,0.000106641822201117,4.62499875799435e-05,0.00015385575100933,8.48718713499395e-05,0.000258176970917664,-0.000125309166500794,-0.000200373039516666,-0.000139233311563989,0.000148068460087892,2.37174439114952e-05,5.94070002563895e-05,-6.75066404376344e-05,0.000185843377267707,-0.000371376308711425,-0.000335302987976929,-0.000622727556227068,-0.000201316105866362,0.00010763124347106,0.000114964679827284,-3.95226267276749e-05,-8.0640465686334e-05,0.000135840806627342,-0.00023483882410724,-0.000334246333403755,5.66890176603022e-06,-0.000252203129153335,-0.000349604652522346,-1.85687776587258e-05
0.0347896255445595,0.0476043165764024,-0.0467671260852294,-0.0417936373009969,-0.046188020988158,-0.0411335161872645,0.0258249839065139,0.02496952338871,-0.0554758381813758,0.00409221250108453,0.0239591480793142,0.00745187997816716,0.0209945386984032,0.0201274100125924,0.0175451616627373,-0.0544794604061239,-0.0555704640744365,-0.0478716467565471,-0.0583034219300502,-0.00515729643430489,-0.0518941171822487,-0.0477576252321773,-0.0518083163940448,-0.0545981498460376,-0.0551752821241675,-0.0488142639738313,-0.056490536229324,-0.0367894346982408,-0.0479013020086798,-0.0481904905404672,-0.0489320300206031,-0.0469038175424353,-0.0440166474738013,6.11989285750479e-05,-0.000311257623954495,0.000679194271173763,0.000466342515538313,0.00053579150469855,8.42121050908828e-05,0.000369598090302792,-0.000166548364663453,0.000432682413709714,0.000116696283301269,-4.05925777243494e-05,0.000338398288154515,-0.000252228085332225,0.000995599805380904,-0.000362956802722506,-0.000734914372202022,0.000319894703545819,-0.000568634847041444,-0.000138070749814346,-0.000183834152285817,0.0001517056377262,0.000409695338116263,-0.000379407633246172,-2.74378847712337e-05,0.000159704993908451,5.12679920759999e-05,4.27143957678844e-05,-0.00144712928751832,-0.000249708013853548,6.96502118962334e-05,4.74291258239315e-06,-0.00046958210914818,6.99534196925562e-06,-0.000658648141261794,-0.000501975515610405,0.000456189154381678,-0.000593842001868449,-0.0010904039182636,-0.000903678885674663,0.000300447117992934,0.00013030230718861,0.000433465183014359,0.000239113591829542,0.000727374356920409,-0.000353039521982832,-0.00056452056991986,-0.000392268683379406,0.000417160370864266,6.68202917231584e-05,0.000167370189736413,-0.000190189694307944,0.000523585455927923,-0.00104629627795345,-0.000944665182128078,-0.00175444019711477,-0.000567177515956547,0.000303234661968643,0.000323895503772875,-0.000111348990956347,-0.000227192249803975,0.000382710816587988,-0.000661622677103233,-0.000941688218544077,1.59712687071002e-05,-0.000710543966137573,-0.000984957947259836,-5.23147074671547e-05
0.0333527241335942,0.0456381353201811,-0.0448355229591024,-0.0400674521102349,-0.0442803363986078,-0.0394345957038652,0.0247583453545727,0.023938217566162,-0.0531845427474769,0.00392319355291428,0.022969573367261,0.00714409808378437,0.0201274100125924,0.0192960959816573,0.0168205011596654,-0.0522293179483983,-0.0532752603466964,-0.0458944240732615,-0.0558953399825141,-0.00494428676814084,-0.0497507560786788,-0.0457851119324129,-0.0496684990846866,-0.0523431052078197,-0.0528964004318917,-0.0467981087643021,-0.0541573311446606,-0.0352699360028952,-0.0459228544868693,-0.0462000987852005,-0.0469110107691039,-0.0449665687059952,-0.0421986462199488,5.86712547227836e-05,-0.000298401879978146,0.000651141793134897,0.000447081364891209,0.000513661931383698,8.07339275959723e-05,0.000354332734348732,-0.000159669486939622,0.00041481151222608,0.000111876425326218,-3.8915999396936e-05,0.000324421564631157,-0.00024181041379866,0.000954478961373075,-0.000347965749102701,-0.000704560510042649,0.000306682225869203,-0.000545148758839909,-0.000132368071153227,-0.000176241326876852,0.000145439802969774,0.000392773862239751,-0.000363737117826448,-2.63046292467903e-05,0.000153108765076056,4.91504915568578e-05,4.09501808737404e-05,-0.00138735910941103,-0.000239394427782437,6.67734782096479e-05,4.54701803983773e-06,-0.000450187154915779,6.70641627406715e-06,-0.000631444271467434,-0.000481242630005564,0.000437347363780669,-0.000569314793052065,-0.00104536741947552,-0.000866354613120412,0.0002880378758408,0.000124920485277031,0.000415561951136226,0.000229237582757792,0.000697331916871141,-0.000338458077678008,-0.000541204411992324,-0.000376066973363774,0.000399930569849998,6.40604410505738e-05,0.000160457368513956,-0.000182334368594475,0.000501960023960565,-0.00100308153865844,-0.000905648069645765,-0.00168197728453011,-0.000543751619293707,0.000290710287048935,0.000310517782711162,-0.000106749989969406,-0.000217808622955632,0.000366903871162761,-0.000634295951294166,-0.00090279406234851,1.53116140491119e-05,-0.000681196664707488,-0.000944276639484723,-5.01539748982597e-05
0.0290737326089387,0.0397829855742736,-0.0390833444570695,-0.034926993798419,-0.0385993856193073,-0.0343753297764655,0.0215819706299066,0.020867061229106,-0.0463612258049814,0.00341986699118392,0.0200226893475397,0.00622754521004085,0.0175451616627373,0.0168205011596654,0.0146625130560739,-0.0455285516798156,-0.0464403047795224,-0.0400063937327165,-0.0487242410013665,-0.00430995893657906,-0.0433679771862211,-0.0399111058053732,-0.0432962733626004,-0.045627740589887,-0.0461100507404473,-0.0407941400938494,-0.0472092102044419,-0.0307449755640711,-0.0400311766631867,-0.0402728518728262,-0.0408925573231429,-0.0391975776750051,-0.0367847661181667,5.11440194452662e-05,-0.000260118376949929,0.000567603482950308,0.000389723010486989,0.000447761615651613,7.03761592004561e-05,0.000308873576016923,-0.000139184672007442,0.000361593222228679,9.75232266530859e-05,-3.39232668415385e-05,0.000282799863209954,-0.000210787319340966,0.000832023974793326,-0.000303323443864997,-0.000614168839515119,0.000267336394925967,-0.000475208837008971,-0.000115385894455128,-0.000153630425860809,0.000126780586956039,0.000342382895046242,-0.000317071423049982,-2.29298738548357e-05,0.000133465658699296,4.28447236692925e-05,3.56964727751162e-05,-0.00120936771515355,-0.000208681292524649,5.8206767251155e-05,3.96365784482074e-06,-0.000392430342828185,5.84601583773097e-06,-0.000550433057058716,-0.000419501552219879,0.000381237834152685,-0.00049627448712164,-0.000911251887857486,-0.000755205549792344,0.00025108402389858,0.000108893797453416,0.000362247383493755,0.000199827521084146,0.000607867639524215,-0.00029503556022383,-0.000471770530587455,-0.000327819418373038,0.000348621432042118,5.58417995020414e-05,0.000139871472225857,-0.000158941760100367,0.000437561005768234,-0.000874391078914718,-0.000789457847857209,-0.00146618781808836,-0.000473990943639273,0.000253413577807737,0.000270679868567964,-9.30544879016732e-05,-0.000189864840975759,0.000319831897407927,-0.00055291888029872,-0.000786969995749777,1.33472087884647e-05,-0.000593802461366509,-0.000823130560948503,-4.37194650016221e-05
-0.090276812204636,-0.123530100724812,0.121357645932094,0.108451766493957,0.119854905926224,0.106738795201972,-0.06701415108162,-0.0647942867598455,0.143956186564303,-0.0106190248868501,-0.0621724286445376,-0.0193371431520247,-0.0544794604061239,-0.0522293179483983,-0.0455285516798156,0.141370651138344,0.144201734593171,0.124223805129265,0.151293582212468,0.0133828483174401,0.13466185387327,0.123927926700518,0.134439206416666,0.141678642503875,0.143176263173095,0.126669835409086,0.146589261904585,0.0954661866973496,0.124300758576903,0.125051183980087,0.12697543062956,0.121712351359905,0.114220333092704,-0.000158807233352315,0.000807693259848709,-0.00176246489318155,-0.00121012845178132,-0.00139034405496999,-0.000218524927407147,-0.000959082969913574,0.000432182157880772,-0.00112278268004609,-0.000302819253948974,0.000105335095125686,-0.000878121515592824,0.000654515452116818,-0.00258351664481768,0.000941849261234686,0.00190705492592303,-0.000830105918796811,0.00147557038904088,0.000358284602286908,0.000477037650820604,-0.000393666248285746,-0.00106313271618472,0.000984538094889798,7.1199523766431e-05,-0.000414424056526543,-0.000133037100006315,-0.000110841074740306,0.00375520623979668,0.000647976030778942,-0.000180737763081577,-1.23075492133508e-05,0.0012185349861823,-1.81524567563061e-05,0.00170914902436833,0.00130259376595022,-0.00118378114093691,0.00154098131390456,0.0028295271425155,0.00234498784561089,-0.000779640701039792,-0.000338125999684308,-0.00112481391540459,-0.000620484195712974,-0.00188748907739941,0.000916114563694769,0.00146489410790106,0.0010179116822584,-0.00108250398991774,-0.000173394304564279,-0.000434314740414082,0.000493529868388608,-0.00135867015347268,0.00271507068893946,0.00245134461519294,0.00455265803296246,0.0014717887098014,-0.000786874196085173,-0.000840487734786856,0.000288943378619199,0.000589549089674224,-0.00099310964050315,0.00171686775112524,0.00244361958860222,-4.14444019782254e-05,0.00184381530959508,0.00255590171616967,0.000135753258266712
-0.0920846923221078,-0.126003909973896,0.123787949681483,0.110623617576876,0.122255115859582,0.108876342384865,-0.0683561740039081,-0.0660918547609548,0.146839047856378,-0.0108316810882715,-0.0634174914115592,-0.019724388068848,-0.0555704640744365,-0.0532752603466964,-0.0464403047795224,0.144201734593171,0.147089513221032,0.126711506477213,0.154323381919651,0.0136508527451264,0.137358587201065,0.126409702797945,0.137131481014693,0.144515893782448,0.146043505748052,0.129206520869362,0.149524853066482,0.0973779890373544,0.126790000991759,0.127555454386439,0.12951823592847,0.124149758427132,0.116507705277947,-0.000161987501160593,0.000823868095333446,-0.00179775995024341,-0.00123436243960317,-0.00141818703382626,-0.000222901099557929,-0.000978289530158327,0.000440837021862762,-0.00114526748465899,-0.000308883501179603,0.000107444531862531,-0.000895706744734123,0.000667622754463493,-0.00263525405402899,0.000960710699863933,0.00194524553765717,-0.000846729589364472,0.00150512010732547,0.000365459596541274,0.000486590789252754,-0.000401549794080233,-0.00108442297281748,0.00100425441853014,7.26253628080115e-05,-0.000422723297424615,-0.00013570129607299,-0.000113060774022199,0.00383040786169873,0.000660952374914667,-0.000184357210870792,-1.2554019740768e-05,0.00124293732295255,-1.85159771869855e-05,0.00174337637980427,0.00132867946074931,-0.00120748749848182,0.00157184094896222,0.00288619114889629,0.00239194848587124,-0.000795253757014638,-0.000344897298505138,-0.001147339397462,-0.00063290998937184,-0.00192528786417137,0.00093446064021856,0.0014942300233726,0.00103829634413066,-0.00110418217496508,-0.000176866692523593,-0.000443012311415367,0.000503413279362577,-0.00138587883194371,0.0027694425945949,0.00250043515220518,0.00464382939511451,0.00150126269631676,-0.000802632109765481,-0.000857319311219304,0.000294729748081345,0.000601355378038501,-0.00101299761760036,0.00175124968149903,0.00249255542451637,-4.2274366046375e-05,0.00188073948710094,0.00260708610983658,0.000138471848018708
-0.0793271378231508,-0.108547135041634,0.106638177286614,0.0952976519411092,0.105317704613213,0.093792446933888,-0.0588860048237296,-0.0569353878413428,0.126495740968302,-0.00933104337841655,-0.0546315348918797,-0.016991741095704,-0.0478716467565471,-0.0458944240732615,-0.0400063937327165,0.124223805129265,0.126711506477213,0.109156700040184,0.132943183912184,0.0117596426703399,0.118328717871778,0.1088967087055,0.118133075324764,0.124494440222654,0.125810414483738,0.111306051311993,0.128809450605543,0.0838870930934622,0.109224319804303,0.109883726111755,0.111574580888754,0.106949860493757,0.100366549108009,-0.000139545504319496,0.000709728145889917,-0.00154869552962237,-0.00106335197415448,-0.00122170922717338,-0.000192020039375411,-0.000842755798307463,0.000379762784769157,-0.000986600370907747,-0.000266090307210475,9.25590016371991e-05,-0.000771614158628087,0.000575129274167995,-0.00227016191585609,0.000827612366121629,0.00167574823756621,-0.000729422373476611,0.00129659845934608,0.000314828263553448,0.000419177755055189,-0.000345918469776035,-0.000934185351050253,0.000865123471223485,6.25637336635191e-05,-0.000364158563494581,-0.000116901030398272,-9.739716099478e-05,0.00329973728207707,0.000569383019231816,-0.000158816080139391,-1.08147665925509e-05,0.00107073888001387,-1.59507453106805e-05,0.00150184634243662,0.00114460217054279,-0.00104020032859253,0.00135407569325681,0.00248633380075362,0.00206056427425376,-0.000685078081885854,-0.000297114697822375,-0.000988385237733456,-0.000545225668788982,-0.001658555530773,0.000804999029997635,0.0012872171043255,0.000894449176243297,-0.000951207083028847,-0.000152363309691761,-0.000381636706371036,0.000433669631585575,-0.00119387705312876,0.00238575977021525,0.00215402103145444,0.00400046614875865,0.0012932754599744,-0.000691434226330868,-0.000738544979024867,0.000253897436773193,0.000518042681703139,-0.000872655374085612,0.00150862886483979,0.00214723297332429,-3.64176105407045e-05,0.00162017895418302,0.00224589640185154,0.000119287745828405
-0.0966134215212445,-0.132200787781861,0.12987584646527,0.116064091931529,0.128267627808913,0.114230885669093,-0.0717179336335099,-0.0693422550710743,0.1540605986574,-0.0113643836383175,-0.0665363664150931,-0.0206944343374508,-0.0583034219300502,-0.0558953399825141,-0.0487242410013665,0.151293582212468,0.154323381919651,0.132943183912184,0.16191301259751,0.0143222022806575,0.14411388853208,0.13262653751476,0.143875613253521,0.151623191764426,0.153225931753364,0.135560903221351,0.1568784918853,0.102167042800645,0.133025538790392,0.133828637216528,0.13588794844071,0.130255448980867,0.122237559323297,-0.000169954053558196,0.000864385964324338,-0.00188617386328801,-0.00129506843841343,-0.00148793353422679,-0.000233863385391026,-0.00102640185207325,0.000462517405894311,-0.00120159178968523,-0.000324074405288079,0.000112728658642598,-0.000939757641647065,0.000700456470751222,-0.0027648559637566,0.00100795849413551,0.00204091279834653,-0.000888371787632504,0.00157914198008592,0.000383432915496089,0.000510521345567279,-0.000421298030529756,-0.00113775494208805,0.00105364369479172,7.61970813298702e-05,-0.000443512847695422,-0.000142375091753783,-0.000118621107837513,0.00401878748800186,0.000693458041644208,-0.00019342390657111,-1.31714269811341e-05,0.00130406503490127,-1.94265937555237e-05,0.0018291157064742,0.00139402397478798,-0.00126687178651135,0.00164914415563488,0.00302813415593351,0.00250958461710687,-0.000834364371594503,-0.000361859362742481,-0.00120376559925057,-0.000664036530352913,-0.00201997360560511,0.000980417455407764,0.00156771632132757,0.00108935980378337,-0.00115848590266217,-0.00018556500420372,-0.000464799676282331,0.000528171166477059,-0.00145403641356146,0.00290564390262125,0.0026234066624398,0.00487221312803616,0.00157509486143496,-0.000842105592056598,-0.000899482312471691,0.000309224569992909,0.00063093006185299,-0.00106281688477493,0.00183737621749094,0.00261513940939834,-4.43534212189713e-05,0.00197323433740038,0.00273530271883583,0.000145281899565465
