0.0631508429681105,0.0787539381113771,-0.0785390757346857,-0.0709511095317354,-0.0773957912686683,-0.0706225646521102,0.0413969411762325,0.0391238175171165,-0.0943022385978174,0.00606971132312337,0.0345225519171601,0.0118826785934101,0.034974632953003,0.030002329997947,0.0267898614143092,-0.0878843177599132,-0.090371719285259,-0.0781297748719755,-0.0950433549993983,-0.0102720860389065,-0.0843605219276273,-0.0803125603070951,-0.0845548748498737,-0.0906149280593947,-0.0897590471941559,-0.0812750090863232,-0.0926857586157491,-0.0620172840295584,-0.0776879609566495,-0.0789791115067866,-0.0811103465357743,-0.079062075454288,-0.0705791396123959,-0.00086667594245502,-0.00150736460575562,0.00193404527668794,0.00181090766329884,0.000677473024842616,0.000932969253352534,0.00422917465330771,-0.000416652864326949,-0.00254931767455715,-0.00306882955284694,-0.000332686964590988,0.00474449699604916,0.000131894623351904,-0.000630862976278353,-0.000845595370202934,-0.00132963681266454,0.00306447069426403,-0.0011989912570784,-0.00184238002926228,-0.00184186914773003,-0.00262928177473829,-0.00089402659128495,0.00310639778133891,-0.000844915352332151,-0.00129462950273935,1.45295176569706e-05,0.00126949586268964,-0.00225857623249939,-0.00285318297056638,0.000422252925863787,0.00274064481040569,-0.000779455802453988,0.00136410187081845,-0.00183053706118824,-0.00451276657021225,6.55048267932698e-05,-0.00215091731317419,-0.00250554955096385,-0.00261844860762347,-0.00155653016477652,-0.00142584931531351,0.00126049422721147,0.000789106930959818,-0.00173559620077897,-0.00032184848135851,0.00159076024762572,-0.000294244226819506,0.00439328322022681,-0.000587213948180931,-0.00207134836954008,-0.000845414418033629,0.000511553003910697,-0.00246427233292984,-0.00285176834682913,-0.00776900554295472,-0.00121247595777565,0.00296957454598477,0.0031484526506165,0.00018664778300664,-0.00142067629595961,0.00169365719799969,-0.00207497834624071,-0.00406983164784763,0.00113372033554755,0.000451286770095314,-0.00259420451000863,-0.000614689133328701
0.0787539381113771,0.116843207592808,-0.107647146134108,-0.0974014929579014,-0.108721300711917,-0.0977285153610235,0.0568388229011252,0.0515075303350939,-0.126718010338279,0.00751676287687537,0.0473522708575117,0.014289901311121,0.0437123061079787,0.0440772145401123,0.0365476415887033,-0.122381244008823,-0.123688834567992,-0.107018378389583,-0.130638678909045,-0.013581759079993,-0.113792787233209,-0.105714184894651,-0.117027541250921,-0.122235510974158,-0.124075172808522,-0.111147621252086,-0.123452858088067,-0.0848545700749877,-0.105704418680675,-0.109486101241537,-0.108297040585322,-0.106316259969893,-0.0974701307246131,0.000534494414623208,0.00103296551755309,0.000364842942698533,0.00288288597927208,0.00391918272434042,0.00134578211161321,-0.00327313465412432,0.00100504538838508,0.00520931636309396,0.00286887800746719,-0.00225282593358375,-0.000517398819232102,-0.000618725476114843,0.00552550008190228,-0.000721285529989477,-0.00242413940162382,-0.00267037122837281,-0.00250915719385986,0.00153158434606255,-0.00175802378954584,0.00258499842273548,0.00240955935001986,-0.0065436655151035,-7.03638503418659e-05,-0.000845193422442966,0.00483241945126101,-0.000703338011341232,-0.00240042524192826,0.000544588726675957,0.00280434706884604,-0.0033214125648769,-0.000997922421812286,-0.00223307379966415,-0.00113168143474355,-0.00474836935252593,0.000402017036258143,-0.00229500821003543,-0.00147357198584322,-0.00229458299642265,0.000270580987214649,0.00219717183169665,-0.000355257531763916,-0.0081373007748278,0.000612312030925301,0.00026806545880828,0.000704422098115907,0.00194280241146706,0.00138073486921366,-0.000679155150774322,0.00317504288576758,-0.00188128473652124,0.00143718641082983,-0.00652901951475948,-0.00128014882286583,-0.00580721063872012,-0.000226747695749151,0.00343145114414717,0.00401507322037273,-0.000273191787056144,-0.00141244161574883,0.00347254320343699,-0.0014142062607597,-0.00109595084091897,-0.000138079678101236,-0.00449176483677917,-0.00426852525836358,0.00606508678349236
-0.0785390757346857,-0.107647146134108,0.110945568706374,0.0972866388838095,0.104520400731025,0.0935603597487442,-0.0523682995596248,-0.054897755192656,0.126206634996803,-0.00476975247141238,-0.0481707736889704,-0.0160409540583021,-0.0443814709699501,-0.0430920997094318,-0.0355826299939181,0.11994600736045,0.121623358820302,0.106311593538707,0.127965514728986,0.00913082310909865,0.112705448506494,0.106386169492464,0.115571759878381,0.12019323486694,0.120582781052414,0.109796104458849,0.122724883949487,0.0811509787246537,0.105564189471996,0.106449550608566,0.107297166628611,0.103407072230857,0.0959630527638853,-0.000537603805309157,0.000258367612872908,-0.000374082295165805,-0.00193504475917491,-0.000933361086807365,-0.00207978179791193,0.00136767842371565,0.000277092495303322,-9.90703110338723e-06,0.000467013255568024,-0.000797419966375784,-0.000163436480174631,-0.00075671462265348,0.0019963322929125,0.00196529735352707,-0.000201440251931717,-0.00215071860301166,-0.00145886011030425,4.76926245826794e-05,-0.00472245945801863,-6.33549904785211e-05,-0.00200664633575527,0.00168720954583368,0.00263919145412549,9.66624477917467e-05,0.000542303629729348,-0.000665380880650341,0.00323987161869817,0.000498332330630588,0.00131583520427878,-0.000630553071402772,0.00106186319509169,-0.000255068149644102,0.00177386385635852,0.00490371772280989,-0.00163693317327831,0.00357466625499277,0.000937184617739776,0.00420559871927514,-0.00440640769624723,0.000499447912712198,-0.00033081547555948,-0.00312894582288447,0.00198624596467415,0.00103688962710343,0.00172855501228843,-7.29610371911753e-05,0.000470807319265246,0.00118698153368046,-0.00385164904574917,-0.00157220692889152,-0.00441926419371095,0.00516432287075454,0.00236591160382243,0.00088911366274531,0.00811333157829495,0.00199885564596362,-0.00252148120089233,0.00410408201975315,-0.00105655054217337,-0.00219399135157578,0.00328574053222575,0.000790904948136076,-0.00169192882718725,0.00330502041681975,0.00641389843156511,-0.000422991296623028
-0.0709511095317354,-0.0974014929579014,0.0972866388838095,0.0883654343523374,0.0935394425662305,0.0833736921949997,-0.0453907293507138,-0.0471061874289072,0.11063552942002,-0.00572680033832471,-0.0428594725810356,-0.0153936278262942,-0.0417615083664678,-0.0372628504993937,-0.0316156004891173,0.106797315780321,0.108871025025476,0.0945504122202776,0.114480981950711,0.00992771001639212,0.0995896633709386,0.0943811579534966,0.102789521410186,0.107435278936344,0.108740984131224,0.0990029558164872,0.10880060266917,0.072140635435642,0.0939709657336343,0.0960034353316384,0.0959352309742387,0.0944422526472443,0.0851414904702759,0.000625826794760346,-5.48895034194946e-05,0.000195124585947614,-0.00327504801369383,-0.00112908054507671,-0.00117008574189719,-0.000110472395325371,-0.0015948013677749,-0.00147997296709183,-0.00105630386888482,-0.000284184111741869,-0.00215143509319139,-0.00114196286761845,-0.0027529126161094,0.00080027655524473,0.00285648388540289,-0.00154762936643129,2.41425913023121e-05,0.00155405956741029,-0.00379082323868141,0.00290296191049911,-0.000660403680183598,0.00232577904562167,0.000461061102107138,0.000708788757728023,-0.00214546338509445,-0.000515725190548019,0.00367915393638101,0.000163384260768,0.00166614313824722,-5.45437552252852e-05,0.0010126410875781,0.000505450684825705,0.00232865676448034,0.00427703303280458,0.000966738253799137,0.00413501425927494,0.00195553335234939,0.0042206350619896,-0.00166489313589682,-0.00164375080523602,-0.002923789545406,-0.000705452856729135,0.00122098449594906,0.000662290426378345,0.00152061265531585,0.000656271436799837,-0.00130160394262408,0.00261197014632155,-0.00185374896963336,0.000881639711474014,-0.00214434411425328,0.00534113426383725,0.00173993529485201,0.00267546874411854,0.0063956418341714,0.00065436753985582,-0.00458399244970794,0.00554282975885176,0.000208458822792683,-0.000885813586927786,0.00409334274030526,0.00164432923411608,-0.00149406458984377,0.00367550705081421,0.00646356504561714,-0.00117507916833482
-0.0773957912686683,-0.108721300711917,0.104520400731025,0.0935394425662305,0.107468340573925,0.0935413942135209,-0.0569520468477499,-0.0513430298991858,0.124559848558126,-0.00715847302895203,-0.0441668361055434,-0.0118609414078644,-0.043277611342755,-0.0410690371938302,-0.0347909481975054,0.118868259090617,0.12076937424093,0.104701700819148,0.126067474353544,0.0125834307111227,0.111592850006051,0.105828487823505,0.112952123808228,0.116966424432441,0.119631524849255,0.105813685252524,0.119004499641955,0.0799137810205914,0.105202671384451,0.104797503895382,0.105909846051,0.101574370260021,0.0965433091292238,-0.00107116173178942,0.00233313551142647,-0.000210474700789584,0.00131127644173446,-0.00164562948730456,0.000785411078830226,0.000598045874794878,0.000870824538200944,-0.00119062764596821,0.0012321564463242,-0.00105383083942998,-0.00186442441751267,0.000700127519382702,-0.00575759537907149,0.00287865435536451,0.00194095626295506,-0.00185664972435973,0.00220863153102495,-0.0011244874189068,-0.00132561995079033,-0.000390597528083129,-0.000800342696282223,0.00261079115590983,0.00350962116566832,0.00299651150484481,-0.00400236359211369,0.000439888650009465,0.00491899969427537,0.000264237052044077,0.00118426511740515,0.00176135141200901,0.00185149145811471,-0.000994011351108628,0.00101092926160424,0.00129830234221102,-0.00344466540097003,0.00070768204537611,0.00155727762457059,0.00513377799513066,0.000403163726261709,-0.00409605416322511,-0.00227819705133881,0.00450826669674156,-0.00130127388994937,0.000497797039961925,0.0017279568711209,3.84585488049136e-05,-1.20903243951499e-05,-0.00102538524263907,-0.0010301239663352,-0.000216940031120295,-0.000215212541250476,0.00738762033228612,0.00109594721860641,0.00308652294463541,0.000348908459996413,-0.00391691572661204,-0.00195089070599508,-0.001212897029006,0.00128293398291159,-0.0030408446758581,-0.00131645579240541,0.00348905760093017,-0.00241171173459224,0.000480892727533094,0.00378461615363441,-0.00425922032767213
-0.0706225646521102,-0.0977285153610235,0.0935603597487442,0.0833736921949997,0.0935413942135209,0.0868602446982872,-0.0498593765560376,-0.0458100243149608,0.111163759756971,-0.00592683750344189,-0.0402136464038688,-0.0115726470368326,-0.0384822683134239,-0.0377497927199829,-0.0319009071970819,0.105834909668272,0.106988345266413,0.0925721207636912,0.112942480405647,0.014311266742794,0.100138058355091,0.0936904920401748,0.0993731748426901,0.106591498556531,0.10504430483706,0.0947311497272263,0.10769330869476,0.0731985471907441,0.0901042344738652,0.0942346230403873,0.0942605614212286,0.0918211516959754,0.0848273104742972,-7.59901510170001e-05,0.0012924102457284,-0.00145057781920475,-0.00169063689522554,-0.00182955097727325,0.00147516217951479,-0.000376145185961185,-0.000753494047833129,-0.00232953744629192,-7.77471980882899e-05,0.00159524342540874,-0.00142141859518088,4.71896281147524e-05,0.00210344259102967,-0.00139969993049354,0.000180039622670793,-0.000194987787375884,-0.000590766272332828,-0.00160352930539142,0.000775121424308527,-0.00285483285368245,-0.000252791178547032,0.00403510930840742,0.00108021067779716,0.00196880501307069,-0.00119855141020537,0.000221348982868872,0.00282174236566477,0.00116585189882238,-0.00143224717129208,-0.000352210499604972,-0.000104759176637295,-0.000173973495428805,0.00106132112298284,0.00573268706081058,0.00023366802754244,0.00292500089969357,0.00287157491936053,0.00483071654705486,0.000451154113679294,-0.000835281618420601,0.00121650787486811,0.00134844611370914,0.00149739469980184,0.000648525557466006,-0.000224371732438058,-0.000268549574001659,0.000865628427261098,-0.00119204901848433,-0.00220272144311475,0.000643973971171932,0.00113211496489802,0.00398107660186077,0.00181393751219975,0.00805565648290374,-0.000352998355857492,-0.00515734445414017,-0.00361080480427664,-0.00244011043570486,0.00244643023718823,-0.00348350399860417,-0.000223993319806077,0.00283772848011711,8.76850031331123e-05,0.000347219350750944,0.00229943232308806,-0.00198666826048473
0.0413969411762325,0.0568388229011252,-0.0523682995596248,-0.0453907293507138,-0.0569520468477499,-0.0498593765560376,0.0415108047919595,0.0324962677295022,-0.0705482486709159,0.00750923886156187,0.0287416140933076,0.00546381621260457,0.0248497473573263,0.0234674853577034,0.0227607093143001,-0.0672273403326867,-0.069698637183861,-0.0596204877551859,-0.0711877790431358,-0.00552587240489682,-0.0679680537268821,-0.058704713354626,-0.0654293235196102,-0.0665861816630497,-0.0684917245167129,-0.0567464798922484,-0.0709390778558481,-0.0475150015191323,-0.0601249539745306,-0.0562663508203704,-0.0618609335994621,-0.0552928086300382,-0.0559800763714156,0.00222604274339175,-0.000436757509260929,0.000315207267738875,-0.00307235757849836,0.00110226609949418,-0.00211552025407821,0.00151404526128128,-0.00274257841596506,0.00119273605081053,0.000991373296402049,-0.00121702446917186,-0.00242790355125468,-0.00218052044601819,0.00156955338548668,0.00108009581532126,-0.000876638635751479,5.68507149124201e-05,-0.00314832862561338,0.00117777241547005,-0.00519211942829579,0.00231260066529212,0.000364885691963583,-0.00110765043354444,-0.00389958087023194,-0.00305894642547469,0.00114990399618903,-0.00103385924675738,-0.00217538716005328,-0.000941724990284711,0.00188105824933628,0.000614529397569957,-0.00216908160023633,0.00329048362901834,-4.21757982687682e-05,0.00337084806815885,0.00421018091826116,0.00291949465664322,-0.00342201803554255,0.00245188445171416,-0.00288780479274979,-0.00229672431443156,-0.00118715237882663,-0.00269699312959853,0.00759402822649235,-0.000222051946188433,-0.000218370784069088,-0.00112128898667933,0.000867712966070522,0.00432673958047625,-0.000932274609795026,0.00119787584178472,-0.000244548827959981,-0.000100078464464145,-0.00102855769263406,-0.00368478585934432,0.00475595926167198,0.00351233149282837,-0.0026120575408278,0.00550727819820398,-0.00099956845141961,-0.000257704734125132,0.00305711479737137,-0.00268354207275065,-0.000960762965091548,0.00249687780343079,0.00303364476122831,0.00112409563100805
0.0391238175171165,0.0515075303350939,-0.054897755192656,-0.0471061874289072,-0.0513430298991858,-0.0458100243149608,0.0324962677295022,0.0393221445901464,-0.0665847805450082,0.00327558804292102,0.0352917194766944,0.00962664455137848,0.0228019146585624,0.0221836302425503,0.0256005673625187,-0.0662927011943854,-0.0684793711866384,-0.0583168382569737,-0.0704088761647057,-0.00661250316693175,-0.0635680416196892,-0.0590882293980641,-0.060919124335574,-0.0635124329326916,-0.0653977744794029,-0.0576003818899168,-0.0678176008516907,-0.0460246295452976,-0.0581764386864076,-0.0536038043179244,-0.0624087563583948,-0.05553156918812,-0.0511382368850568,0.000572799369945732,8.93925547153394e-05,0.00413861822248057,-0.00331935050646047,-0.00243961467661792,-0.00170588937179555,0.000458047498384609,-0.000307082828588659,0.00131507587245937,0.00456969941550776,-0.000783033232029352,0.00195906533179683,-0.00345145267481292,-0.00219481991598137,-0.00282428390515392,-0.000173786484102085,-0.00199733087096332,-0.00172800508131405,-0.00147693468177297,0.000252954771827537,-0.000183779728756238,-0.00200874155148728,-0.00253997705612929,-0.000472115521769505,-0.000636588509501818,-0.00184643307760807,0.000963118915158705,-0.00179219731028098,-0.000560749869455482,-0.00037760218065484,0.00310233058412938,-0.000638580098059315,0.000555945223684775,3.88026543314742e-05,0.00301066450950445,0.00147756111633717,-0.000302373640199814,0.000862578950218127,-0.00111442438472426,0.00425627702529507,-0.00243476800366697,0.00193252637389476,0.00848036805925746,0.000116559689563599,0.000316741191312735,-0.000609126000832239,-0.00222557771321433,-0.000873174706087873,0.00114092369572394,0.000145532460801149,0.002442896870795,0.000833330947354513,0.0011422122738103,-0.00142030786837931,0.00266173557520991,0.000108787003038311,-0.000370970732868506,-0.000800734594999706,-0.00104749125085667,0.00221742224529266,0.000837740046293059,-0.00360943376284736,0.000717669984417989,-0.00214339492368243,-0.000803736894387221,-0.000394601917753243,-0.00121188897108727
-0.0943022385978174,-0.126718010338279,0.126206634996803,0.11063552942002,0.124559848558126,0.111163759756971,-0.0705482486709159,-0.0665847805450082,0.153041084670568,-0.00772527833499792,-0.0562449405160318,-0.0156595443685509,-0.0498634895326171,-0.0478915754083471,-0.0436762027360636,0.141257890054604,0.144348321405996,0.126015760688355,0.151417954752716,0.0117433987460182,0.137156367427364,0.126239108957917,0.137780924762807,0.141307332850546,0.143436505910175,0.127830672776889,0.146794395145197,0.099681647129455,0.125093531449132,0.122811131225512,0.12976061961115,0.121928201227832,0.113676079994291,-0.00244276449883375,0.000225457641651955,-0.00138928384046986,0.000725403274549456,-0.00144376461066622,-0.000397386976819618,-0.00197133000191658,0.00211948254728415,-0.000249649203773642,-0.000179968611208461,0.000172737089003683,-0.00214639150368517,0.00229815104719467,0.000489775690994182,0.0019742813001867,0.000481232348608607,-0.00149405250474389,0.00321808597904985,0.000295394650125971,0.000410250379003145,-0.000144969570892203,-0.000550748810798618,0.0011394706936673,0.00548832678697039,0.00321751035699086,-0.00031367486789045,2.24076738094968e-05,0.0052101426050443,0.00194456324269988,-4.74676140327244e-05,-0.00210749900527257,0.00304139259888467,-0.00253085690078806,0.00406657760836775,0.0042755987473044,-0.00343298778825087,0.00233197518297043,0.00434263617241947,0.00272770237817306,-0.000893787743708902,0.00350421398406143,-0.000394906919558599,-0.000548242905872914,-0.00314380232749821,0.00115740634145026,0.000775825815519172,0.001389873852948,-0.00211433153674587,-0.0014095853401131,-0.00124044820944956,-0.00187737134593871,-0.00260418379045949,0.00399388121890659,0.00346005269396972,0.00462183442862137,0.00320869428660076,-0.00224533843311952,-0.000866707100000669,0.000194663220937387,0.00052860240160429,-0.00187066386098258,0.00198050925452772,0.00379437572145915,-0.000855348847994418,0.000993150676242338,0.00341663956079972,-0.0011656119632292
0.00606971132312337,0.00751676287687537,-0.00476975247141238,-0.00572680033832471,-0.00715847302895203,-0.00592683750344189,0.00750923886156187,0.00327558804292102,-0.00772527833499792,0.00640050619054208,0.00757158711631712,0.0037824745594379,0.00620409716941028,0.00617823457516122,0.00524726787713888,-0.011176637440918,-0.0108088676732803,-0.00942931175284383,-0.0131943153050611,0.00109477813559163,-0.0121036670846684,-0.00830083501193845,-0.0101349610870764,-0.0149939405417751,-0.0143459840379235,-0.0106045203933282,-0.0133758021204448,-0.00742726079414817,-0.0102716031526907,-0.0118465796501839,-0.010259580286405,-0.0106005551552914,-0.0107861977648332,-0.00183555249831514,0.00103382301624106,-0.00105593779773163,0.00093292128930424,0.00145894234383536,0.000906991334178733,0.00102946023876331,-0.000885317468108017,0.000953622356555843,-0.00163346758760081,-0.000703201612370279,-0.000657644016510906,6.04429088530796e-05,0.00373607208955056,0.00240747246764867,-0.0006854005889769,0.00148395685496892,-3.65946431672828e-06,-0.000838318246620287,-0.00195838693823998,0.00149917249148504,-0.0011236588435282,0.00268608807587189,0.00117650380881222,2.35851964386598e-05,0.000633875077873999,-0.00172479513866833,-0.000786900602229763,0.000227575941488287,-0.000978187832585327,-0.000332568727216747,0.000489027140808976,-0.00116397189300747,0.000157539302104452,0.00144697173411713,-0.000332333409903498,-0.000347894314827616,-0.0014526704818781,0.00146709102252107,-0.0031875999873709,0.00173663300356609,0.00222282091897682,-0.00383341563476037,0.00268359247075974,-2.20735763519434e-06,0.000159765100282162,-0.00133055800181167,0.00123271481588661,0.00114402873185959,-0.000409966220292679,-0.00235824580156165,-0.00178265976969619,0.000467509773236957,-0.000406850831848019,-0.0021280004493446,0.00156925463694139,-0.000476297908975447,-0.00256880210028138,0.000708379645899151,-0.000701550124774306,-0.00175842533833531,0.000903910518151497,-0.00281905480376846,-0.000373704182997553,0.00244230462848599,0.000949132500671125,-0.00120952684919132
0.0345225519171601,0.0473522708575117,-0.0481707736889704,-0.0428594725810356,-0.0441668361055434,-0.0402136464038688,0.0287416140933076,0.0352917194766944,-0.0562449405160318,0.00757158711631712,0.0387259103528698,0.0142446237702428,0.0245025587746713,0.0244089714685581,0.0263676158206788,-0.0630527291066539,-0.0641246445643495,-0.0539339407715849,-0.0672844438016756,-0.0053582479543289,-0.058553262115381,-0.0533492006594972,-0.056020424869416,-0.0642909417322544,-0.0646193118851949,-0.0561227817985708,-0.0650916389454194,-0.0431385051053093,-0.0546183986171792,-0.0536912039540193,-0.057862061159497,-0.0545188516229638,-0.0479317506438221,-0.00241945281472232,0.00150354787390419,0.00280630459611397,-0.000152807315465521,-0.00189355894616564,2.4828346773575e-05,-0.00214991529089067,0.00132635952271829,0.00305956624765009,0.00348171031572942,-0.00114554558877686,0.00059444624010058,-0.00128484469087813,0.000898618668134692,0.000341464110213849,0.000348575002243676,-0.00152952634337838,-4.46695824975573e-05,-0.00176817417464258,-0.0010840188224441,0.00257526927666049,-0.0014438882624885,-0.000972666319261912,0.00384435093834199,0.0028680884090342,-0.00131413767317009,3.47991092482351e-05,5.2862530132702e-05,0.00122358556783446,0.00139567985112539,0.00101976744302142,5.57333893844785e-05,-0.00275631070011462,0.00214556927545706,0.00423393836514716,-0.000283452599801251,-0.000668723725472058,0.00235353558159414,0.0012123535770562,0.00406494092154236,-0.00112755465189595,0.00306379208177016,0.00578548056128983,-0.00110620212330079,0.000743406918655079,0.00073313736136468,-0.00168416508137606,-0.00013425598554792,0.000891675223237247,0.000776844589941641,-0.000187903722026849,-0.000271405314175153,0.00107490059078875,-0.000987489289562276,0.00115282466061119,0.00126272703653607,-0.00231795647024613,-0.00154657310816835,-0.00132366881654627,0.00260786299951576,0.000332118283356185,-0.00380710257053775,0.00146981358819973,-0.00261820758627899,-0.000549986228620725,-0.000728311037284334,-0.000603998384437724
0.0118826785934101,0.014289901311121,-0.0160409540583021,-0.0153936278262942,-0.0118609414078644,-0.0115726470368326,0.00546381621260457,0.00962664455137848,-0.0156595443685509,0.0037824745594379,0.0142446237702428,0.0110037402983527,0.0103193957015382,0.00782829702895954,0.0083482152568202,-0.0200680825527635,-0.0198119260260659,-0.0159131546444065,-0.0216477661477837,0.000573212875422044,-0.0174267055030849,-0.0170048494867165,-0.019809338608745,-0.023237015606194,-0.0227851449102126,-0.0210845372964103,-0.0220924223137956,-0.0138138831174996,-0.0178785417079911,-0.0188805562859483,-0.0164317328689985,-0.0204523031588787,-0.0145167780139354,0.000453146811802122,0.000787221779520065,-0.000512217662503572,0.00279825574873534,-0.0014687735626631,-0.000201003130216915,-0.00137541391109839,0.00196398649833107,-1.07205065463083e-05,-0.000858723828699533,0.00372350438591846,0.00274778025636251,0.000584833098260089,0.000726218701110011,0.00388673039780938,0.00127442342157978,0.000543686996390452,-0.000742136917693764,-0.001598928716416,-0.00106311827636843,0.00123477878710464,0.0011670975965086,0.00262191935699053,0.00319314821435542,0.00797367361498516,-0.0044938201825323,0.00011518159684731,-0.000876063589013702,0.00108700628535751,-0.00134479518926097,0.000195068434911413,0.00245111250643799,-0.00341059246103836,0.000702488288430997,0.000317195424332763,-0.00274376226391261,-0.00050728082702994,0.00119313579496735,-0.0015806480333217,0.0018627629320785,-0.00168048957248657,0.00129346257561936,0.00353599545202875,0.00040166781245709,-0.00045963523514508,0.00164605884427798,0.00038166520454278,0.00213557717798999,-0.00146901279956968,-0.000477733420996977,-0.00199798322924585,-0.00101814862859781,0.00127840510080796,-2.97540945857167e-05,-0.000610414141753976,-0.00174860482991456,-0.00153197702413441,0.000571992122465221,-0.00351844848237541,0.000601941004162684,-0.000625770218970631,-0.00234175448323901,0.0020157777001428,0.00117027063671059,-0.00153306391168052,-0.00208282868532285,0.000735901954914973
0.034974632953003,0.0437123061079787,-0.0443814709699501,-0.0417615083664678,-0.043277611342755,-0.0384822683134239,0.0248497473573263,0.0228019146585624,-0.0498634895326171,0.00620409716941028,0.0245025587746713,0.0103193957015382,0.0339315878343945,0.0220560805833573,0.0169398976752372,-0.056375424675769,-0.0603466257638328,-0.0487936949877082,-0.0572662613117047,-0.00765946346064556,-0.0514816460948646,-0.0489862504034572,-0.053314481859979,-0.0559438270092331,-0.0551832338183534,-0.0475926659283805,-0.0587447819319309,-0.0322168538558614,-0.0505637522403807,-0.0509749976280538,-0.0471172498006008,-0.0475396073171125,-0.0463239277947146,-0.000482656439985313,-0.00387223732346669,-0.00097808623014813,0.00211312697785242,-7.4238698701375e-05,-0.00160989937553523,0.00226766648296035,0.000650365207196581,-0.00369413275718941,-0.00115405301949861,0.00060344443703622,-0.00332322640746205,0.00410853319693978,-1.8112547957315e-05,0.00316466407208845,-0.00485181782746664,0.00365356808435733,0.00239068462280935,-0.000933519440928121,-0.00118635847672332,-0.00472894414717864,0.00253171343371427,-0.000257937447648428,0.000714749100119919,0.00183014272864003,-2.95809206645384e-05,0.00194981788741378,0.000397094966816584,-0.000838915538272703,0.000410418006972074,-0.000283869274497918,0.000387670164220701,0.00262478016663414,0.00326505067992477,0.00349537890128224,-0.000809988718761679,0.00318051628514171,-0.00180500088930957,0.00164182856009391,-0.00197500557197443,0.00126792768832721,-0.00137117107549827,0.00353532924960268,0.00172337839955212,-0.00069428924462272,-0.00174337611561223,0.000273595017292106,0.000872008743317213,-0.00139570628098051,-0.00385835255125498,-0.000275836372098117,0.00163702654574152,-0.00137686054153187,0.000131202940914419,-0.00460336111862752,-0.000742219758364427,-0.00037597071629393,0.00464007877618468,0.000497778520950406,-0.00117562135907319,-0.0019099912308007,0.00150253236719886,0.000561620780310501,0.00175429111560915,-0.00100369820677889,-0.000534636570882701,-0.000806064808433674
0.030002329997947,0.0440772145401123,-0.0430920997094318,-0.0372628504993937,-0.0410690371938302,-0.0377497927199829,0.0234674853577034,0.0221836302425503,-0.0478915754083471,0.00617823457516122,0.0244089714685581,0.00782829702895954,0.0220560805833573,0.0260372086177609,0.0181692883172421,-0.0534169832215883,-0.0528213891958081,-0.0454781947481649,-0.0566944882370385,-0.00417492613801104,-0.049002205253316,-0.0443406159052723,-0.0473218210500674,-0.0550379304204037,-0.0519102547135031,-0.0455911880885916,-0.055121013007067,-0.0321025097880832,-0.0450736502913155,-0.0496223506349268,-0.0444248746711897,-0.0422700288718434,-0.0446165877407302,-0.00151659867453836,-0.000590174167594373,0.00248821229512732,0.000371468462678611,0.00448022142139441,0.00450928716620687,-0.00104640172259089,-0.00421023192663557,-0.00160841384435679,-0.0015324883538587,-0.00402820143246561,-0.00529528350175536,-0.00139664281133294,-0.00241977049574252,-0.00169225743158138,-0.00088409269394722,-0.000436442991801568,0.00297118522601373,0.000674663915124685,-0.00127142498180512,0.00415992519362054,0.000642681351474334,-0.00111566897281275,0.000721720434886806,0.000866975954992745,-0.00220982473938212,-0.00114189043302817,0.00099820286064982,-0.00129832293487052,-0.000944092333327857,-0.00184786006271859,0.00297674246452569,-0.00319952260065413,0.00229106760651592,-0.00150299072814612,0.000494548127207872,-0.000196893143348083,0.000720673590397311,0.00141156882046529,0.000599835705388945,0.00392000184205206,-0.00262894730848178,-0.00283651883413436,-0.00204965134510891,-0.000125258888042848,-0.000808407056480872,0.000869279769725026,-0.00205705705868142,-0.000188955362067596,0.00195609215715041,-0.000778645224366367,0.00287562010348971,-0.000704077702692877,-0.00166888577874457,-0.000871200417021842,-0.00112715472586271,-0.0027825883090951,-0.00191014381271195,0.00178689264126812,-5.1852336738643e-05,0.000832401137624227,0.000710820229407009,-0.00112504542683143,-0.00127818836422463,-0.0010019171268218,-6.48268625851562e-05,-0.00232613181883597
0.0267898614143092,0.0365476415887033,-0.0355826299939181,-0.0316156004891173,-0.0347909481975054,-0.0319009071970819,0.0227607093143001,0.0256005673625187,-0.0436762027360636,0.00524726787713888,0.0263676158206788,0.0083482152568202,0.0169398976752372,0.0181692883172421,0.0228542345409335,-0.0486734967076116,-0.0482797288738856,-0.0416576956871168,-0.0509801336432783,-0.0070655523260066,-0.0455518179081212,-0.0397540364697237,-0.0417615617952613,-0.0475962900831487,-0.0476893950720311,-0.0408268529901252,-0.0500545319215981,-0.031274301761448,-0.0401668355633332,-0.0417927139222178,-0.0437968673751416,-0.0399425652112408,-0.034982439100021,-0.00214392584089673,0.000668545520420718,0.00207885184646043,-0.000572954385848203,-0.000144215353742394,-0.00051334677612269,0.000328993473647374,0.000829195345773878,0.00130832842693397,-0.000529827489828974,0.000218142442190005,0.00144772900621988,-0.00178303173277841,-1.97024876252202e-05,-0.00387062664234735,0.0019704631580722,-0.00276458805876136,-0.000246937532003841,0.00160659500714365,-0.00148305881459016,0.0017167328454675,0.00114451960989446,-0.00142071356887832,0.00400048717525965,0.00176482569142955,0.0015476908860569,0.00106957381759391,0.00106687743264959,0.00364868142179751,0.00204652719302319,0.00021304220851211,0.00215214557450359,-0.0026683178310216,-0.00434880948655781,-0.000634296529201696,-0.00301506224192133,-0.00102125083806328,-0.00202041638453284,0.000214163580578017,-0.000896975507230255,-0.00126538787966717,0.000383954514240775,0.00136906057793105,-0.00147093628259904,0.000366492576667099,-0.00204945659595798,-0.00290610930762401,-0.00242089295807001,0.000484342966460493,-0.00451093628042101,0.00218411452845467,-0.00217991342393876,0.00131464401639511,-0.000286281965482033,0.00125324654586608,0.00423847074344152,-0.000458634269401641,-0.00152417338121881,0.00225483719040584,0.00052986640628224,-0.000138897698269966,-6.52145793884875e-05,0.000853550804085135,0.000337080757631557,-0.000583268926974916,0.00266938513204832,9.65066971554053e-05
-0.0878843177599132,-0.122381244008823,0.11994600736045,0.106797315780321,0.118868259090617,0.105834909668272,-0.0672273403326867,-0.0662927011943854,0.141257890054604,-0.011176637440918,-0.0630527291066539,-0.0200680825527635,-0.056375424675769,-0.0534169832215883,-0.0486734967076116,0.144301743855157,0.146485292738274,0.125163706340951,0.151565964031639,0.0158199082084051,0.13443729000784,0.12505315634516,0.133763968572195,0.142313644894744,0.143260323188631,0.125692868156404,0.146309628342191,0.0940127506037538,0.12538369565009,0.12648518088262,0.126798116657144,0.121137493664066,0.114366567820843,-0.000281272737871856,0.00250711705639673,-0.00239929095863136,0.00109949798193527,-0.00162318993115254,0.000632971969214821,0.000787587627888161,0.00104243897758574,-0.000332104677853219,1.93331592369985e-05,-0.00014949182130272,0.000237919109883748,0.00162485779916709,-0.00185510550507432,0.00230653065090679,0.00168732154354014,0.000170317368675602,0.000781195519307028,-0.00101157844459327,0.000934111350996385,-0.00223028448741151,-0.001819408963112,0.00423828117936692,0.000138128141151634,-0.00153229974792059,-0.000464087130189344,-0.000199225312348455,0.00307839736922444,-0.00097355215934665,0.000138860685259462,0.00163648895617336,-0.000852120144320916,0.00171811437186039,0.00105600654022573,0.000201949347336415,-0.000261268667740357,0.000245822296200917,0.00222509737165801,0.00232694040114331,-0.00120583724316638,-0.0026417288153707,-0.000382461794529262,-0.000809458616251864,-0.000702084343430961,0.00126516932831895,0.00316406368740177,0.00175750471577372,0.00199325979285711,-0.000196102213725178,0.00140473308185336,-0.000799078553331409,-0.000155306969033946,0.00413146962210235,0.00185299174944355,0.00244490587110699,-0.000824315352890793,-0.000810507590794673,-0.00109847712822826,-0.00161567590725425,0.000976218806834679,-0.00150802212101296,-0.000316001053206067,0.00106279873748592,-0.00111437091742559,0.00237179543031183,0.00187196417104064,-0.00215235605106977
-0.090371719285259,-0.123688834567992,0.121623358820302,0.108871025025476,0.12076937424093,0.106988345266413,-0.069698637183861,-0.0684793711866384,0.144348321405996,-0.0108088676732803,-0.0641246445643495,-0.0198119260260659,-0.0603466257638328,-0.0528213891958081,-0.0482797288738856,0.146485292738274,0.150980362683386,0.127754807110315,0.153578632764458,0.0166577679017655,0.137127309772354,0.128269944540322,0.137383748029694,0.14341914897883,0.145474100559802,0.127235644367925,0.149233038309814,0.0959394536919662,0.128779517811066,0.127063551114973,0.12986801866073,0.123441956515194,0.116859116498757,-0.000682145664166581,0.0029478308318718,-0.00234943278785482,0.00110023492753488,-0.000240883407500616,0.00201017820888132,-0.000387955623770745,0.000195935236294071,-0.000157156015887716,-0.00173403538811992,7.42638327517669e-05,0.00102425265513935,0.000331669404455425,-0.00198711174133994,0.0017158939791798,0.00362361623480642,-0.00022661627475575,0.00108753202930816,-0.000280154181735684,0.00198810679894631,0.00105893470997946,-0.00194742283277593,0.00420334737126735,0.000586604546935467,-0.000394392794618676,-0.00144579090573523,-0.0017338684588183,0.00227550485583689,0.000220729188419174,-0.0010902782475821,-1.9164916430221e-05,0.000237170889326034,-0.00137585685068683,-0.000642691319161266,-0.00223483361328004,-0.00135191767251876,-0.00143731857459684,0.0021744357141096,0.000681617804280598,-0.00119881437751669,-0.00158877077272174,-0.000366083044538868,-0.00309304066072684,-0.0024833889022688,0.00111536340656874,0.00253628864171622,0.00136112070728755,-0.000200214116743029,0.000253816147134207,0.00221710910811746,-0.000634107094435956,-0.00152062502991234,0.00388830148059649,0.00204497134702372,0.00369405372142239,-0.000641051228684384,-0.00134395322726791,-0.00288208216869616,-0.00105490035050173,0.000938313099780664,-0.000863979689280159,0.000607526492100761,0.000919667435801962,-0.000295648422647338,0.00282637111318921,0.00200817281754168,-0.00173086755833507
-0.0781297748719755,-0.107018378389583,0.106311593538707,0.0945504122202776,0.104701700819148,0.0925721207636912,-0.0596204877551859,-0.0583168382569737,0.126015760688355,-0.00942931175284383,-0.0539339407715849,-0.0159131546444065,-0.0487936949877082,-0.0454781947481649,-0.0416576956871168,0.125163706340951,0.127754807110315,0.110647355493054,0.132644708169671,0.0118125267528387,0.118854532740769,0.108432064848247,0.117973848772859,0.124305503899837,0.125657910138236,0.11056124371992,0.12870869219447,0.0828014217870067,0.109817526941998,0.110012608981564,0.112556573748105,0.105784101142979,0.0998012510247962,0.000718276354353488,0.000787321169208681,-0.000980422891648189,1.37657480732777e-05,-0.00192993596660978,-0.000935999600277763,-0.00103242911659233,0.00141944800227896,-0.000127738079402288,-0.00043215633030772,0.00130170845417406,0.000941863008756044,0.000871249974626881,-0.00168152664996961,0.00265741359828819,0.00247318641889178,-0.00109766344082376,0.000435442627440102,0.00030458709557124,-0.0012014917069534,0.000996740144757728,-0.00110974057067593,0.002802819454238,0.0014938833754788,0.00239034763884811,-0.0023278280756274,7.51942928121344e-05,0.00304535457245615,-0.000621331186813342,0.000161370211829428,0.000454373659638002,0.00160503898361632,-0.000353131357131129,0.00216935268205625,0.000183891253931849,-0.00130803848503593,0.000978960267950887,0.0028448880947369,0.00120292416653245,0.000565241942327697,0.000296185901070341,-0.000892356178346893,-0.000265467356222031,-0.000890295391866194,-0.00047670221519095,0.00269256035533001,0.00162258725950113,0.00131393363644126,-0.00117692921101066,0.000897626886689993,-0.00279685548992775,-0.00218653615223125,0.00344087504552456,0.000989515278304119,0.00117222375301677,0.00116385815106905,0.000277397296932353,-0.00109753688430882,-0.000418198606694112,-0.00103161918039117,-0.000468484568305977,0.000317574795944693,0.00116748499935242,-0.00143008036508031,0.000867136865880403,0.00147503259221204,-0.000571247548331594
-0.0950433549993983,-0.130638678909045,0.127965514728986,0.114480981950711,0.126067474353544,0.112942480405647,-0.0711877790431358,-0.0704088761647057,0.151417954752716,-0.0131943153050611,-0.0672844438016756,-0.0216477661477837,-0.0572662613117047,-0.0566944882370385,-0.0509801336432783,0.151565964031639,0.153578632764458,0.132644708169671,0.163339377717389,0.0135762582757135,0.144388773625204,0.13241477353339,0.142003047636943,0.1529965331233,0.153282262022297,0.135775922785889,0.156434458676038,0.101814762924129,0.132003924433067,0.134062954488168,0.13601274953878,0.129853543066636,0.12322253147523,0.00166980922133649,-0.00162913750451854,-0.00257537100312176,-0.00170653127228719,-0.00207091723251023,-0.000203880672886837,-0.000913751241425198,0.000558327797266827,-0.00424388342241687,-0.000757094811147143,0.00118700571027759,0.000331202232058663,0.00162508690033956,-0.00155355492667219,0.00246409992946349,0.000862803696124621,0.00125845408910638,-0.000657960968284191,-0.000870643716192567,0.000829750856651912,-0.00153379123374443,-0.000767811879921825,0.00167222221205312,-0.00200661385661948,0.000289276782771755,-0.00175373399179126,-0.000875197658627531,0.00233692495731974,-1.98133038722743e-05,0.00185080650192948,-0.00286673951221587,-0.00418630490305922,0.000847601962080301,0.000753887166798006,0.00165233744505457,-0.000420896688117029,0.00251741721268937,0.00152599151897472,0.00473197031399282,0.000994174061779678,-0.00255601919150208,-0.00188669142010639,0.000735880795547019,-0.00153280855445143,-0.00119627043224262,0.000192604418408658,0.000588199037438448,-0.000505581304878017,-0.000794990709337511,-0.00148123437803345,0.000817778905325215,-0.00138753466325472,0.00214585175443935,0.00212912397393393,0.0029194461716793,0.00132622298336503,-0.00126963465791351,-0.000262447392842,0.000968641038479859,-0.000575183267847379,-0.0015787228207479,0.00243646598726928,0.00334226641033978,0.000773283465836534,0.00113231864067867,0.00224825574365183,0.00102344181357411
