0.0584176186219177,0.0796286307013885,-0.0790453892527958,-0.0700490692610192,-0.077613993144222,-0.0691962197644089,0.0419365080205182,0.0409776316646155,-0.0930162682685366,0.00538109196710833,0.0381730438585768,0.0108521333860147,0.0339791592269044,0.0330843546544566,0.0282555467731931,-0.0900307809936664,-0.0917012747499223,-0.0794286122841209,-0.0964650072265829,-0.00917769461800094,-0.0853404797420702,-0.0778501633668938,-0.0851717135071441,-0.0896949590968443,-0.09017143066241,-0.0812068818371286,-0.0928399553206693,-0.0615283787929425,-0.0789864633742098,-0.0799688447788124,-0.0808962589377834,-0.0769167906024969,-0.0716845751993605,-0.000135488250203219,-0.00113494546912738,0.00110804488106129,0.00140638734200965,0.00146280009113443,0.00135856310803863,0.000513261376929556,-0.00118438127676587,-0.000657518111278935,-0.000567986003877193,-0.000905993485303357,0.00053013715984892,-0.000678645751457989,0.000422731509189943,-0.00251685126292868,-0.00123159172497071,0.00016392527168185,-0.000490939733767973,-0.000169574730059312,0.000393771478922858,-9.93988671450986e-05,0.000522691861635599,-0.000905026499406984,-1.73629869213036e-05,-0.00222929443718448,0.00258542813894361,0.000302593429876561,-0.00202529780130585,-0.000205340065553242,0.00022388937177499,-0.00017287993940912,-0.00110387320100506,8.64365718984037e-05,-0.001236089498463,-0.00282593204944374,0.00127250341160939,-0.00257363390253983,-0.00136707520963936,6.67716725004863e-05,0.00101240475757118,0.000560320669051069,0.00132336785449442,-0.00219319613176029,-0.000350235481308753,-0.000517323804692201,-0.00107052597873657,-0.00105042928568733,0.000343552377456528,-0.000237339767384,0.000733073764568469,-0.000244029450658064,0.00187452420573995,-0.00284725518579671,-0.00192142043950635,-0.00283847233050591,-0.00169606719516382,-0.000603934429282694,0.000416654593863611,-0.000808420083489999,-0.000241667872977674,0.000746782982997307,-0.0022196749222058,-0.00175037645109333,-0.000463496240695546,-0.00139441911215828,-0.00225648423616462,-0.000141692857589438
0.0796286307013885,0.11186465619157,-0.108966157238828,-0.0977471288977574,-0.10816151172109,-0.0959879348237658,0.0565227435925374,0.0545247413912733,-0.128047096276056,0.00700860903558722,0.0520622460409815,0.0146633201691314,0.0439954042307997,0.0440238048170253,0.0363328657247275,-0.121629207720612,-0.12363664548445,-0.107683304036753,-0.131330002526822,-0.0116294733343544,-0.116856469618987,-0.105109979450923,-0.116622519947983,-0.121744868463049,-0.124038516972866,-0.112203507006014,-0.126998030457457,-0.0851032030658223,-0.106984673757181,-0.107132023692541,-0.110152459754993,-0.106393884955327,-0.0979390166092624,-1.6264038939677e-05,2.42780024190007e-05,0.000360146463487771,0.00412171081080327,0.000883124740674739,-0.000167882359638916,0.000721141738602434,0.00135871998279988,0.00357601737959968,0.00159769415089169,1.35742375516447e-05,0.00197698238651509,0.00040519518765629,0.00432782561360064,-0.000296928579414178,-0.00163372732304976,-0.000264814897901529,-0.0012928526030117,-0.000255624246026464,0.0028532811046559,0.000226602547838619,0.000266131684372431,-0.000821408153341166,-0.00082270007717493,-0.00232958044476803,0.00154484093449007,-0.000676102211320159,-0.00476984888766261,-0.00133376097111561,0.000118115929795492,-0.000837657849436626,-0.00336355064333428,0.000387522801441146,-0.00186581382472457,-0.00470923829325947,0.0017538804953847,-0.00463155943698363,-0.00198115704457097,9.24764458717598e-06,0.00172726484145981,0.00113974847308265,0.00134648238402711,-0.000663328390137871,0.00244669170084391,-0.000543384446062436,-0.00120203177668945,-0.000599658369309789,0.000412219538753105,0.000340179399872377,0.00443832035022789,-0.00108157685354252,0.00524735965755474,-0.00212712230841713,-0.00155219228063141,-0.00323865551055289,-0.00744220007822361,-0.00269139358686817,0.000820819711775444,-0.00564738001953678,-0.00027013723608485,-0.000237660429222534,-0.00613181025794935,-0.00238778920676986,-0.00190448440137771,-0.00170769583631597,-0.00491391784797475,-0.00204471604785473
-0.0790453892527958,-0.108966157238828,0.108016359037006,0.0956390344405857,0.106075119753115,0.0945916784314671,-0.0553311620156189,-0.0540869257476617,0.126399732940648,-0.00580969637073943,-0.0503068654783604,-0.0131771711943979,-0.043828261823169,-0.0437759469724527,-0.0363314628702113,0.120103363830891,0.122128969373557,0.106407638223054,0.129294144292391,0.0123908780474411,0.114331256648326,0.103226662852581,0.114009175895527,0.119486380888481,0.120396598943038,0.109678773424118,0.124285055424256,0.0833409274524698,0.105269351831559,0.106613372037137,0.108339437960865,0.103163672141298,0.0955001208553161,0.000702634432617722,0.000770959378409748,-0.000443054521486491,-0.00371033889536007,-0.00127695812152443,-0.00123695016487402,-0.000123463612884146,5.81497389306674e-05,-0.00103194183090126,0.000661523152709951,0.000680768034688479,-0.000665754220452888,-0.00049810488377744,-0.000707294372841534,0.00365588861520315,0.000523742971587466,0.000288200477936796,-0.000485491975639792,-0.000912447969741557,-0.00225041082189619,2.07978573036588e-05,-0.00124771568723494,0.000812909127674077,-0.000596714943774992,0.00393178671789359,-0.00531224379302508,-0.00096910973923822,0.00227719840581238,-0.000283128426768514,-0.00105457983018554,-0.000277561050961369,0.00178063327132603,-0.00110850933666841,0.00200762066703565,0.00528331183662529,-0.00210366479951023,0.00478419554184558,0.00161618189930555,-0.000991792871428764,-0.00194525897227353,-0.00107066510833551,-0.00185675758267539,0.00357088314657621,0.000257294050244789,0.000612639072876435,0.00144062025840953,0.00117288418839092,-0.00016400469262786,0.000337344242663264,-0.00256170526752156,0.000520915084130474,-0.00416421730291622,0.00386894183407818,0.00246338854437697,0.00343948307430767,0.00459789797457861,0.00221715569049643,-0.000554194226073895,0.003107549522244,0.000192551654583688,-0.000671793675762205,0.00474445648407296,0.00252387540139094,0.0013378283394803,0.00202464962924563,0.00403177191447076,0.000854137551790316
-0.0700490692610192,-0.0977471288977574,0.0956390344405857,0.0862914440102907,0.0949278238852538,0.0835688754374478,-0.0481574476130051,-0.047547923699857,0.111019449207451,-0.00619989533870002,-0.046557049621561,-0.0135032997069512,-0.0402635557706067,-0.0393084065404982,-0.0322320753739578,0.10745316708304,0.10932230583914,0.0945873016361539,0.115814413554005,0.0112887675089526,0.102886284879675,0.0928712000995147,0.101745277602566,0.106912554039221,0.108967038231691,0.0982322323928003,0.111489965345389,0.0736445747767601,0.094778206494092,0.0946282648708326,0.0965366879419812,0.0936702147906693,0.0869065408312626,0.000726287611339655,0.00115331252331781,-5.38776206505896e-05,-0.0028760113493954,-0.000475076473217868,-0.000383285472461904,-0.000452833751153486,-0.00126985214930974,-0.00178623966814898,-0.000157608822255948,-0.000528864034521709,-0.00232391042244119,-0.000817104187001826,-0.00481989032343486,0.00200535747940814,0.00179872666130676,-0.000108346729981455,0.000794408326204147,0.000332272157533805,-0.00260595654651517,0.000476418430865169,-0.000287564299853732,0.000378501933393724,0.000230590114214798,0.00266091363202849,-0.00302849943933411,-0.000192643529842007,0.00345245903399324,0.000441892494872665,-0.00015538558904415,0.00125249877487089,0.00262262066575547,0.000160458925490347,0.00154112678174655,0.00347968955966056,-0.00110336490138687,0.0044389783141042,0.00126572634569325,-0.00113641376414594,-0.00249043916494018,-0.00316550744485033,-0.00283593418140854,0.000385514442581222,-0.00255614447684773,0.00145682036691478,0.00194171075645866,0.00229272573238237,-0.00080178789708559,0.00137411451290092,-0.00337555778870923,0.00186170471398573,-0.0044538032839815,0.0027499622070698,0.00216561010277035,0.0015601125346878,0.0073191225324505,0.00425332369655959,0.000335091845023,0.00601987241726159,0.00096483382536991,0.00129593017898585,0.00586606315429412,0.00254613686101393,0.00204346240454399,0.00246418195852249,0.00496706202124484,0.00275869213074454
-0.077613993144222,-0.10816151172109,0.106075119753115,0.0949278238852538,0.104996104036364,0.0930021571499204,-0.0542441320142001,-0.052953118726517,0.124000638363698,-0.00642026533788318,-0.0505016335692382,-0.013977696744585,-0.0433798293436039,-0.0431199175602682,-0.0354298140231499,0.118400029898703,0.120392315337488,0.104727051942097,0.127733054093123,0.0120401309099507,0.113342486218304,0.102118425817431,0.112646652568862,0.11804485760713,0.119836913847746,0.108649981079243,0.123050053935548,0.0820908005905628,0.104165655238867,0.104589550205562,0.106841364652594,0.102891306191062,0.0952033538225061,0.000248896630577157,0.000994545126041746,-0.000591121361514128,-0.00331694004419263,-0.001351186604089,-0.000981664875551151,-0.000762197561901787,-0.00019335464042796,-0.00145225302625252,-0.000597075522766815,0.000571695624639623,-0.00207690602926728,0.000121374629562187,-0.00364095357798293,0.00196801579500026,0.00209356574860648,7.70802809365546e-05,0.0012590249580574,0.00064277110395278,-0.00262944289925506,0.000323579326775992,-4.88761649532661e-05,0.000909502479462837,0.000733002959011082,0.00348860243430274,-0.00292956125943957,0.000448588092195434,0.00426353511819716,0.000982149462726264,3.59249424155037e-05,0.00126827693666059,0.00321579645074455,4.7642566557793e-05,0.00137536950085921,0.00412271353176731,-0.00197349470432846,0.00445309718869129,0.00118439563438719,-0.000486022240617166,-0.00187791512796195,-0.00163238208668395,-0.00206437139604307,0.00189675010981438,-0.00151830122112051,0.000347254580481082,0.00116720876908777,0.00103619565960603,-0.000361371141071307,5.73029685739674e-05,-0.00358239073729539,0.000734794325902053,-0.00498862708845636,0.00290385648650063,0.00166991054563158,0.00245865318786608,0.00644602148915492,0.00287423205198561,-0.000457201139913463,0.00487312202858336,6.60502963221668e-05,0.000154882374836603,0.00551272208351822,0.00220256434238474,0.00162360754465634,0.0017655275391963,0.00454978279622151,0.00180853225396017
-0.0691962197644089,-0.0959879348237658,0.0945916784314671,0.0835688754374478,0.0930021571499204,0.0834574425521189,-0.0499936670280904,-0.0478739480297461,0.111956553754785,-0.00547861216939592,-0.0438584012012487,-0.0115159589370828,-0.037478774734757,-0.0380301216030364,-0.0319474023630504,0.105191624903738,0.10690346725394,0.0934779707303629,0.113272157402929,0.00984114375010089,0.100404417113671,0.0906008046477302,0.101032387110993,0.105268379195651,0.106218235635308,0.0966311223742257,0.109431316576853,0.0741017392041688,0.0920139501651962,0.0932748391173724,0.0954866443447719,0.090728019680264,0.0833782813754568,-3.10311002019406e-05,-0.000409908867524921,-0.000635540835249014,-0.0037274477251878,-0.00118623919019895,-0.000313368137348303,-0.000270092679845048,-0.000227344862809018,-0.00242922680971434,-0.000605304497634937,0.000688193529426202,-0.000117713779391655,-0.000209805925227773,-0.000175048565424733,0.00135443394129655,0.000115552278943328,0.00048179162662713,-0.000111826107772265,-0.000944009063981909,-0.00169417001415914,-0.000718417339745044,-0.00107155861921047,0.000955178479062987,-0.000110521442783595,0.0022765763518126,-0.00264062665337404,-0.000238686708605128,0.00265706501603923,0.000443709123469312,-0.000868530367931287,-0.000766889680963409,0.00171697378571015,-0.0013416002503117,0.00237015922066845,0.00542029499938751,-0.00170793514686949,0.00407135830009246,0.00249915506894128,-8.44703374487055e-05,-0.00114724920882494,0.000449366819148185,-0.000360737770171713,0.00244504891409029,8.80379392308982e-05,0.000519163282687668,0.00109332176036662,0.00014905727137889,3.08089008948994e-06,-0.000552705029871273,-0.00265180702479965,0.000377778866066247,-0.00339505126619732,0.00254355312553195,0.00199964797713724,0.00441747114801528,0.00377950756083226,0.000716068573591532,-0.00119831546166809,0.00227684357444244,0.000226454348534884,-0.00110316483764451,0.00404728227255607,0.00229448735764327,0.00112996546640121,0.00140108138479673,0.00330121767332398,0.00029537174783872
0.0419365080205182,0.0565227435925374,-0.0553311620156189,-0.0481574476130051,-0.0542441320142001,-0.0499936670280904,0.0363954692695427,0.0329419286540586,-0.0695032243415279,0.00669597582701217,0.0284484042257833,0.00951035941030028,0.0250621247164596,0.0242875152965712,0.0235161745290047,-0.0670569813564455,-0.0684883959669472,-0.0594065990401381,-0.0710499652909904,-0.00406606082518308,-0.0634455936945762,-0.0592007020623988,-0.0658121259347178,-0.0686417803675256,-0.0685550057417885,-0.0598834082927629,-0.0699744247694691,-0.0469931416925648,-0.0583487869530071,-0.0595539430016185,-0.0611922306414365,-0.0570521726565412,-0.052629103144221,0.00191378048440744,0.00133588542896213,0.00254752794691997,0.000203565292991058,0.00184203727825429,-0.00045890005150063,0.00110806150819656,-0.00204013361237147,0.00105473490291164,0.00189122591700307,-0.00145625811492465,-0.00159486485835125,-0.00241417973978636,-0.00244418834902873,0.00281745192137922,-0.00051138523507336,0.000124248013982161,-0.00172917033538182,-0.000320103551479593,-0.00301869993378326,0.00176259613190067,0.000521766812336981,-0.00160328860068609,-0.00101312685174041,0.00269546695959588,-0.00455476199830936,-0.00129039460098539,-0.00256454455739648,-0.00182494904997079,-0.000268210886922243,0.0014975259234194,0.000192259161071806,0.000484201840898855,-0.0013669723105066,-0.00161691547970391,0.000574070694700586,0.000925022002131648,-0.00339945421776004,-0.00379895399390809,-0.00211856688452099,-0.00463298042769711,-0.00299950152074098,0.000160327621137186,-0.00100862289249265,0.000626517487132868,0.000485197720923322,0.00216783659562461,7.51649274597127e-05,0.00287647821892695,-0.00108762156097273,0.00127033160831353,-0.00174085749710038,4.03495029498781e-05,-0.000553507103119053,-0.00628844065747406,0.00419643040416272,0.00584268288037895,0.00249766118214916,0.0049250457667413,0.000400940017513072,0.00322470568035166,0.00220626424530057,-0.000570501801898762,0.00141414744284919,0.000775688328062152,0.00120366394147068,0.00291977685138647
0.0409776316646155,0.0545247413912733,-0.0540869257476617,-0.047547923699857,-0.052953118726517,-0.0478739480297461,0.0329419286540586,0.0312650521033303,-0.0657526373480486,0.00598005659036882,0.0283100495932654,0.00952179217941177,0.0260128847165582,0.0241810025112351,0.0227049342059125,-0.0655129548432789,-0.0670290587264181,-0.0575363240002767,-0.0694270814929853,-0.00559419390606478,-0.0617035406603883,-0.0575590251187739,-0.0624232576015819,-0.0661025126181535,-0.0659456089670485,-0.0576870740269091,-0.0675607688426926,-0.0441226767386815,-0.0573616416330805,-0.0581968704946058,-0.058793908399535,-0.0553840981841771,-0.0520475676860247,0.000596263314591131,-0.000162956018829721,0.00171070367535315,-0.000207972521274782,0.00121273632305472,0.000270157112966772,0.000605701497593102,-0.00168378104076672,-0.000636480004409985,-6.3047388351929e-05,-0.000745020029620756,-0.000830645100508997,-0.00136919138329915,-0.00125057697850453,1.57136533806073e-06,-0.00065833480746861,0.000455929053272899,-0.000837789641399776,-0.000142445624023082,-0.00228355788242765,0.000574808937823232,0.000888889822515516,-0.000916341684385232,6.12554512366896e-06,0.00107466047624736,-0.00100455252248176,3.37006428514497e-05,-0.00115547681849285,-0.00038457469853044,0.000106546236044036,0.000862876135356583,0.000660311525874264,0.000155497673822774,-0.000226715101000113,-0.000131993664992574,0.000752624509805321,0.000745811325061542,-0.00142387525136093,-0.00252043693136034,-0.00115408147403379,-0.00215769369588325,-0.00091425675477867,-0.000504580078957965,-0.000764504360163285,0.000656345074512473,0.000282203032340765,0.000787083075649045,0.000377799531195774,0.00146432068074929,-0.00146179335859215,0.00102646807962975,-0.0010980563260932,-0.00114599297338984,-0.000625525246117348,-0.00366980192411767,0.00326154311357045,0.00351038057035156,0.00124443984426032,0.00368139410604364,0.000550319644022872,0.002161361816048,0.00179240990842742,-0.000328117541604094,0.00124607271043503,0.000169890344872492,0.00067691127371508,0.00192353433544157
-0.0930162682685366,-0.128047096276056,0.126399732940648,0.111019449207451,0.124000638363698,0.111956553754785,-0.0695032243415279,-0.0657526373480486,0.15134118101551,-0.00824990393119459,-0.0589379521730996,-0.015740485575273,-0.0506766060340222,-0.0514826494069525,-0.04427309673096,0.142191281103717,0.144546050674527,0.126462711724427,0.15262584183079,0.0124936479255571,0.135237999903168,0.122859153531062,0.137138606994278,0.142761826572343,0.143471162149351,0.129983929405606,0.147774709358808,0.100300061085705,0.124117931770077,0.126449036344635,0.129335880409641,0.121893538269232,0.112008383777672,-0.00128149465309005,-0.000371802781423906,-0.00245567463330045,-0.0035997235448453,-0.00309343563495133,-0.00136139986694911,-0.00120019437570987,0.00210379545846811,-0.00150663613255173,-0.00149083838193379,0.00251791395367895,0.000331846294593605,0.00201597689880623,0.00155981682684011,0.000966182208144453,0.00119853289426086,0.000481284579173497,0.00128605850633311,-3.83574858033304e-05,-0.000527077989554573,-0.00139551292011227,-0.000533923558628251,0.00225618839020896,0.00106715300073431,0.00242878454206087,-0.000859101868136836,0.000975249257941467,0.0046794761859277,0.00188638366967309,-0.000229281494350242,-0.000813254543697919,0.00253252713136257,-0.00107219004954078,0.00364962797811858,0.00741999577191874,-0.00214359619772668,0.00460726451761651,0.0045461500328963,0.000908369569406087,-0.000633178314834039,0.00236754054768844,0.00058340143029579,0.00369101196953136,0.00140476516806057,0.000705478870196304,0.00138131546349049,-0.00031766360052883,0.000155742600540603,-0.00149752738283726,-0.00224404227474827,-6.55770997475988e-05,-0.00292131587173747,0.00323788328533743,0.00295334974427921,0.0077674612044091,0.00217735914502206,-0.00153362550963706,-0.00233684365387013,0.0002409664189233,0.000406537386863764,-0.00264264313546181,0.00368300879723509,0.00315685247508518,0.000787484900376952,0.00143664071035133,0.00321409343281648,-0.00100802697379096
0.00538109196710833,0.00700860903558722,-0.00580969637073943,-0.00619989533870002,-0.00642026533788318,-0.00547861216939592,0.00669597582701217,0.00598005659036882,-0.00824990393119459,0.00369452089510758,0.00678899225395876,0.00453759954170858,0.00655603341010468,0.00451485334028063,0.00560284812201105,-0.011606112842975,-0.0121489714008563,-0.00940098112195261,-0.0117119149929812,-0.000195466131771159,-0.0110553929962695,-0.0114395173893815,-0.011291937117371,-0.0124087622805915,-0.0130823890990188,-0.00911040580548776,-0.0121741156055404,-0.00649383753567831,-0.0105592657574896,-0.00966884281999647,-0.0100371661344382,-0.0104858329975845,-0.0102811923372109,0.000700670274847472,8.69673124624318e-05,0.000881292379320283,-0.00156622422958723,-0.000157910348216857,-0.001130953560936,0.000661351265938524,0.000113518421791083,0.000482312288788349,0.0010083501199111,0.000760684769179696,0.000364585335118288,-0.000742705137974197,0.00213587841461921,0.00266419621746091,-0.00114398424235512,0.000678553506196353,-0.001683991014299,-0.00110003616782969,-0.00208591357124433,0.000344514857341809,-0.000267479895985585,-0.000150052281069243,-0.00076073744266984,0.00329514066642421,-0.00435146156229297,-0.000800283097885106,-0.00128598731605192,-0.00101037325119798,-0.000794423860446474,-0.000349949133311409,0.000367105395726409,-0.000983341756493706,0.000222503926433382,0.00217479842366538,-0.000993546726612416,0.00182490770741905,-0.00101543459708473,-0.00204658716352191,-0.000851157369058886,-0.000296438049208904,-0.000560236136724509,0.00348462990733184,0.00192715909995438,-0.000460050768054932,-0.000125970940418095,-0.000149741127986096,0.000823105322249864,0.000230573099512686,-0.000985224403596066,-0.000511446566044041,-0.0018164308803506,0.00111551056209581,7.05943477395336e-05,-0.000972166353484918,0.00122789996617947,0.00160320735267256,0.000164206731181146,0.00107220757686547,-0.000516230946567254,-0.000160865610751333,0.00142273914830374,4.773505761573e-05,0.00055205250241387,8.26323124895648e-05,0.000587655994388987,7.18607582193285e-05
0.0381730438585768,0.0520622460409815,-0.0503068654783604,-0.046557049621561,-0.0505016335692382,-0.0438584012012487,0.0284484042257833,0.0283100495932654,-0.0589379521730996,0.00678899225395876,0.0293977717675741,0.0115735080897772,0.0270181696151147,0.0234039457188573,0.0212689838987959,-0.0625359221673253,-0.0641574095232972,-0.053853656647181,-0.0664751673740421,-0.00632852234980768,-0.0596428657271758,-0.0554875659767981,-0.0583952508313751,-0.0627175236014792,-0.064194653376559,-0.0548189628116509,-0.0646080951860283,-0.0400957280697866,-0.0556945330466805,-0.0544479088063649,-0.0551086274850079,-0.0545976200707573,-0.0519739695736942,-0.000606069369483203,-0.00086902094707746,0.000193517588739409,-0.000314877591420553,-0.000792202821333048,-0.00120339509813638,0.00030101013877883,0.00141472173411747,0.000960820289380365,-0.000242869573537024,0.0019251096704264,0.00135458543953414,0.000774096032839301,0.00469566919461499,0.000466935574694467,-0.00138655351828546,0.000971035780372244,-0.00104250605568829,-0.000514838496378527,-0.000947255151074687,-0.000416401851477022,0.000832632398638559,0.000325038758743814,0.000339524872901912,0.00197540709527263,-0.00084886737607672,0.000586204680586794,-0.00135928544262668,0.000138699211411133,-3.11425300251539e-05,-0.000586970458735086,0.000286378937498102,-0.000745094337279316,0.000793235327058455,0.00234123147821629,-0.000181939593216973,0.000601750080380983,-3.96277645483296e-05,-0.00171524801478225,0.000198571205005744,0.00180172563016616,0.00136591485332237,0.00322501692145077,0.00327236489238863,-0.000322831298801035,-0.000465485073724592,-0.00120407397196717,0.00140729105991275,-0.000486134755405275,-7.59554080863774e-05,-0.000891691398138844,0.000212504836385122,-0.000575005212886332,-0.000367455803439502,-0.000305822097094077,-0.00145845760715663,-0.00056820192648731,-0.000428008684978842,-0.00122341581600518,-0.000234425352211669,-0.000809602227321465,-0.000471836431287324,-0.000382815061860121,9.84590910582802e-05,-0.000873598933471001,-0.00127494741063406,-0.00115220519831226
0.0108521333860147,0.0146633201691314,-0.0131771711943979,-0.0135032997069512,-0.013977696744585,-0.0115159589370828,0.00951035941030028,0.00952179217941177,-0.015740485575273,0.00453759954170858,0.0115735080897772,0.00660752964169016,0.0111649843073481,0.00799288338263023,0.00842479418798949,-0.0206623862902516,-0.0215169388915337,-0.0169348220201077,-0.0214803686209849,-0.00176072721346261,-0.01986610227685,-0.0193959656367673,-0.0190375945056725,-0.02117034120354,-0.0223285404768186,-0.0169341408165238,-0.0214521995055436,-0.0116050405074692,-0.0188722485843764,-0.0172989377802763,-0.0175864995290654,-0.0186980467721461,-0.0184371363585407,-0.000305746257900427,-0.000138889690060339,-7.71454971912301e-05,-0.00111186790556274,-0.00133087520857337,-0.00191281209768711,0.000140944843482687,0.00174787793685754,0.00132329007386896,0.000214016288352573,0.00220725598408543,0.000830356748338777,0.000841316397431285,0.00401532716193513,0.00202257089669496,-0.000739689866041408,0.000887088218912351,-0.000908935880719861,-0.000423626512808849,-0.00153795928066884,-0.000131707453598772,0.000597870729707672,0.00060812713620882,0.000253260636002481,0.00345544330299381,-0.00270195538644582,0.000321151081048252,-0.00047369253982979,6.11120724928755e-05,-0.000170804595321234,-0.000278322380557628,0.000946678678274857,-0.000731393413732482,0.00109949625081401,0.00346572705625689,-0.000911015369942075,0.00195745538858195,0.00012036739312901,-0.00200052633603158,-0.000474580937571512,0.00107959131747421,0.00037697004410873,0.00437981048815727,0.00324188858094283,-0.000221459677433003,-2.58472709199927e-05,-0.000597982671015744,0.00124040197101218,-0.000236787368984149,-0.000674334455149141,-0.00077426221698875,-0.00112521612194488,0.000881152526572492,0.000388295812841504,0.000407000062439218,-5.94347298707288e-05,0.000308260359962894,-0.000427825389937849,-0.000243464622475596,-0.000257333742532081,-0.000904077472670356,0.000916114134974581,0.000334883356978574,0.000434153918170943,-0.000177938870599188,2.18148219660058e-05,-0.000777126876939534
0.0339791592269044,0.0439954042307997,-0.043828261823169,-0.0402635557706067,-0.0433798293436039,-0.037478774734757,0.0250621247164596,0.0260128847165582,-0.0506766060340222,0.00655603341010468,0.0270181696151147,0.0111649843073481,0.0268051592257061,0.0219122107126277,0.0207127373991623,-0.056946642444309,-0.0587026438716568,-0.0484623644449111,-0.0598305566671025,-0.00677219977988123,-0.0532956270401011,-0.0506487996196253,-0.0514633606672708,-0.056507532569114,-0.0569063756411067,-0.0478379083942532,-0.0576175037217441,-0.0343272521376192,-0.0507530709788772,-0.0499858666545763,-0.0491502032868394,-0.0481777801640211,-0.0471341072865019,-0.00133959710255963,-0.00203352270802749,0.000310934695125376,-0.00172774275238015,-0.000776156262118863,-0.000196748500889872,-0.000128189651666323,0.000236160421716345,-0.00186655351220914,-0.00248291918226672,0.00183976707358169,0.00056795370891088,0.000814153898660468,0.00268006960101662,-0.00217092058793081,-0.000934198882538644,0.00137109235438754,7.34429237037498e-05,1.23576715456867e-05,-0.00224241016520968,-0.000964032196947063,0.00162453879216724,0.000559270473174602,0.00158136722457317,0.00151447360556526,0.00163558639861919,0.00206921434540899,0.000956982497245076,0.00164404669802925,0.000510277166289653,-2.83714101367327e-05,0.00210882770138923,-0.000716425940568919,0.00153943551962261,0.00383432132234145,-0.000208798133668301,0.00165980451302219,0.000924709204765575,-0.00146533983637186,9.79848416144181e-05,0.00223073913661532,0.00211221161842527,0.00193000648136361,0.00168172729779327,-0.00020456340848907,-0.000461130053351604,-0.00192924479614134,0.00156759148413897,-0.00122564871686026,-0.0024777638690605,-0.000398016009637539,-0.00148086494657193,-0.00178226359323225,-0.000768985600832397,0.000392508386598594,0.00176867329287283,5.53049402464095e-05,-0.00100266948599001,0.00146194729037586,-5.62747493566849e-05,-0.000345626359694816,0.0017131124567977,-1.93514508512468e-05,0.000995781881909001,-0.00100310513061943,3.99327959679271e-06,-0.000218313334515033
0.0330843546544566,0.0440238048170253,-0.0437759469724527,-0.0393084065404982,-0.0431199175602682,-0.0380301216030364,0.0242875152965712,0.0241810025112351,-0.0514826494069525,0.00451485334028063,0.0234039457188573,0.00799288338263023,0.0219122107126277,0.0198749237882269,0.0177804586229335,-0.0528280522161839,-0.0540336915935892,-0.0459154332237151,-0.0560231471210578,-0.00563011534751763,-0.0496457104869522,-0.0463129512202475,-0.0491652579499416,-0.0525636527489483,-0.0528333776412299,-0.0461872845038556,-0.05392020520257,-0.0343330756361686,-0.0466172216030434,-0.0468233393023603,-0.0467604184411349,-0.044784371209141,-0.0425485075036948,-9.99172236279799e-07,-0.00164877925368169,0.00124636039457376,-0.000941613979531704,0.00102576624438796,0.00114814473728751,0.000652164059520587,-0.00147403663956196,-0.00205916120901944,-0.000797665192779293,-0.000405831319364142,0.000714157762692817,-0.00110116314776177,0.00112300787747143,-0.00160167087776188,-0.00175967584533422,0.000686134623251972,-0.001101483957818,-0.00103775637804863,-0.00109772503233697,-0.00040760852052806,-6.80372389397041e-05,-0.000587870611183827,-0.000281097988921004,-0.000395812441945696,0.000380914447238823,6.9478128992614e-05,-0.00127786291680284,-0.000273587154056515,-0.000450254408464107,-0.000746909082415943,-0.000231740201943391,-0.000980854046339061,-0.000375137817287259,5.32182813930583e-05,7.52059892477237e-05,-0.000504464676493677,-0.000814061983910806,-0.000299719475528775,0.000557617891063348,0.00118077954395324,0.00142824523633583,-8.51083832563617e-05,0.000278876437775096,-0.000902798134442465,-0.00105364210264523,-0.00163572990861677,0.000739720377132169,-0.000917388729095168,-0.000928494060829282,-0.000579384365669651,-0.000302378186628695,-0.00177663269791202,-0.00150572598684826,-0.00129107643867824,0.000190978410881804,-0.000199564193035885,-0.000272937574459401,0.000343816412379492,-0.000665169083371087,9.47382440170846e-06,-0.000208974568699771,-0.00107841507052789,6.57602744554508e-05,-0.00115100324858699,-0.000904411661104904,-0.000188492153658586
0.0282555467731931,0.0363328657247275,-0.0363314628702113,-0.0322320753739578,-0.0354298140231499,-0.0319474023630504,0.0235161745290047,0.0227049342059125,-0.04427309673096,0.00560284812201105,0.0212689838987959,0.00842479418798949,0.0207127373991623,0.0177804586229335,0.0178144754301785,-0.0471598810297037,-0.0485049154574935,-0.0406733197652633,-0.0492483973685676,-0.00413418289970854,-0.0438700471762538,-0.0420262224827245,-0.0442432209554955,-0.0475365203977321,-0.0472991911169668,-0.0398911076404798,-0.048031295828745,-0.0300909506104756,-0.0414033689794586,-0.0417617181577122,-0.0415985348412498,-0.0393173515203487,-0.0376095052434402,-0.000109053233975648,-0.000198621257429777,0.001048375768906,-0.00101971756642223,-4.25115254755058e-05,-0.00059898069429361,-2.67326540059826e-05,-0.000433668131505318,-0.000437616615234945,-0.00109205196554248,0.000748461294778644,-0.00122354204153385,-9.83774902212778e-08,-0.000977193496586581,-0.000305934983900366,0.000375830996673058,0.000707733161834387,0.000363361270045975,0.000825489576454963,-0.00295722667643617,0.000567551214830275,0.00170556630031601,-0.000158513163932017,0.0011875226611114,0.00260765500666203,-0.000590672979372103,0.00140203510798247,0.000846963763941238,0.000799626770378029,0.000731202328457864,0.00159967243715333,0.00232057354700616,0.000393076509095206,-0.000519420737459414,0.000822955356672889,-0.000511552922643901,0.00121702798346383,-0.0017114691006487,-0.00185773057046469,-0.000631423348430868,-0.000651989043779221,-0.000252472899632396,0.00125597901151878,-6.44541511973086e-05,-0.000817184578352693,-0.00069614265962266,-0.00075650359201094,0.000939715756688405,-0.000225203553548926,-0.00255921435470002,-0.000261193802025818,-0.00269605950903915,-0.00104101118557542,-0.00142668362035488,-0.00292183058509096,0.0036217980157144,0.00252767482931696,0.000296325493173371,0.00353948046832762,-0.000636826571124913,0.00111170373760302,0.00229628366085343,-0.000701434270951713,0.00106732827655987,-0.000658907498986124,0.000790677138290701,0.0013062900391661
-0.0900307809936664,-0.121629207720612,0.120103363830891,0.10745316708304,0.118400029898703,0.105191624903738,-0.0670569813564455,-0.0655129548432789,0.142191281103717,-0.011606112842975,-0.0625359221673253,-0.0206623862902516,-0.056946642444309,-0.0528280522161839,-0.0471598810297037,0.142542134130699,0.145646691784521,0.124627074756071,0.15177433930183,0.0140330061100859,0.134862800773875,0.124672367654101,0.13440492955521,0.14257445749349,0.143675924100951,0.126428879006397,0.146767353361652,0.0950569168853948,0.125479583209367,0.126007852109569,0.127202288200834,0.121883507852824,0.114587416861767,0.00024139157287991,0.00171274596409145,-0.0019765177753845,-0.000440840437110618,-0.00126836483532802,-0.000573179118729755,-0.000842056834155085,0.00101529760419489,0.000619679215170786,0.000980663003793342,-0.000208241631285779,-0.00067561154346314,0.000701992026332925,-0.00231422551040884,0.00210192583000009,0.0020472231669578,-0.00103925906400025,0.00122305145751037,0.000372338885007139,0.00176550541674691,-2.42745206044187e-05,-0.0014771948061396,0.000973332868326757,-0.000397304614009683,-0.000228897939936503,-0.00114149678104627,-0.000933126262690464,0.00263410743282617,8.62229028562514e-05,-0.000294844962333862,-0.00012368945701547,-2.55179281997973e-06,0.000343427980803921,0.00120401023021743,0.00122353088113633,-0.000794502921451958,0.00155982413584906,0.00246408247696674,0.00180880578841286,-0.000719407478506151,-0.0010178408362015,-0.00176951473501571,-0.000228921349487871,-0.00125923593649692,0.00120997206537506,0.00171147722338102,0.00204953153732556,-0.00151841413545268,0.000573896677651022,0.000670570918779434,0.000873935004547764,-0.000415131795858032,0.00349402178998091,0.00285600696280312,0.0046030728659595,0.000456174672419613,-0.000564732254758767,-0.000399820129595018,-0.000482241331206531,0.000803994942837522,-0.000893865980183251,0.00119064568356857,0.00234033869701664,-0.000131030439974848,0.0021328939570177,0.00240855938865021,2.42796523748826e-05
-0.0917012747499223,-0.12363664548445,0.122128969373557,0.10932230583914,0.120392315337488,0.10690346725394,-0.0684883959669472,-0.0670290587264181,0.144546050674527,-0.0121489714008563,-0.0641574095232972,-0.0215169388915337,-0.0587026438716568,-0.0540336915935892,-0.0485049154574935,0.145646691784521,0.148912207905287,0.127211012680842,0.154993303656449,0.0144147291631071,0.137773373526804,0.127502166478858,0.137101774466022,0.145700875128854,0.146773382333055,0.128850004591033,0.149917898776879,0.0967299143561981,0.128274470790234,0.128683505649479,0.129784298814833,0.124486522790108,0.11728157208014,0.000503473992005497,0.00166649587098055,-0.00179349325949497,-0.000431732664852231,-0.000920020258047498,-0.000249094548333872,-0.000656279283903442,0.0006896630035333,0.000462987458348543,0.00130626712132897,-0.000614338208221604,-0.00050162070950907,0.000304773185544592,-0.00237866429235135,0.00217382966282231,0.00175624334962844,-0.00114691355232857,0.000915001124524419,4.1280515883284e-05,0.00204191582842426,3.53923464019957e-05,-0.00195571971566647,0.000759203501068209,-0.000847895672262254,-0.000621677738628995,-0.00147003888944918,-0.00137554874118489,0.00214163625794165,-0.000349374625908016,-0.000581987593592567,-0.000425698662645936,-0.000555213005257181,0.000142748084948154,0.000688084526315147,0.000428745125586415,-0.000916459514699942,0.00099078584661049,0.0020179164716351,0.0022883406200039,-0.000432238217944829,-0.000866876864699093,-0.0016914936759322,-0.000441704165086673,-0.00139162715075554,0.000757112317437327,0.00135551697595586,0.00177317169250757,-0.00162229488052653,0.000310372556386394,0.00100033716072026,0.000560247828750675,-0.000222522537250941,0.00348454893250752,0.00252731628679484,0.00441742610908626,-0.000169594585378514,-0.0009957860496627,-0.000421407813487426,-0.00105828330947914,0.000425519813445054,-0.00109233180753331,0.000597727082232909,0.00197173490811591,-0.000473820724950926,0.00191090658960625,0.00205428013210638,-0.000213542933145873
-0.0794286122841209,-0.107683304036753,0.106407638223054,0.0945873016361539,0.104727051942097,0.0934779707303629,-0.0594065990401381,-0.0575363240002767,0.126462711724427,-0.00940098112195261,-0.053853656647181,-0.0169348220201077,-0.0484623644449111,-0.0459154332237151,-0.0406733197652633,0.124627074756071,0.127211012680842,0.109527160258688,0.133017393402428,0.0119699523354385,0.118085498342999,0.108644975604123,0.118112372273008,0.124816105361339,0.125534731683326,0.111368517947784,0.128660108053867,0.0843149883869628,0.109479810879871,0.110397901761713,0.11176009892898,0.106552559043339,0.0997411504975271,-0.000183575379162464,0.00111863038986345,-0.00193996024379328,-0.000992966934863763,-0.0017081676932315,-0.000885817089126923,-0.000895420025840551,0.00154988105037938,0.000487628629393234,0.000331484875840447,0.000729832523750435,-0.000340840832554813,0.00122460287954904,-0.000901925385451253,0.00161596590793715,0.0017871898068843,-0.000605996495899782,0.00129024493327026,0.000451707630798615,0.00117251744095361,-0.000183212314681733,-0.00102798417959026,0.00120915093637523,7.95816631062398e-05,0.000629626657401446,-0.000974882896197521,-0.000216478123950093,0.00284493709896017,0.000517916099200366,-0.000144878161136335,-0.000134190094795061,0.000597481424871444,6.07444187675095e-05,0.000880769117463986,0.00175601222034257,-0.00145224742681373,0.00144461371468727,0.001913592151982,0.00194075167019962,-0.00010698290097367,0.000507091039569737,-0.0007327650366733,0.00117438595671924,-0.000174386354996653,-1.1305193953813e-05,0.000694777351773577,0.000494985677405452,-0.000799409825452101,-0.000718159587782398,0.000113469865079839,-0.000253631594334397,-0.00103817913391475,0.00292105497626548,0.00183757478217144,0.00447782791511996,-5.07522900197471e-05,-0.0014961080514675,-0.00103581669888179,-0.00109694790300841,-0.000156341637341217,-0.00167572568630141,0.000905526935831795,0.00161037410301783,-0.000371560092185425,0.0011157458432746,0.00172089160489071,-0.000716822575221662
-0.0964650072265829,-0.131330002526822,0.129294144292391,0.115814413554005,0.127733054093123,0.113272157402929,-0.0710499652909904,-0.0694270814929853,0.15262584183079,-0.0117119149929812,-0.0664751673740421,-0.0214803686209849,-0.0598305566671025,-0.0560231471210578,-0.0492483973685676,0.15177433930183,0.154993303656449,0.133017393402428,0.162157752913467,0.0150759249407927,0.144154451762115,0.13244001658748,0.143283298025887,0.151811518776494,0.153295114396456,0.135616845300727,0.156762267208285,0.101916119426304,0.133710519207898,0.134016343331606,0.135695080052937,0.130465609672957,0.122432629643263,0.000365020077714414,0.00163633234476895,-0.00164769818857956,-0.00133595246924528,-0.0012345467133748,-0.000503162670273638,-0.000900160289150151,0.000614571880660743,-5.17930945815878e-05,0.000584135392310914,-0.000172756927956114,-0.00126014138677211,0.000531527396422849,-0.00339575560665758,0.00194786609223871,0.00238021134917991,-0.000923635282069698,0.00153523770528454,0.00059994966839928,0.000776643790965358,0.000254869612215328,-0.00135638285084519,0.000924357588694123,-0.000161137769486191,0.000625775178650255,-0.00165232749461572,-0.000583307596386038,0.00343240391510687,0.000273041737217465,-0.000224744689978502,0.000374519475570656,0.000837686438015936,0.000324236338266521,0.000332746372310065,0.00093062396539687,-0.00166076406386969,0.00167881243915796,0.00137379065289417,0.00219467107490685,-0.000527396415682347,-0.000778587683140408,-0.00174644003100515,0.000243745562023886,-0.00171353369318323,-7.59556021568596e-05,0.000818670300324827,0.00106670488320056,-0.00131024389830191,-0.000397764328249281,-0.000463388620095877,0.000112909336666179,-0.00202052496451572,0.00336900827654936,0.00182824845976776,0.00391176282012176,0.00168076967889724,-0.000356258050835698,-0.000673383709285042,0.000452380193214737,-0.000256950621292648,-0.0010385116854454,0.00186792498413982,0.00171529141784701,-0.000142191822837349,0.00155157645454802,0.00273953243375857,0.000207280765856276
