0.0643650795049037,0.0777154008863857,-0.079649908261866,-0.0710017031794981,-0.0777130731917425,-0.0698964691385279,0.0416062944579798,0.0409735935391163,-0.0945775295274441,0.00379886965094525,0.0332558370942957,0.0119084835989248,0.0357692770820742,0.0303850421118056,0.0254340229371511,-0.0890696651723022,-0.0900769908640379,-0.0780969641738808,-0.0943187292346418,-0.0106026510386443,-0.0835005507514205,-0.0807065834066239,-0.0826861480803706,-0.0907733085138146,-0.0906157916712605,-0.0805498046473588,-0.0922991826313358,-0.0612082694975213,-0.0771282745645057,-0.0788635587213511,-0.0813389951314218,-0.0774894386001557,-0.0706752090643684,-0.000731950939782922,-0.000113782019167327,0.00194520502800226,0.00177149264930045,0.000964087618557841,0.00138131679071302,0.00344923312856726,-0.000211981549986648,-0.00284577739393979,-0.00340961155044825,0.00025986645545413,0.00409243267382007,0.00106238369765721,0.000831343797823062,0.000351117504907921,-0.00193080158060666,0.00387310319025001,-0.00196414188632183,-0.00213271540448302,-0.00256618914578939,-0.00178007940043134,-0.0013795228443339,0.00233571830223754,-0.00208861622885222,-0.00166967180496957,-0.00116011801037043,0.00105251936255119,-0.00133367518521392,-0.00331386585486066,0.000550128364827243,0.00269451501371768,7.38716300195552e-05,0.000401297917457554,-0.00222929789776684,-0.00509444673569098,0.000306221734480717,-0.00212370324699945,-0.00312653559561222,-0.00180943334522614,-0.00229515297291482,-0.00132833101560559,-0.000913233708389396,0.00177225776072267,-0.00276370834077532,-0.000723356185236196,0.00210393567994632,0.000659508495839664,0.00371388242805551,-0.000560254411047133,-0.000753505969651563,-0.000210996852756241,0.00243362841194225,-0.002535452787029,-0.00244086242196834,-0.00853587071688202,-0.00287948067194011,0.0020561464896978,0.00394249027934686,0.000232717061133106,-0.00149221833997774,0.00193190985161874,-0.00195946528744413,-0.00433948669214396,0.000555577207662136,0.000453161642824785,-0.00371790783732368,-0.00116710588497376
0.0777154008863857,0.117868784058578,-0.106611612611175,-0.0972957783564081,-0.108370010293472,-0.0984528834300939,0.0566907990730199,0.0504268103153178,-0.126544589726091,0.00942266689708763,0.0471188077408555,0.0147928811028259,0.0425197788642189,0.0445422923693488,0.0374156006665837,-0.121156190215699,-0.123800108000843,-0.106707652710286,-0.13021946238159,-0.0129701725336414,-0.115994589434642,-0.105176319147459,-0.118549073737056,-0.122355650196149,-0.123538671973359,-0.11187887027076,-0.124005243624291,-0.084511861916051,-0.106306557613095,-0.109152873056137,-0.107931832151931,-0.107952057972117,-0.0992637319911211,0.000395431823187826,-0.000275461956938018,0.000187720115218347,0.00220286806545478,0.00426293287548684,0.000817433817961686,-0.00242507964849231,0.000870246506878867,0.00528942145782237,0.00298643880832951,-0.00272606049735599,3.05347090856802e-05,-0.00168706056568621,0.00413179279540192,-0.0016461544911092,-0.00204400915594476,-0.00305177749177332,-0.00192402574978939,0.00187596081792906,-0.00124001912685403,0.00116775592440096,0.00292977103576096,-0.00521318326657869,-0.00110484969771172,-0.0014964400521895,0.00525852220513273,-2.68318632547151e-05,-0.00316233502563825,-0.000259730605661789,0.00335514114514786,-0.00306541295772071,-0.00192606025540568,-0.00141931417349154,-0.000472483413063489,-0.00400287890389516,0.00027247554669992,-0.00250960567193361,-0.000987597107783255,-0.00648365351036298,0.000699130034720356,0.00260163084498832,0.0027183568480226,-0.00725751150445674,0.00353150194313481,0.000328237350828354,3.26325528906652e-06,0.000544102318913573,0.00133452937581019,-0.000536090940752821,0.00392348239638447,-0.00209454967023964,-0.000257307260298077,-0.00731009591105896,-0.00126093823666307,-0.00189804308458541,-0.00179828552500307,0.0040986173883867,0.00284471156615271,-0.00220943619871457,-0.00142433811953499,0.00197907052910052,-0.000834350477675155,-0.000958573514782355,0.00211092568140529,-0.00464732151497391,-0.00345092998284755,0.00611325556473807
-0.079649908261866,-0.106611612611175,0.112014962753541,0.0973717754940326,0.104860388880888,0.0928318009808129,-0.0525405135847428,-0.0562780356051612,0.126419883312552,-0.00271491094204696,-0.048418113732673,-0.0157378732226489,-0.0454275513337011,-0.0402367434917452,-0.0345237449798235,0.121161836100845,0.121441340540766,0.10649237238897,0.129475995565092,0.00963785136657577,0.11087466410847,0.105291651182124,0.113909952673343,0.120179091240073,0.121244443611629,0.109943717417595,0.118882098063424,0.082515352002151,0.104975361767131,0.10557242625017,0.107611897335069,0.101787473256512,0.094582504908479,-0.000675684149628265,-0.00108902176003489,0.0029075416469468,-0.004642540047516,-0.000829157330652788,-0.00258009074192611,-0.000857854988753906,0.000114898720428521,0.000153380724450322,0.000670566857363562,-0.00131862017433283,0.000427014671912617,-0.0017775059588125,0.000569621162034016,0.000931895353513053,0.000265125453974784,-0.00417395739876889,-0.000801989609207165,0.000373067271241399,-0.00412298009349004,-0.00127013167998289,-0.0014971843323044,0.00207077075877334,-0.000234675331020163,-0.0036551198202475,0.00128447431613671,-0.000161426301899246,0.0024118774500865,0.000657463001026432,0.00160960699181617,-0.000453616832705278,0.000157830449073027,0.000619691444279757,0.00233661259617943,0.00316080039235508,-0.00180964933357423,0.00259792275738014,0.0014771921897552,0.0032490424737133,-0.0038571146498792,0.000713786311894293,-0.00460715976762676,-0.00402503479910786,0.00112141033560831,0.00122797354673593,0.00109591513291082,0.00165927546834899,0.000702044117730779,0.00126567994582027,-0.00320294693326567,0.00197009076032689,0.00127812712506411,0.00583600400938824,0.0022206233014606,0.0049641816550266,0.00450695327997026,-0.000398315071751249,-0.00155202510023209,0.00231352685701986,-0.00103657562202771,-0.00551548407269106,0.0038624329165648,0.000979570334921722,-0.00079643042074264,0.00320751510027276,0.00494026871130496,-0.000270673540108513
-0.0710017031794981,-0.0972957783564081,0.0973717754940326,0.0883959368795797,0.09358900467801,0.0832964465402481,-0.0453853392780577,-0.046955260851171,0.110618790136033,-0.00564870985037948,-0.0434821651503659,-0.0151559444238551,-0.0420278373514995,-0.0353887571208785,-0.0316917483232511,0.106942757162262,0.108922774772082,0.0947031039326413,0.115150389865175,0.0100910249252418,0.0987107211167841,0.094421158023794,0.102746576417774,0.107325647131623,0.108687429975856,0.0990220400886746,0.107152833456027,0.0731980475103712,0.0938915133851706,0.0953083966788174,0.0960219015561803,0.0942445248095451,0.0842343606504271,0.000609375875430264,-0.000165930455867364,0.00117589585487924,-0.00398840805679357,-0.000873233635901547,-0.00125464731831987,-0.00114767660818657,-0.00158502335326181,-0.00154649724964614,-0.00112118744255656,-0.000293605572743003,-0.00212871165128501,-0.00130464288990597,-0.00287890227618633,0.000795286368219057,0.00282057717849757,-0.00193139539728453,2.45100056513649e-05,0.00160983533003287,-0.00380680152427655,0.00255339349528947,-0.000592442638976167,0.0022217905946106,-0.00131647610356503,-0.00185819579022175,-0.00168445324169056,-0.000283443521167426,0.00365387547102885,5.04038474617942e-05,0.00196101507711135,4.58486691263305e-05,0.000886917838194578,0.000541144605690556,0.00248994004850332,0.00297851894048977,0.000991424446767814,0.00314149414907229,0.00196087454563572,0.00436917994605935,-0.00172651685870922,-0.00142596448575247,-0.00495766757904954,-0.000973431049691644,0.000498205348333674,0.000550222085034047,0.00137998081386616,0.0012260988906789,-0.00155854895957756,0.00268638851996507,-0.000495700823386166,0.00270257048606566,0.00129627696557372,0.00531119808775289,0.00189136526828146,0.0049580218419824,0.00319518900180068,-0.00166300379154108,-0.00435968826800324,0.00412305853000418,0.000178204849842397,-0.00259433244289275,0.00409526558053495,0.00161315699131965,-0.00126598399657593,0.00360542117596561,0.00541097604206968,-0.00199946733619998
-0.0777130731917425,-0.108370010293472,0.104860388880888,0.09358900467801,0.10759776068593,0.0932915202336003,-0.0569886877646025,-0.0515345615118161,0.124595676864319,-0.0065862536168219,-0.0444531929204865,-0.0115620982418387,-0.0437837484036997,-0.0395199201740483,-0.0346064328552681,0.119300928057634,0.120774313207613,0.104890306525305,0.126783561760928,0.0128612050117272,0.110674048641835,0.106644295243491,0.112508515642281,0.116859045911453,0.119741160098993,0.105499666088675,0.118060287383816,0.0804107641877757,0.104984581525295,0.10415979967169,0.106068327861332,0.100994234693636,0.0960470952776169,-0.00112023623185047,0.00190118838432792,0.000420623035227552,0.000901947614331001,-0.00137778005607847,0.000583937320148097,-9.12591070792697e-05,0.000840773446530784,-0.00121411641114429,0.00121998541504325,-0.00118912391502871,-0.0016997295895461,0.00029839832527559,-0.00622294720573114,0.00262338452389601,0.00202002494632838,-0.00224051422873611,0.00236823178175464,-0.000992718614614672,-0.0011954321187825,-0.00101461894476378,-0.000612389988689108,0.00252792665344113,0.00235993510311956,0.000255136734581347,-0.00249628497909371,0.000782309947400119,0.00469429227137692,5.10247634928194e-05,0.0015350758222866,0.00189943692335639,0.00151311053702701,-0.00074809048711375,0.00130028612777867,0.000391643842895937,-0.00346313206245005,-0.000549524460694883,0.001693261577616,0.00467396049344906,0.00047790475997853,-0.00383759154752618,-0.00204140022493803,0.00403455877407546,-0.0018198400046136,0.000437863696616195,0.00144123664472103,-0.000454031389905763,-0.000199656640125101,-0.000935744342424551,0.00022128636310764,0.000718020344116375,0.0011609777365469,0.00642959621002207,0.00120430476490476,0.00542417880388447,-0.00185313306069971,-0.00540128611861159,-0.00201957677965246,-0.00259412210264467,0.00125909081341962,-0.00451577552923702,-0.00138930625964701,0.00350524112285848,-0.00179639847373345,0.000390800219132549,0.00328311265521829,-0.004474088509517
-0.0698964691385279,-0.0984528834300939,0.0928318009808129,0.0832964465402481,0.0932915202336003,0.0873722075471231,-0.0497575430462512,-0.0450812164764196,0.111045825750633,-0.00725741297465519,-0.0406031010470316,-0.0119523497983666,-0.0376211176944163,-0.0373812653671703,-0.0324921632286918,0.104967128984789,0.107058621662677,0.0923367812785728,0.112619661883109,0.0138661103550812,0.102386322770632,0.0941771066239475,0.100432856076096,0.106689146055239,0.104679692238729,0.0956831415435662,0.10864669576589,0.0724352339866652,0.0905318141543201,0.09337616108169,0.0939961642887194,0.0929803509746457,0.0868158978701846,2.25086531287139e-05,0.00221342221478841,-0.000661618424926927,-0.000403064626424816,-0.00210133779079138,0.00185229597364869,0.00019795275034557,-0.000661399259344234,-0.00237627861802525,-0.00015065140270312,0.00192431302023162,-0.00180398526672521,0.000808672135047415,0.0030854980745692,-0.00075834641466,-7.85697307062983e-05,-0.000131060460074575,-0.000996160676888753,-0.00184943108489166,0.000418378909391092,-0.00182706221516242,-0.000622104626068288,0.00245696628840917,0.0027559510283348,0.00294156637049395,-0.00207695754675914,-0.000277852468190212,0.00335287582961054,0.00036513428303857,-0.00185259599778998,-0.000542758992805984,0.000554740995168547,-0.000742395736670821,0.00058344944543999,0.00425839078296982,0.000320159653656103,0.00356879467671915,0.00253421630328701,0.00867911319474993,0.000162385960635639,-0.00114411732278545,-0.0010775829740608,-0.000174598970969337,-0.00214035294846159,0.00062158420413289,0.000279851384776547,0.000755144608891525,0.000931437532480513,-0.00130094540785698,-0.00351897334847116,-0.000276902210855163,0.00059046784132826,0.00421440420801139,0.00178070922554568,0.00252457724955044,0.00332095950632631,-0.00392968138391232,-0.00244236816934708,0.0014130157739694,0.00245865130698603,-0.000776460402052598,-0.00015870236471785,0.00274666185365094,-0.00186886712139164,0.000464199887124059,0.00337369606497762,-0.00182597667299754
0.0416062944579798,0.0566907990730199,-0.0525405135847428,-0.0453853392780577,-0.0569886877646025,-0.0497575430462512,0.0415539154007426,0.0329285239319709,-0.0706097345661195,0.00710949492511687,0.028130953460743,0.00558693825928066,0.0248708371756129,0.0245395900824977,0.022461013310722,-0.0673839711511699,-0.0696159957664904,-0.0595382570967901,-0.0709961769087483,-0.0055085388043101,-0.0676422765258165,-0.0588426133547711,-0.0650897695890642,-0.0666712605350897,-0.0686838026020442,-0.0562781998628519,-0.071502128569896,-0.0471518512685113,-0.060056355177684,-0.0567288931497993,-0.0618620126966289,-0.0550873707474813,-0.0560493219392543,0.0022438848337838,-0.00022281267597657,0.00118878111062714,-0.00298097840519113,0.00128478521799931,-0.00207096335965009,0.00145106033693293,-0.00269819102818679,0.00110241672259327,0.000893309692425499,-0.00110726996754949,-0.00254253951166587,-0.00208167766273748,0.00178932119715196,0.00130873162288078,-0.00101058617605,-8.163660080608e-05,-0.00329591633585164,0.00114942401255877,-0.00533994617574127,0.00230285366554565,0.000304903272665566,-0.00150104327006279,-0.00430355309974015,-0.00329283258658688,0.000112308115067294,-0.000960309457175394,-0.00200932933963152,-0.00166788441126319,0.0020523177870428,0.000655519710638246,-0.00206677168375357,0.00312228268949278,-3.90223746491494e-05,0.00225462755682104,0.00426893961855222,0.0030603806596948,-0.00353929167164649,0.00354623140581191,-0.00306108144298656,-0.00216964224938017,-0.00350099561725646,-0.00280402503956455,0.00625653275982509,-0.000355296022694971,-0.000189163179932543,-0.000107149071298454,0.000608790892506291,0.00436893515757345,-0.00069288279649641,0.00169182363688103,0.00140227396861797,0.000391372018381795,-0.000873934225844533,-0.00471483445121505,0.00434304926016798,0.00305821186960711,-0.00206768140300381,0.0062881980996878,-0.0010284225360085,5.39350141079706e-05,0.00317071068475017,-0.00275111330766967,-0.00155323872083023,0.00246240432514529,0.00301382915485707,0.000499880863379497
0.0409735935391163,0.0504268103153178,-0.0562780356051612,-0.046955260851171,-0.0515345615118161,-0.0450812164764196,0.0329285239319709,0.0439709071995827,-0.0672306795899436,-0.000316549787655325,0.033874301375641,0.0115831367403432,0.02213978602448,0.0236562357045424,0.0224699901858995,-0.067327194657655,-0.0675162310624371,-0.0570297947003561,-0.0707738595153982,-0.00591530388782293,-0.0608395304905005,-0.0584362348930592,-0.0577918987918261,-0.0646870212506439,-0.0674196205234499,-0.0559625233214294,-0.0666460995536962,-0.0460157726740078,-0.0577745356304866,-0.0551325487407381,-0.0621376355761041,-0.0541973471543207,-0.0490737490390056,0.000691018920005859,0.00178701175662802,0.004803384391308,-0.00153485237454181,0.000147306659109095,-0.0015518781472925,0.000649305023050936,0.000151708587673213,0.000230082659294893,0.00341553065504328,0.000242269291480524,0.000930004559812512,-0.00302890455078022,-0.000489732989710741,-0.000640880529660281,-0.00157906425114331,-0.00166233611956121,-0.00314669253615928,-0.00156850574895031,-0.00122112249435157,-0.0014129348355017,-0.00236507324772421,-0.00609780303539209,0.000722811865954928,-0.000370377627045681,-0.00302573313765258,0.00242515216216015,-0.000276726529524103,-0.00156759208580154,0.00222774697119882,0.00382275185575115,-6.26420946185544e-05,-0.000946314673741902,0.000592981639045022,0.000377530952547013,0.00212303415763751,0.00029889785899715,-0.000248314615389452,0.00469164334547196,0.00238910226454322,-0.000504802974987859,-0.00247767010260145,0.00778952321648227,-0.00549894770186193,-0.00132913856176529,-0.000784897816267915,-0.000919454917402438,-0.00419870412917161,0.00178857771519071,-0.000363648307660275,0.00250869574441671,0.00195222014110799,0.000974832789134114,0.000559099119079379,-0.0032317183252925,0.0026491851116307,-0.000585209802527308,0.000960326432004899,0.00352603647665868,0.00184156533036374,0.00427807317306114,-0.00348924245424979,-3.36512482036597e-05,-0.00478831703855822,-0.00136302799948641,0.000559936108820313,-0.00193760797286255
-0.0945775295274441,-0.126544589726091,0.126419883312552,0.110618790136033,0.124595676864319,0.111045825750633,-0.0706097345661195,-0.0672306795899436,0.153131524901142,-0.00719401324888567,-0.0567011466756735,-0.0159026012816247,-0.0498119484126378,-0.0465135783998617,-0.0432370286100404,0.141431204245332,0.144217886827364,0.125855264588004,0.152589428849503,0.0116697751764318,0.136215516127845,0.126157692238466,0.137322555913262,0.141458716182117,0.143719418394305,0.127879628731492,0.14537442979783,0.100293305964065,0.125022406658729,0.122546012465979,0.129735816723619,0.121702995261243,0.112913504232667,-0.00246254239338571,-3.78644188879966e-05,0.000125136944413104,-0.000585452454260061,-0.00177479404560171,-0.000433584080023934,-0.00274391143662453,0.0020548925449544,-0.000104071952536148,-2.41379116825619e-05,2.3224531084255e-05,-0.00199413865217538,0.00221029490209529,0.00022290594475426,0.00165838174974727,0.000678087225926712,-0.00223989801855415,0.00342286971265101,0.000317824913550582,0.000620326221010064,-2.5358083824026e-05,-0.000488098947448788,0.00167865881386798,0.00390481664483959,0.00126711920836197,6.68121878189265e-05,-0.000150189133807076,0.00498727640583568,0.00146377484268802,-0.000374707940551289,-0.00219487065047731,0.00293750817562051,-0.00230817608741437,0.00401325681804218,0.00355095910270793,-0.00352205343198512,0.00175049863825974,0.00450382569963212,0.00124873600422055,-0.000634528406256882,0.00326169735311285,-0.00128814800249952,-0.00096152805942592,-0.00312903958191835,0.00137639655846603,0.000777953092176737,0.00176640851930642,-0.00167689905687322,-0.00149074818020842,-0.000612279138526772,-0.000786909688187577,-0.00101819038300961,0.00375845046436253,0.00319943693123535,0.00660045747284663,0.00161104423369522,-0.00269891789869299,-0.000576922751708162,-0.0007198752201819,0.000577841221776957,-0.00349847883694045,0.00250899983933571,0.00389764401190019,4.41430857680023e-05,0.00106227823088841,0.00294149856776846,-0.000847189810230285
0.00379886965094525,0.00942266689708763,-0.00271491094204696,-0.00564870985037948,-0.0065862536168219,-0.00725741297465519,0.00710949492511687,-0.000316549787655325,-0.00719401324888567,0.0106570119525846,0.00926541572669658,0.00359523003526432,0.00485372863111135,0.00628813934490513,0.00786014316986364,-0.00901573645495519,-0.0113973358811812,-0.00958035334072087,-0.0130973169350416,0.00162594449624973,-0.0138288474445567,-0.00956261096246149,-0.013650144722337,-0.0146300808731718,-0.0126917622494547,-0.011344049520158,-0.0160382070522708,-0.00757426016125681,-0.0112856427188807,-0.0119451759014709,-0.00987687232670873,-0.0134647144112551,-0.0112202906049032,-0.00208120404203107,-0.00154159102993837,0.000622603501647292,-0.0011453253830651,0.000767037643331705,0.000106850203644811,-0.000524052866487923,-0.00127874599702477,0.00155397084705696,-0.000950108474424437,-0.00182027153704054,0.000564422222132077,-0.00160761053749394,0.00103935577852333,0.000143281875244479,0.000474369096312488,-0.000504477065557547,0.00144565523229116,-0.000320764380473,-0.000576908197159293,9.39016286824011e-05,-0.000243478476657916,0.00372922111881261,0.00078245451327341,-0.00201158683873511,0.00308092290746,-0.00144896132210441,-0.00252435112692772,0.00214755931758186,-0.00139208840893866,-0.000303618536770298,-0.00105436156488393,0.000639220273121556,0.000819080917498436,0.00166240728165414,-0.000802726238040461,-0.00124793962044555,-0.000279361604661047,0.000127812770267215,-0.00175245469063502,0.00142511461466625,0.00160411926835091,-0.00510452492496111,0.00349517793740334,0.000823659561612008,-0.000730549069381669,-0.00100499001828308,0.00266936688747161,0.00104963572121619,-0.00145091674698622,-0.000426755062736912,0.00042467867760622,0.00128285900384208,-0.00127343499388475,0.00130543966041762,0.000811350836235269,-0.00135571729511811,-0.00236723317563308,-0.00127039822309792,-0.00054840709976107,-0.00453784122290435,0.000705587334531905,-0.00229006492606088,0.000346072124482495,0.00247955070329569,-6.48265919546367e-05,-0.000120984176415142
0.0332558370942957,0.0471188077408555,-0.048418113732673,-0.0434821651503659,-0.0444531929204865,-0.0406031010470316,0.028130953460743,0.033874301375641,-0.0567011466756735,0.00926541572669658,0.0389457822322281,0.0147089920962731,0.0233467620329212,0.0237938740258173,0.0255075932149433,-0.0611230512674841,-0.0635877309993973,-0.0534796360165521,-0.0674709578980783,-0.00220118186106865,-0.058335265007145,-0.0541443467220406,-0.0584528982774807,-0.0637458923859455,-0.0637670147874906,-0.0559881692730053,-0.0652052162107953,-0.0430764481945301,-0.0556684485617793,-0.0535415437601288,-0.0567194356408086,-0.0554792810852906,-0.0477721492866068,-0.00150609139242628,0.000387610408924586,0.00286430342491421,-0.000551096163852029,-0.00267594439638654,-0.00202835876704105,-0.00259060077878149,0.00128919251332264,0.00385008963572077,0.00344959600292709,0.000423333729526442,0.000840398130426693,-0.00162149787538936,-0.00107461776816667,0.000881735758345127,0.00133332983926182,-0.0015085877064034,0.00170109365489495,-0.00129270874986634,0.00205672012652363,0.000941570323743313,-0.000969194274462302,-0.00097678759722006,0.00390756971688805,0.0027887196666739,-0.0011160892474737,0.000460745135970289,-0.00239308810287826,0.00205917225869034,-0.00144109289823553,0.002791820034953,0.000162042670709061,-0.000351166945933959,0.00305674996675404,0.00432524242387176,0.000400388991629107,-0.000857230526098641,0.00256780292423609,0.00145091109771845,0.00484916623667286,3.74946846304256e-05,0.00232365498396695,0.00562488416507724,-0.00122122108616204,0.000360501165912376,-0.000831483079068833,-0.0013586168548425,-0.000660799199082089,0.00133005687054956,0.00044814667684623,0.000169621636688738,0.000351491357449153,0.00160993940376996,-0.000886834822840947,0.000807569809093521,0.00135323393271766,-0.0025003676393747,-0.00127527810287097,-0.00144247390654598,0.00273736996901702,7.24682912609131e-05,-0.00390739535971811,0.000789162212942689,-0.00305553652423299,0.000101725534502781,-0.00142058352522233,-0.00056185147427701
0.0119084835989248,0.0147928811028259,-0.0157378732226489,-0.0151559444238551,-0.0115620982418387,-0.0119523497983666,0.00558693825928066,0.0115831367403432,-0.0159026012816247,0.00359523003526432,0.0147089920962731,0.0130119240065646,0.00837523298631045,0.00947083405201933,0.00720406531521501,-0.0192856114643055,-0.0192672554673572,-0.0146170320427293,-0.0219271634907618,0.00182362617248321,-0.0171574047957408,-0.0171131704515468,-0.0194760002815989,-0.024217726576848,-0.0235538418130733,-0.0205738063706928,-0.0239245272872546,-0.0131377993711915,-0.0183386399249486,-0.0206409027384547,-0.0157879204413256,-0.0215305095817598,-0.0131571163959368,0.000364882814311022,0.000371394880135187,0.000460495079986568,0.00241469731395135,0.000789061348176403,-0.000745438219022076,-0.00425871500891802,0.00212226527826474,-0.00068026819660039,-0.0015309462215254,0.00386448458136644,0.00269653647318981,-0.000437300749138501,0.000210195292714048,0.00428948643000057,0.00074909487043373,-0.000748074455000365,-0.00102338908228313,-0.00123782344977967,-0.0014666422640465,-0.00138903965959021,0.00155813973199872,-0.000724885859328409,0.00296018134939637,0.00342465359948267,-0.000566780966285126,0.00198772277346797,-0.000744913798629703,0.00393902051317993,0.00118219726296407,0.0010220896598144,0.00171106041903258,-0.00346824773191664,0.0019104757726948,-0.00199132389854525,-0.00244673088653277,-0.00240319176347254,0.00100728010097114,0.00383654490568196,0.00107010775129885,0.000187036478853396,-0.00338052653705896,0.00155576279838469,-0.0039912560379087,-0.00155118395157337,0.000654240112184736,0.00106575773293322,-0.00027745665552988,-0.000833236908655648,-0.000486343510913755,0.00169375518021821,0.0047167683763794,0.00118371702346059,0.00139626493952841,0.000248983330464319,-0.00344223750651206,-0.00599225927907028,0.00214266568458675,-0.00365403419166063,0.000320960123296844,-0.00195538943565983,-0.00315683857850706,0.00165345361244874,-0.00072322453315115,-0.00212169407416795,-0.00389699120966833,0.000470208633206161
0.0357692770820742,0.0425197788642189,-0.0454275513337011,-0.0420278373514995,-0.0437837484036997,-0.0376211176944163,0.0248708371756129,0.02213978602448,-0.0498119484126378,0.00485372863111135,0.0233467620329212,0.00837523298631045,0.0363671808905368,0.0221412290629732,0.0171420392473083,-0.0579400839339842,-0.0606796577859455,-0.0500375888907357,-0.0561991281845835,-0.00910405931671734,-0.0510325608907027,-0.0478813247057679,-0.0523783244633476,-0.0550928104651123,-0.0550108459613298,-0.0476382020475991,-0.0573281065362505,-0.0322212511445378,-0.0497364307904855,-0.0501681358645731,-0.0479005064586527,-0.045424577763358,-0.047023006591472,-0.000305474419566885,-0.00252511469380699,-0.00159548878834381,0.00282853934533335,-0.00208616158696466,-0.00077537378761227,0.00365990600616944,0.000633952806028758,-0.00324029019752693,-0.000727524144138696,0.000865826538591652,-0.00371344435108446,0.00573521422792663,0.0014732165806051,0.00357927192645711,-0.00474458428366895,0.00518816020802137,0.00214878231713534,-0.00148227962356061,-0.00128125736068968,-0.00159262832658759,0.0018219387521765,0.00155164784297694,-0.000114568313735774,0.00375834129845711,-0.00297037738082976,-2.57753616594073e-05,0.000893479900279118,-0.0036058525682293,-0.00197159734044372,-0.00112284721897947,0.00168671540079185,0.00203101409091995,0.00181585048813107,0.0041630944045336,-0.000937596208629906,0.00400235942619738,-0.00204274643234337,-0.000584279467758924,-0.00169945981839134,-0.000490420473274344,0.000860470298924408,0.00461166467004776,0.0035083629318652,0.000100834099591621,-0.000428076206352245,8.09528949486843e-05,0.00277032080312259,-0.00199852672168602,-0.00240624781274635,-0.00260181246057479,-0.00085929004791731,-0.00203347700344906,-0.000984284075488644,-0.00568628825380934,-0.00108495714619642,0.00136581929454882,0.00380040648503318,0.000542997401380621,-0.000949465364668202,-0.00107632536095685,0.00197504398141484,0.000733466962697516,0.00268300753754593,-0.000427460591810402,0.000112441881277067,-0.00108070569355877
0.0303850421118056,0.0445422923693488,-0.0402367434917452,-0.0353887571208785,-0.0395199201740483,-0.0373812653671703,0.0245395900824977,0.0236562357045424,-0.0465135783998617,0.00628813934490513,0.0237938740258173,0.00947083405201933,0.0221412290629732,0.0288790189598174,0.0200409563522705,-0.0540557225420364,-0.053545648128087,-0.0444838938019058,-0.0545361037987158,-0.0076343170070583,-0.0500062335474667,-0.0420612672192918,-0.0459116245281212,-0.0554087710711114,-0.0525996475449439,-0.0457176321116339,-0.0558355907028092,-0.0322541893258339,-0.0445957424608037,-0.0499739436832115,-0.0448399489253836,-0.0435235474471539,-0.045147815036918,-0.0017665911183616,-0.000910884160917572,0.00404771766313432,0.00041929478246602,0.00449122343879701,0.00418494635878227,-0.000845597556389218,-0.00297968832450738,-0.00188757023544983,-0.0013698610965824,-0.00432728220929634,-0.00349959377836348,-0.00206335145458361,-0.000837642706837281,-0.00182859795693224,-0.00100050618699868,-0.00140171533075007,0.000294570214869523,0.000827118211633475,-0.00632380867572448,0.00473911895625475,0.00101591984600077,-0.000481896052896844,-0.000274347735243038,-0.000134150738023318,-0.00234232451997576,3.37837984019298e-05,0.0031380811524153,-0.00427734980871422,0.0038481876888446,-0.00282513809708142,0.00261549582791254,-0.00494731733675754,0.00291954616452211,-0.00239997854296171,-0.000480504817015665,-0.000115026046117197,0.00144160327890866,-0.000470436258182981,0.000318958454693134,0.00281657846370592,-0.00114296980792387,-0.00241819157127655,-0.00190321115249843,-0.00015554457582957,0.00122730628411463,0.000223538557661595,-0.000608830198002551,-0.000407420126566995,0.00330311275975413,-0.00168169066029704,0.00156655596129486,-0.00258141774821391,-0.00147294914083136,0.000529227090802337,-0.00176757803810755,-0.00180520802316779,-0.00202617121242298,0.00178938321536702,-0.000832515026517769,0.000302231513902538,0.00137832255551062,0.00011222461658996,0.000436215780150372,-0.00204689738904636,0.00151937344397273,-0.00153000858102617
0.0254340229371511,0.0374156006665837,-0.0345237449798235,-0.0316917483232511,-0.0346064328552681,-0.0324921632286918,0.022461013310722,0.0224699901858995,-0.0432370286100404,0.00786014316986364,0.0255075932149433,0.00720406531521501,0.0171420392473083,0.0200409563522705,0.0249878095655402,-0.0477986105636508,-0.0489079382973795,-0.0424140022448374,-0.0496534674421199,-0.00739500354176348,-0.0463729496173786,-0.0394640662392161,-0.0440113378494943,-0.0468764785645936,-0.0463158066568929,-0.04100768087467,-0.0511471349280439,-0.0313908844480473,-0.0405295774230841,-0.0418284494798416,-0.0439019217699555,-0.0410810383609743,-0.036430016510236,-0.00224373679196685,-0.000640089304969236,0.0043544264681699,-0.00132086466416741,-0.00171520370492697,-0.000706227090536985,0.00189332985213702,0.000515140819143065,0.00200782571430774,0.000220123486626249,-0.000514838550899423,0.00219660554573726,-0.00224320352632005,-0.00134849024808177,-0.00541651875680644,0.00292648161302034,-0.00323688883500853,0.00075465851669628,0.00172674997310034,-0.000458645185363957,0.00223617848433339,0.00146365923823048,0.001283200555525,0.00280863687194701,0.0034248715881616,-0.00202191172216386,0.000269007485237019,-2.78238161127458e-05,-8.54890930084402e-05,0.000501386055141109,-0.000195442151739559,0.00162051320354794,-0.00157257066664363,-0.00457934762251087,-0.000977595665267962,-0.00344602393553576,0.000352073688459421,-0.00123109225357678,-0.00343485914285928,0.000359420667761882,-0.00241062557111884,0.000732163633896047,0.00135956587601787,-0.000213137921576388,0.00141648946388206,-0.00206541691456113,-0.00192470591139255,-0.000329729583257119,0.000101354420029674,-0.00450536960510322,0.000784782504631984,-0.00366798996355006,0.00149905936804758,-0.00153247607068869,0.00107636838827021,0.00487158018284967,0.00237727691907674,-0.0019268098088015,0.00318551884811951,0.000765004947697621,4.52933711521019e-05,0.00125549642104223,0.00135275685018306,0.00218776450305695,-0.000258328634633659,0.00442101028452025,0.000545183859108712
-0.0890696651723022,-0.121156190215699,0.121161836100845,0.106942757162262,0.119300928057634,0.104967128984789,-0.0673839711511699,-0.067327194657655,0.141431204245332,-0.00901573645495519,-0.0611230512674841,-0.0192856114643055,-0.0579400839339842,-0.0540557225420364,-0.0477986105636508,0.145783808114962,0.146414175066652,0.125652819720848,0.150941080874532,0.0166484699280657,0.132910109123559,0.124228195970329,0.132057826130711,0.142075075885644,0.143794765702241,0.124900690215254,0.144589117174355,0.094100208099198,0.124647444901992,0.126358859390295,0.127282282777167,0.119155070267889,0.114422353857269,-0.000449452393358171,0.000967490843734118,-0.0024628514382737,-0.000276883346848841,-0.00099711957121291,-2.75653195700313e-05,-0.00124160035423061,0.000904562148768338,-0.000309519573786589,8.44889428906228e-05,-0.000676297635384111,0.000859429268726523,0.000297352032601404,-0.00350261848659291,0.00129008540419234,0.0020679859306329,-0.00126293092981448,0.00142153699820031,-0.000580397547828385,0.00148505518257473,-0.00412209266284573,-0.0011839984508963,0.00374883595253561,0.000180696253885743,-0.00442076518316594,0.00379652493013476,0.000767758360156946,0.00222035498204877,0.00255227305971495,0.00102953143232043,0.00201462233249537,-0.00199016024690718,0.00264304842937957,0.00193465692480769,0.000764120361889085,-0.000378822157491193,-0.00136770940304967,0.00276184922874081,0.00254550440054641,-0.000797354240765643,-0.00198646384453648,-0.000180229608636836,-0.00166234268203311,-0.000170379316817295,0.00122143222457092,0.00225970632328199,0.000984150722128921,0.00169155283326148,3.31187973824035e-05,0.000835851296038366,0.00168617813736,0.00225175039257612,0.00430276350407444,0.00202202970325273,0.00677614626406185,-0.00245216683513284,-0.0033985284963591,-0.00114614718160083,-0.00438232582578544,0.000933633104332589,-0.00427575129122286,-0.00116307532730998,0.0011825823297454,-0.000926352533663316,0.00213314601781174,0.000273587872245283,-0.00154273899445561
-0.0900769908640379,-0.123800108000843,0.121441340540766,0.108922774772082,0.120774313207613,0.107058621662677,-0.0696159957664904,-0.0675162310624371,0.144217886827364,-0.0113973358811812,-0.0635877309993973,-0.0192672554673572,-0.0606796577859455,-0.053545648128087,-0.0489079382973795,0.146414175066652,0.151196291140398,0.128110177899541,0.153211283102394,0.0169147501740796,0.13735154280862,0.127273688306149,0.137916083139573,0.143118601630973,0.145064879256121,0.127492161941874,0.148851103040208,0.0961000134842959,0.128788790161144,0.126949944174253,0.129986479950463,0.123525562418691,0.117594651976426,-0.000673882677832869,0.00316663258659528,-0.00231249418458078,0.000522385313494899,0.000432557701034229,0.00197044269951007,-0.00190889676944973,0.000286895217578697,-0.000406984347267657,-0.0019950866408446,0.000252523600404999,0.000855952619776189,0.000278105836653797,-0.00177891480054288,0.00210755940519704,0.003340240920342,-0.000740605622197953,0.00083074380160909,-0.000252130699250242,0.00170820575607411,0.000556564667154004,-0.00195762948080027,0.00284371133525924,0.000859248116594627,-0.00214952975590125,0.000853866267747165,-0.00128312048168557,0.00252990399807842,0.00255192448221274,-0.000382280180084595,0.000191691312323447,0.000240966446960953,-0.00161953030628748,-0.000413251109446317,-0.00251129772551562,-0.00121520325055699,-0.00240249044712749,0.001977401922127,0.00226820114625062,-0.00158646266280071,-0.00106482368060051,-0.00195553191360243,-0.00353336616255212,-0.00374558671730952,0.000727463665525503,0.00239193995869627,0.00153522760101776,-0.0010083777439476,0.000430708482498521,0.00180525768095081,0.000955896340571923,0.000487795133852076,0.00421181328677114,0.00252479686989909,0.00404128451047097,-0.000964570888570357,-0.0027886605579832,-0.0019917934689763,-0.0015629387661541,0.000846002272282249,-0.00164252831685259,9.49568892865877e-05,0.000758583687842457,-0.00130810175131722,0.00266895686601245,0.000591850868399324,-0.00152304915534023
-0.0780969641738808,-0.106707652710286,0.10649237238897,0.0947031039326413,0.104890306525305,0.0923367812785728,-0.0595382570967901,-0.0570297947003561,0.125855264588004,-0.00958035334072087,-0.0534796360165521,-0.0146170320427293,-0.0500375888907357,-0.0444838938019058,-0.0424140022448374,0.125652819720848,0.128110177899541,0.111484114388833,0.132813064726436,0.0126149556551082,0.117844548642971,0.107750360224546,0.118213805619089,0.123670592960575,0.125150506741811,0.110573952713334,0.126612791867312,0.0839752769226947,0.109528097637752,0.109271521354165,0.112968950238601,0.105109319099481,0.0996517910533596,0.000663117098811578,0.000537556063305592,-0.000460343897645745,-0.00135828989125418,-0.000469255033076853,-0.00128132900053582,-0.00385504106648638,0.00152430120744258,-0.000563708793957074,-0.000870442771508284,0.00140056200635719,0.00090011979645965,0.000224102503369913,-0.00199503017911646,0.00293321847024773,0.00212621774562251,-0.00213750115589215,0.000243781620448245,0.000533726005996908,-0.00147150511752911,-0.000684975050414731,-0.000863882273883617,0.00118635247812381,2.1196418300362e-05,-0.00187609876602475,0.00106516747011454,0.00128056251206763,0.00314228821185609,0.0021708859892685,0.00179361223707327,0.000987394608471352,0.00113887764642862,-0.00040314715029345,0.00294349875254194,-0.000792796857867877,-0.00111317553728348,-0.000905499224914178,0.00271670025350196,0.00304174297349952,4.39515415398984e-05,0.00150250366376041,-0.00377122213365969,-0.000904636279337431,-0.00222102895102522,-0.00118636686718222,0.00205941974614302,0.00187777183743876,-0.0002521168105562,-0.000766336451876331,0.00171484827692307,0.000902310417253849,0.00314118786355171,0.0034557071592422,0.00191512175371602,0.00509275668450638,-0.00256142596798945,-0.00399981296734511,-0.000370282779711951,-0.00288069987530729,-0.00121387404114028,-0.00330008900655552,-0.000277272492407996,0.000930106842822826,-0.00182270594222324,0.000487348607359565,-0.000913421827145597,-0.000865830894419256
-0.0943187292346418,-0.13021946238159,0.129475995565092,0.115150389865175,0.126783561760928,0.112619661883109,-0.0709961769087483,-0.0707738595153982,0.152589428849503,-0.0130973169350416,-0.0674709578980783,-0.0219271634907618,-0.0561991281845835,-0.0545361037987158,-0.0496534674421199,0.150941080874532,0.153211283102394,0.132813064726436,0.16588683620856,0.00993248291505261,0.143628402631496,0.133169440777519,0.143829094165024,0.152780734622518,0.153280229516916,0.136026903426842,0.155023756035073,0.101794130657291,0.133351052567996,0.134033936166592,0.135151666879738,0.129326951655408,0.1229634366971,0.000343620512731891,-0.00121526246106101,-0.000111017415340766,-0.00292547597034805,-0.00346480408913889,-0.000350769280755924,-0.0020465524809119,0.00235558746703634,-0.0029596271158656,-0.0001328169895892,0.000299006909140097,0.0013572210377756,0.00289317949704875,-0.000363579183871614,0.00303044358036728,0.0012200588518274,-8.29709885142006e-05,-0.00103191663922129,-0.000817458635199141,-0.00165169856648777,0.000519296593598525,-0.00135287979186837,0.00258411628507423,-0.00325618882857355,-0.00142906129873911,-0.00130633096594361,-0.00102458870742696,0.00415375863310448,-0.00166506758024513,0.00455565492466686,-0.00351621926666486,-0.00450213640211057,3.66271833989718e-05,0.000396893413184419,0.000638284538458202,-0.001648119654307,0.00202697113789975,0.00152570587717258,0.00275639103645803,0.00142081457681554,-0.00353565069745759,-0.00211225174536517,0.000826935885555868,-0.00169119730838477,-0.00118885494486158,0.00178307036184862,0.000698891632911385,0.00138141046596946,-0.00141629802827731,-0.000578338030301389,0.000656309552399025,-0.00128306417695741,0.00113642369426937,0.0010480938911798,0.00384673575083005,0.000684142869615645,-0.000433019053362173,0.000446011249877965,0.000587852792000315,-0.0015156758868876,-0.00319286821545851,0.00308641333517979,0.00338986644777113,0.00186101063118846,0.00103847374218385,0.00232096663523854,0.00232205965317547
