0.0643649576942549,0.0777114154810185,-0.0796523413805309,-0.0710035577808935,-0.0777154215542739,-0.0698934643057225,0.04160534911997,0.0409584751642231,-0.0945756543237369,0.00380018000099482,0.0329387926316821,0.0118928436566758,0.0357844718718516,0.0310450556798225,0.0254428462367026,-0.0890758370927914,-0.0900812140511688,-0.0781070574571028,-0.0939639873525595,-0.0106124119913006,-0.0837290505215977,-0.080258328435781,-0.0826886225692716,-0.090765680141955,-0.0906098602063806,-0.0805387747459637,-0.0924592689671013,-0.0610002435735847,-0.0771246543881196,-0.0791006468191984,-0.0813440246593137,-0.0774809379585093,-0.0708582842891964,-0.000731254670973784,-0.000110452289277854,0.00218604654773938,0.00165806951442262,0.00094652016570732,0.0013855866013939,0.00343965285100453,-0.000213201027049914,-0.00284058165906316,-0.00340439787282157,0.000258807010692131,0.00409278928609686,0.00107040571744023,0.000835458427574652,0.000348058502077919,-0.00192674903062306,0.00382057481483207,-0.00196200112686641,-0.00213554696561875,-0.00256309335562472,-0.00175958725418546,-0.00138260030885265,0.00225913601847283,-0.00257803378000679,-0.00229662825981463,-0.0010727542164822,0.00103792009970645,-0.0013346363884109,-0.00375639433720388,0.000530454107954731,0.00268807038570679,7.96914996486664e-05,0.00040168420442369,-0.00223873284545699,-0.00538266700902076,0.000303923872190959,-0.00226826377732966,-0.00312512847237936,-0.00205059389728436,-0.00228902719544141,-0.00134287070703894,-0.000804532583399005,0.00160557235595212,-0.00291568661952963,-0.000714880359540118,0.00211169436313845,0.000514884699906512,0.00373263310175818,-0.000565204674059521,-0.000391933362570521,-3.69300806973656e-05,0.00255219124736633,-0.00297134715838469,-0.0024519428044614,-0.00795624705588324,-0.00332537127037239,0.0018785767812864,0.00387144780158319,0.000162012520031223,-0.00149003446179989,0.00171034476728742,-0.00173332857458284,-0.00433668215588465,0.000930943698764353,0.000457746570880315,-0.00355144805209686,-0.00114337631980906
0.0777114154810185,0.117738389416573,-0.106691219478742,-0.0973564572742937,-0.108446844106691,-0.0983545711978761,0.0566598694686247,0.049932166759575,-0.126483236740999,0.00946553897906495,0.0488319095888372,0.0142811728868089,0.0430169225650034,0.0437687102704743,0.0377042817116272,-0.121358123341322,-0.123938282395496,-0.107037885128607,-0.130979994470018,-0.0132895317480704,-0.114919042901036,-0.105874676837355,-0.118630034157555,-0.122106064840066,-0.123344606083362,-0.11200709779294,-0.124610669006847,-0.084659255745253,-0.106188112546564,-0.109385464669453,-0.108096388433789,-0.107673933660495,-0.09783715980066,0.00041821237215144,-0.00016651972975911,-0.000335249274223468,0.00203027132256037,0.00368816029545064,0.000957133643667776,-0.00452377851381483,0.00083034761066937,0.00545941570602855,0.00315702010810369,-0.00276072345074151,4.22023629082653e-05,-0.00142459582210495,0.00426641540565389,-0.00174623906022113,-0.00191141767386568,-0.00303997260934274,-0.00185398430178315,0.00178331769468528,-0.0011387309483492,0.00183821873243844,0.00282908243642559,-0.00607006227103712,-0.000645714032820558,-0.00142037575682483,0.00633313957408973,-0.000504491091561905,-0.00319378370782143,0.00245132350618479,0.00271143807224769,-0.00327626853824875,-0.00173564554300191,-0.00140667562207208,-0.000781176384806022,-0.00349739566921084,0.000197294002278552,-0.00258852746678822,-0.000941558797171946,-0.0021843133376926,0.000899553451426223,0.0021259206763494,0.000303037570046881,-0.00846584077262032,0.00227699686280798,0.0006055497332622,0.000257112142431158,0.00149705295054994,0.00194801461998304,-0.000698053831315163,0.0030444567952407,-0.000371878392127179,0.00310863458977465,-0.00645791123231946,-0.00162346660588741,-0.00197074056159457,-0.0020125988347648,0.00121542077677955,0.00314720586821455,-0.00256726337625724,-0.00135288591155415,0.00159149113249391,-0.00184058603377984,-0.000866814592456899,0.000676478113094078,-0.0044973116672071,-0.0052028694271303,0.00650488610992832
-0.0796523413805309,-0.106691219478742,0.111966362187855,0.0973347305778769,0.104813481284843,0.0928918213062653,-0.0525593963308674,-0.0565800190565472,0.126457339751589,-0.00268873722739263,-0.0475976518146582,-0.0160502747719693,-0.0451240415257703,-0.0418422095412797,-0.0343475031238045,0.121038554474071,0.121356984078207,0.106290763120464,0.128859222770741,0.0094428802673155,0.111691991620022,0.104305044947095,0.113860525753849,0.120331464896558,0.121362922234422,0.109930676888427,0.119421788120487,0.081825144982784,0.105047673332854,0.106212746479336,0.107511434540465,0.101957270150787,0.0952243711141284,-0.000661776460504187,-0.00102251174614063,0.0025620176124647,-0.00447953411835372,-0.00118006012816462,-0.00249480299272781,-0.000800999797150834,9.05401570874086e-05,0.000257163436654008,0.00077470796877531,-0.00133978215688989,0.000434137858558867,-0.00161726934354965,0.000651809234650121,0.00087079300362898,0.000346073508220619,-0.00402547169526398,-0.000759228801018259,0.00031650797762578,-0.00406114293140763,-0.000860809309466927,-0.00155865544698789,0.00249124825671174,0.000950162061686134,-0.00167586259265882,0.000655446106679997,-0.000453040699127067,0.00239267780323583,0.0013674952003062,0.00121662163222681,-0.000582345682424603,0.000274080001662477,0.00062740737089774,0.00214815331485833,0.00404395273199029,-0.00185554820762465,0.00326222543127663,0.00150529890978212,0.00370157235197431,-0.00373475471126741,0.000423361829623915,-0.00469054837813083,-0.00381810983101748,0.00146462617821008,0.0013972747523964,0.00125089170579781,0.00215914336262681,0.00107658127536437,0.00116680043527046,-0.00427738351025061,0.00123958686473153,0.000521520684455802,0.00677108871059456,0.00199929712245218,0.00314242737643639,0.00621554303209802,0.000581281512216848,-0.00135666598314205,0.00289058504798049,-0.000992953534719206,-0.00470492394612838,0.00349244461457631,0.00103558981751194,-0.0015444674265932,0.00329909719215401,0.00473382627698049,0.000122326505873162
-0.0710035577808935,-0.0973564572742937,0.0973347305778769,0.0883677000516,0.0935532501978299,0.0833421959650264,-0.0453997323151983,-0.0471854423620064,0.110647340640004,-0.00562875940224844,-0.0429360451784935,-0.01539406694441,-0.0417964924025553,-0.0363493940228501,-0.0315574111054178,0.106848787936536,0.108858475559951,0.0945494308561529,0.114916566117203,0.00994241167510837,0.0992840469817452,0.0938346800030155,0.102708901628137,0.10744179123919,0.108777738197287,0.0990770805272106,0.10754338623582,0.0726453477071575,0.0939466315890741,0.09578319330175,0.0959453255791243,0.0943739494700024,0.0846994610849737,0.000619976763923051,-0.000115234381583811,0.00121032895289146,-0.00395817716033444,-0.00114070304760921,-0.0011896382495245,-0.000964181009006219,-0.00160359023461211,-0.00146739072449052,-0.00104180773398372,-0.00030973591728639,-0.00212328212904903,-0.00118250538196281,-0.00281625588069479,0.000748712189576616,0.00288227839205738,-0.00194523280757225,5.71036705965552e-05,0.0015667240151695,-0.0037596672481148,0.0028653921867134,-0.000639297902023341,0.00260321092786555,-0.000502165846211555,-0.000290151304103836,-0.00239313033618468,-0.000505721405028921,0.00363924088195018,0.000167871393199597,0.00166146898148484,-5.22726053359249e-05,0.000975526990537771,0.000547025933419844,0.00234629031569063,0.00358632919719747,0.000956438846973909,0.00378208206228632,0.00198229839270659,0.00439003273349235,-0.00163325017337885,-0.00164733537811687,-0.00489838091284522,-0.000761656829516776,0.000726496729875599,0.000679268915667754,0.00149810894813148,0.00158250981899444,-0.00127306467753351,0.00261101937299836,-0.00133985908528897,0.00200378439841345,0.000376000810519404,0.00588277147284251,0.00172266332770235,0.00354064986014281,0.0047403293362938,-0.000541486859120344,-0.00419616836834389,0.00480698947208675,0.00021145500946665,-0.00189024072347551,0.00399765116179742,0.00165585684483697,-0.00162621648316062,0.00367522799543848,0.00556250159148774,-0.00153955890284083
-0.0777154215542739,-0.108446844106691,0.104813481284843,0.0935532501978299,0.107552487086011,0.0933494497893798,-0.0570069127423354,-0.0518260255626973,0.124631828532245,-0.00656099164678763,-0.0437659612947687,-0.0118636174828718,-0.0434908111659283,-0.0410940005445246,-0.0344363302716519,0.119181940867529,0.120692895248506,0.104695720186802,0.126102099413328,0.0126730256060864,0.111378591277594,0.10554815953293,0.112460810477934,0.11700611172901,0.11985551159469,0.105526005803887,0.118522654514692,0.0798426823976257,0.105054374163846,0.104788840744751,0.105971364623964,0.101158116821631,0.0964988080126416,-0.0011068130081874,0.0019653815644006,4.09906790125765e-05,0.00103137766198417,-0.0017164593789319,0.000666254125117989,9.2762715666642e-05,0.000817263398173952,-0.00111394890338353,0.00132049883740474,-0.00120954873344989,-0.00169285453455361,0.000453053200467106,-0.00614362210209097,0.00256441063531425,0.0020981532268456,-0.00203339241033217,0.00240950304452249,-0.00104730770138922,-0.00113574901471565,-0.000619555057390708,-0.000671719796384208,0.00302280493670282,0.00343519531917716,0.00231189671122348,-0.0033401203294751,0.000500853751303246,0.00467576143195211,0.000716718643741554,0.00115577985650693,0.00177519226083507,0.00162531061075735,-0.000740643339867576,0.00111839170506144,0.00123384701198749,-0.00350743207856095,0.000166320499978632,0.00172038921801627,0.00499120241391807,0.000596002368339807,-0.00411789927859258,-0.00227237961870931,0.00432195331766061,-0.00132325754998171,0.000601267402992816,0.0015908147077507,8.22735103191914e-05,0.000161833755022055,-0.00103117944842697,-0.000854525400404105,4.32017469150839e-05,0.000489351250207441,0.00749419834213669,0.000990688341873017,0.00366695828387332,-0.000293890844353724,-0.00444506470418826,-0.00189340183362763,-0.00202444888598597,0.00130119335319945,-0.00374209593977223,-0.00167250085148717,0.00355930920257966,-0.002496529198432,0.000479192107381305,0.00311089844035432,-0.00425606725926446
-0.0698934643057225,-0.0983545711978761,0.0928918213062653,0.0833421959650264,0.0933494497893798,0.087298084141015,-0.049734223388304,-0.0447082754462553,0.110999568106723,-0.00728973677273621,-0.0419251181766441,-0.0115665427116082,-0.0379959437317875,-0.0378854311261759,-0.0327098169413046,0.105119378310632,0.107162799510515,0.092585763028871,0.112703678078914,0.0141068941539174,0.101690284933252,0.0940433638452983,0.100493896925153,0.106500968894674,0.104533374487097,0.0957835001078392,0.109734355086015,0.0722345600842864,0.0904425114137569,0.0940730812217331,0.0941202330015603,0.0927706566076898,0.0855924646417356,5.33305001094764e-06,0.00213128422681546,-0.000637928704467156,-7.53367566944222e-06,-0.00166798275033805,0.00174696801312495,0.00254304249275233,-0.000631317121849399,-0.00250444733530049,-0.000279262732874038,0.00195044747077494,-0.00181278220097347,0.000610784442553334,0.00298399812704561,-0.00068288673895048,-0.000178538290578323,6.6700646901643e-05,-0.00104896906683012,-0.00177958195531331,0.000342011761378145,-0.00233256377767823,-0.000546189536250641,0.00351500878001779,0.00316478215088375,0.00402333375251351,-0.00341119060433944,8.22830730580037e-05,0.00337658685100066,-0.00170901057107172,-0.00136727018217954,-0.000383782500531799,0.000411176082257345,-0.000751924688036784,0.000816191333107492,0.00429598679749196,0.000376843466272937,0.00388615489699068,0.00249950529818633,0.00436640764736727,1.12748936308479e-05,-0.000785451292889597,0.00147566343263745,0.00144478193399468,-0.000507611144219417,0.000412501998610384,8.84596959984108e-05,-5.51182741227379e-05,0.000468894725046475,-0.0011788320060883,-0.00321504506642005,-0.00249228907961512,-0.00338391593687312,0.00406889001314296,0.0020540408032295,0.00152279566462353,0.00438502999268107,-0.000444101994345568,-0.00267191744323578,0.00191511035823149,0.0024047792616667,0.000122912351762231,0.000516717008923011,0.00267747937543704,-0.00100851484075525,0.000351098591228405,0.00491253844110687,-0.00232874330722422
0.04160534911997,0.0566598694686247,-0.0525593963308674,-0.0453997323151983,-0.0570069127423354,-0.049734223388304,0.0415465788996922,0.0328111944983341,-0.0705951816402617,0.00711966418142038,0.0278785310790339,0.00546556108884035,0.0249887596435638,0.0243551619150805,0.0225294884442265,-0.0674318696813071,-0.0696487707279339,-0.0596165882145423,-0.0709359645731783,-0.00558429079848982,-0.0676732143545418,-0.0588644898411379,-0.0651089733978956,-0.0666120588976009,-0.0686377701799147,-0.0562325672047561,-0.0711815878232318,-0.0472654060419938,-0.0600282600121618,-0.0565562979882134,-0.0619010454407688,-0.0550213996707646,-0.0561847137765973,0.00224928837917887,-0.000196971583606846,0.00125531640034047,-0.00292784319881296,0.00114844918268117,-0.00203782656601564,0.00194820040932754,-0.00270765504493308,0.00114273935215548,0.000933771570598536,-0.0011154920188462,-0.00253977194459868,-0.00201942103499716,0.00182125367546325,0.00128499156668605,-0.000979135481268284,-5.61932035247488e-05,-0.00327930250690296,0.00112744906705641,-0.00531592062344183,0.00246188741950506,0.000281019940523564,-0.00128860578458675,-0.00415112876557749,-0.00297510386430796,-0.000186898076850173,-0.0010736102089552,-0.00201678896591461,-0.00212829838668662,0.00189963144129579,0.000605504774518494,-0.00202160532081792,0.00312528055343504,-0.000112244336447151,0.00231592666261789,0.00425110655891869,0.00319099607044899,-0.00352837138602484,0.0026311004638585,-0.00301354101575033,-0.00228248068427675,-0.0029106439398455,-0.00255604790244693,0.00652680891239292,-0.000289517535552674,-0.000128950233029799,-0.000246167022773441,0.00075430957036569,0.00433051756575558,-0.000744531667818545,0.00115206458724534,0.000388437525047792,0.00033021418027765,-0.000959925941989522,-0.00511360757146673,0.00485428488831061,0.00399459129262941,-0.00205989126751286,0.00655536306126202,-0.00101147407484458,0.000352675895853977,0.00335559746730868,-0.00272934809459335,-0.00136939990962403,0.00249798665564184,0.00338995114572479,0.00055687189520361
0.0409584751642231,0.049932166759575,-0.0565800190565472,-0.0471854423620064,-0.0518260255626973,-0.0447082754462553,0.0328111944983341,0.0420945091860159,-0.0669979410491975,-0.000153917345514413,0.0320586500852307,0.00964200505286325,0.0240256681749277,0.0230263083626227,0.0235650828706926,-0.068093214777383,-0.0680403866015978,-0.0582825098051222,-0.0701415844301164,-0.00712677220397027,-0.0613777804092643,-0.0581814138455313,-0.0580990168578318,-0.0637402355077949,-0.0666834442481016,-0.0559249740393077,-0.0651405811574389,-0.0462078011985983,-0.0573252220086388,-0.0540050306695916,-0.0627618690808428,-0.053142300748086,-0.0506211544002802,0.000777435444242383,0.00220027697821789,0.00473219474593102,-0.00106262332308713,-0.00203305557327263,-0.00102193598508865,0.0035685812087862,3.547315038287e-07,0.000874944734113288,0.00406261967163277,0.0001107776423489,0.000974265042338778,-0.00203326169286883,2.09490873632074e-05,-0.00102054480404531,-0.00107608712609928,-0.000885361857581087,-0.00288099487896672,-0.00191994138458535,-0.000836892406366553,0.00113042202534484,-0.00274702887130045,-0.00393733048726993,0.000607069793576612,0.00136316855126431,-0.00558351554305084,0.000613183085131449,-0.000396025050838514,-0.00472849481976983,-0.000214098582622118,0.00302288498624722,0.000659683677061176,-0.000898371154610765,-0.000578024982298516,0.000816350693469951,0.0018378378804975,0.000955603053603868,-7.36712917757307e-05,-0.000843970937485802,0.0031493954021227,-0.00230937842149736,0.000896767199094388,0.00932759072436305,-0.00284968674642531,-0.000277172155865283,0.000178061353116764,-0.00153477856527142,-0.00187148793449211,0.0011741820709043,0.000407540996698794,-0.000540204300350655,-0.00282991820758526,0.00078858430462775,-0.00081612856553619,-0.00460684154511012,0.00363478996951415,0.00379356588009822,0.000412082964283227,0.00392886352322268,0.00211261461335474,0.00525894015173429,-0.00251871095445812,0.000314430229012724,-0.00342100973261104,-0.000793975442150641,0.00225185887994093,-0.00238286354237707
-0.0945756543237369,-0.126483236740999,0.126457339751589,0.110647340640004,0.124631828532245,0.110999568106723,-0.0705951816402617,-0.0669979410491975,0.153102657236629,-0.00721418532164858,-0.055837451763544,-0.0156618335164312,-0.0500458633158411,-0.047707248315723,-0.0433728581470564,0.141526217352125,0.144282900323661,0.126010644780983,0.151899110278765,0.0118200393346869,0.136800102435143,0.125301601487621,0.137360649222891,0.141341281858164,0.143628106961007,0.127872482579687,0.1455684677775,0.0998280364406731,0.124966676160226,0.122875560306461,0.12981324336441,0.121572132853997,0.113552393621996,-0.002473261044547,-8.91236634184789e-05,-0.000208396398393844,-0.000463792225822592,-0.00150435338184414,-0.00049931531860945,-0.0030576725371112,0.00207366568123277,-0.000184057252664681,-0.000104399429955851,3.95340636663201e-05,-0.00199962848964131,0.00208680059855248,0.000159563625830441,0.0017054733095096,0.000615700588728731,-0.00228294916056748,0.00338991397268137,0.000361415141430003,0.000572668341742549,-0.000340822692137461,-0.000440723180784062,0.00156059513066277,0.00491755334247601,0.00233789279074369,0.000170548018254794,7.45579805127983e-05,0.00500207356697268,0.00258937649366083,-7.18342608657612e-05,-0.00209565937085886,0.00284791468595119,-0.00231412274936995,0.00415850232048088,0.00408158960605215,-0.00348667918574959,0.00201612972844864,0.00448216386030218,0.00232658759126122,-0.000728831168304232,0.00348552740038969,-0.00180988759856676,-0.000882125794908365,-0.00324835215205995,0.00124591617826264,0.000658512701459936,0.00212420164113034,-0.00196555471374038,-0.00141454177588583,-0.00149045947433275,-0.00085892210015542,-0.000897344653524861,0.00455067059026852,0.00337001294026802,0.00548939048924432,0.00264363918180335,-0.00264965994442546,-0.000328551304245288,-0.000453689853605653,0.000544221694289991,-0.0030746485398435,0.00200765464619173,0.00385446981618993,-0.000815972700681562,0.00099169594459063,0.00252034610940636,-0.000671920371381804
0.00380018000099482,0.00946553897906495,-0.00268873722739263,-0.00562875940224844,-0.00656099164678763,-0.00728973677273621,0.00711966418142038,-0.000153917345514413,-0.00721418532164858,0.0106429161631809,0.00964977337467977,0.0037634731183253,0.00469027417342183,0.0057421951212269,0.00776522855344917,-0.00894934343924121,-0.0113519059165474,-0.00947177716694437,-0.0133447082884398,0.00173094570036892,-0.0134902207246206,-0.0100277281069381,-0.0136235259768795,-0.0147121413296584,-0.0127555686192337,-0.0113641777376439,-0.0159286267604743,-0.00784109471222433,-0.0113245859340621,-0.0117319607764983,-0.00982276833671949,-0.013556158109435,-0.010999392334205,-0.00208869399367048,-0.00157740983370661,0.000539362847188604,-0.00115667116886316,0.000956015478545891,6.09186968911772e-05,-0.000551682584227166,-0.00126562775287918,0.0014980789236412,-0.00100619341284881,-0.00180887480358378,0.000560586047551024,-0.00169390557101644,0.000995093594939875,0.00017618839491166,0.000430774721560709,-0.000427546313953225,0.00142262650461829,-0.000290304512542301,-0.000610210448121624,-0.000126537923334102,-0.000210373359618498,0.00399536761784518,0.00118205670598315,-0.000942003711853589,0.00254758638902018,-0.00129191310847897,-0.0025140112045206,0.00237004121603641,-0.00118044711382028,-0.000234291932587981,-0.00111696747440857,0.000635064879892214,0.000920575198144295,0.0020581698981883,-0.000778007512745816,-0.000812290115183102,-0.000294498409335507,0.000421904309169668,-0.00181835133346534,0.00158152200252928,0.00140724748196607,-0.00500259010015655,0.00366616412192028,0.000732482815311521,-0.000814011320069796,-0.000706594200737416,0.00246766082596754,0.00110288703748736,-0.00196624456619395,-0.000694505190701168,0.000233371946965711,0.00169850152220575,-0.00115424032663839,0.000603316554146621,0.00150057087234958,-0.00103257364679807,-0.00235402623258211,-0.000965011448569479,-0.000571899667177285,-0.00417770762691846,0.000610458376882612,-0.00232023408009665,0.000106270798958198,0.002430229393831,-0.000129266237435617,8.76868149960342e-05
0.0329387926316821,0.0488319095888372,-0.0475976518146582,-0.0429360451784935,-0.0437659612947687,-0.0419251181766441,0.0278785310790339,0.0320586500852307,-0.055837451763544,0.00964977337467977,0.0388117102747077,0.0135229340988485,0.0240364993848596,0.0244111258567368,0.0267025140548446,-0.061130053652816,-0.0641549126494205,-0.0535869446932558,-0.0670036711296619,-0.00521065802589546,-0.0585533473926094,-0.0536476266354323,-0.0579919695789448,-0.0637741868331563,-0.0621933689574003,-0.0560162151216527,-0.0653589700967467,-0.0431095520931742,-0.0546343183030665,-0.0536183100992252,-0.0564777296055172,-0.0556185205242178,-0.0478877758748878,-0.00233182406735762,-0.00107318266370013,0.0032008882227025,-0.000538603788810941,-0.00177972544956746,-0.000118381542983733,-0.00254483067678767,0.00050956219965868,0.00247905909493811,0.00387427758239915,-0.00277081900588746,0.000112671770314031,-0.00198206151869664,-0.00304854410387587,-0.00022450051302608,0.000895683394220454,-0.00171722873541612,0.00203557407640273,-0.00137618477568737,0.000278699069249939,0.00206786590333919,-0.000815179857941015,-0.000839851496956096,0.00369204653137906,0.00257287713969837,-0.00114578742002167,1.12619025873026e-05,-0.00104126289450042,0.00141108156945173,0.00151545176645585,0.00062862449797312,-0.00165133149736751,-0.00121730375099445,0.00364407426018568,0.00413097118793309,-0.000178817212478703,-0.000838522272079332,0.00319172603575933,0.00104304816333685,0.00588846576359732,-0.0011761416494264,0.00264868497780784,0.00571612639564797,-0.00118896175492351,0.000721917243868581,-0.000137445308072842,-0.00149988200435942,-6.04248410052208e-05,0.000875817391169805,0.000740926055862158,-2.74023116387234e-05,6.53158523837239e-05,0.00120147602646806,-0.00180239050082052,0.00111197647458168,0.00121439256172124,-0.00228823504572081,-0.00130181507025283,-0.00144129142424024,0.00236497776798149,-4.06556280403711e-05,-0.0037626510362732,0.00192066573912928,-0.00268280214924273,-0.00064568614266389,-0.00107459412857503,-0.000390093867368709
0.0118928436566758,0.0142811728868089,-0.0160502747719693,-0.01539406694441,-0.0118636174828718,-0.0115665427116082,0.00546556108884035,0.00964200505286325,-0.0156618335164312,0.0037634731183253,0.0135229340988485,0.0110038254044048,0.0103261760029939,0.00815072463952536,0.00833693749681508,-0.0200780584381885,-0.0198094937978588,-0.0159129644449514,-0.0212670720366963,0.000570363527858319,-0.0169570748396563,-0.0175525124979447,-0.0197937135841131,-0.023238277764064,-0.0227922682634759,-0.0205023702017592,-0.0221444298553634,-0.013945848189025,-0.0178738254758396,-0.0189815447240021,-0.0164336893174777,-0.0204390652314159,-0.0143814756398755,0.000454280613874098,0.000798917298705992,0.000763585506140091,0.0026327148385659,-0.00146652099035717,-0.000197213633327627,-0.00101759404328504,0.00196568988002383,-1.31590873210478e-05,-0.000861533343425803,0.00372845661452628,0.00274232389382962,0.000592690695603629,0.000738495341461167,0.00389672415446822,0.00126942415475472,0.000197682263575442,-0.000748525147266868,-0.00160138322947913,-0.00106915665935159,0.00124206022405028,0.00116300705824063,0.00255236959928723,0.00334846268188916,0.00807752764496111,-0.00535566196566808,0.000113242750187417,-0.000868327988113264,0.000123803440622708,-0.00134388928487015,0.000194628260402604,0.00245830563777254,-0.0034186502139477,0.000699070706976373,-0.000612851089848497,-0.00274176612250356,-0.000296798691657573,0.00118794842774527,-0.00194528587315281,0.00185663016842918,-0.00167979484176249,-6.45936999971332e-05,0.00346076560198044,-0.000751912255828028,-0.000462925858198318,0.00165042031698512,0.00119396765073953,0.00213004594596877,-0.00146882852895747,-0.000824000641862279,-0.00242162003016336,-0.00129245130100841,0.00166165052725148,-2.64065922073455e-05,-0.00279048375109356,-0.000506460616326127,-1.23324220682862e-05,0.00148429870568864,-0.00208944366721873,0.000601360309333297,7.32071562037786e-05,-0.00192486981950875,0.00201354351894209,0.000711440183779071,-0.00153300982759584,-0.00173548164209631,0.000831942023991596
0.0357844718718516,0.0430169225650034,-0.0451240415257703,-0.0417964924025553,-0.0434908111659283,-0.0379959437317875,0.0249887596435638,0.0240256681749277,-0.0500458633158411,0.00469027417342183,0.0240364993848596,0.0103261760029939,0.0344717666662291,0.0222317416238606,0.0160414114847519,-0.0571701920132756,-0.0601528529352612,-0.0487785420155027,-0.0571211460349345,-0.00788646770942702,-0.0511734293315242,-0.0482962473949332,-0.0520696540882073,-0.0560443816775242,-0.0557507431938063,-0.0475325131072877,-0.0580347013132385,-0.0319284025392374,-0.0501880154400478,-0.0509622117062022,-0.047273117804547,-0.0464849568359354,-0.0463423362542506,-0.000392327730742375,-0.00294046873871757,-0.00182474216244034,0.0027512368779256,0.000105221150508348,-0.00130799450946548,0.00230594943829597,0.000786071670836491,-0.00388841168753477,-0.0013778838318561,0.000997982804073347,-0.00375792854546272,0.00473453895520739,0.000959953292782384,0.00396085519026816,-0.00525010367526164,0.00449683089286276,0.0018817417076845,-0.00112906767839578,-0.00166742951572117,-0.00414884042626447,0.00220582494666053,-0.000564334274040665,0.000378504274977581,0.00158324326679347,-0.000197367801968908,0.00179535220020364,0.00101338140853854,-0.00115389030581968,0.000482590369629216,-0.00031893747220643,0.00096073867849202,0.00198282824425771,0.00299277588950152,0.0034122089910574,-0.00065095842467165,0.00289041491883109,-0.00221827247975796,0.00218725596859361,-0.00246359581027692,0.00132327608742458,-0.00087797465629575,0.00403386675609004,0.00163530554132776,-0.000956449404981215,-0.00139590259287695,-0.00015807583468013,0.000431341839146738,-0.00138102565288556,-0.00279037093743032,-0.000556015229387884,0.0016334478742364,-0.00194393003785392,0.000397894611797443,-0.00465548874740198,-0.00181706694848526,-0.00116112734998739,0.00435814184704762,0.000132293062058547,-0.00122188464937673,-0.00173368926429979,0.00129057431559821,0.000383626129336142,0.00158755743007284,-0.000999389389851586,-0.000812478838648416,-0.00143050843679902
0.0310450556798225,0.0437687102704743,-0.0418422095412797,-0.0363493940228501,-0.0410940005445246,-0.0378854311261759,0.0243551619150805,0.0230263083626227,-0.047707248315723,0.0057421951212269,0.0244111258567368,0.00815072463952536,0.0222317416238606,0.0260372627132464,0.018761812714661,-0.0541635366219777,-0.0530388758846582,-0.0450200992803581,-0.0566874381918576,-0.00641053400853068,-0.0490022073945797,-0.0443481092150677,-0.0460896979582866,-0.0549551978682926,-0.0520999293451492,-0.0455885122587764,-0.055127725543161,-0.0321017827940983,-0.0445854920054271,-0.0496205203108927,-0.0445750662642493,-0.0423244577435362,-0.0446154835588111,-0.00105137686036436,-0.000667108398408528,0.00249812006989452,0.00036178132842792,0.00429028633132652,0.00346067707980209,-0.00105631782764928,-0.00383865978720517,-0.00182528226569068,-0.00197820070348709,-0.00330950139949244,-0.00361701243969887,-0.00202136987155427,-0.00143641279075618,-0.00148738059735643,-0.000982092713706613,-0.000441156094166333,0.00122274532678044,0.000865455586896594,-0.00400481860455698,0.00473684298330639,0.000322308958200055,-0.00111233406670797,0.000717896156182473,0.00085956336468684,-0.00220559755843035,-0.000772988409590198,0.00147983200504708,-0.00129361501485408,-0.000404314324054395,-0.00163536813008141,0.00455568574104536,-0.0040896672565248,0.00218152498898743,-0.00150557617653147,-0.00017135455084504,-0.000201156690140758,0.000623851798958895,0.00140731765596435,-0.000862909007140998,0.0039517916222861,-0.00263937041631796,-0.00283826027854829,-0.00205172939329613,6.6864711799646e-05,0.000492674854057367,0.000873907014996897,-0.00149369205887605,8.80629488209196e-06,0.00195519026279482,-0.00077461512347827,0.00288407498416091,-0.00070089946410601,-0.0013229568880929,-0.000872226092188163,-0.00112836837756463,-0.0027818420207037,-0.00190399807490449,0.00178393920319812,-0.000832157050381596,0.000823040992640167,0.000711936382637587,-0.00123318428529053,-0.00127981029767018,-0.000723363876076469,-7.35218378527884e-05,-0.00232076079572706
0.0254428462367026,0.0377042817116272,-0.0343475031238045,-0.0315574111054178,-0.0344363302716519,-0.0327098169413046,0.0225294884442265,0.0235650828706926,-0.0433728581470564,0.00776522855344917,0.0267025140548446,0.00833693749681508,0.0160414114847519,0.018761812714661,0.0243486978314536,-0.0473515502792904,-0.0486020336372389,-0.0416828998148409,-0.0512422814578243,-0.00668797332680937,-0.0460392143189258,-0.0405206038019606,-0.043832099359036,-0.0474290362488183,-0.0467454496473583,-0.0409754275383208,-0.0514222817810583,-0.0314177987113214,-0.0407918032711749,-0.0421742307875034,-0.0435376101795042,-0.0416967785148389,-0.0353233485898566,-0.0022941707099589,-0.000881276791723291,0.00341729606115516,-0.00105639835184698,-0.000442713159948334,-0.00101550890654666,0.000414378570983482,0.000603473091671568,0.0016314749956818,-0.00015752690702884,-0.000438098146126926,0.00217077449588031,-0.00282427492081205,-0.00164653160328209,-0.00519494126282583,0.00263293697788881,-0.0037025216581141,0.000599593568505913,0.00193185283026442,-0.000682887353383516,0.000751839088856674,0.00168657399633068,-0.000851427606198939,0.00413792744597012,0.00175906876338658,0.0011648327799903,0.00132649852230843,4.18005050885502e-05,0.00347923430881822,0.00192648200176328,0.000271371579286037,0.00119895356487597,-0.00160055118927483,-0.00389593143063375,-0.00122904604833762,-0.00327957931420909,-0.000879447856284473,-0.00133301659199249,-2.9417970876631e-05,-8.42972680075431e-05,-0.00135744956243538,-0.00106035585778332,0.000795592271244543,-0.00186819265895342,0.000802546842210126,-0.00262741364154716,-0.0019913986427209,-0.00168792619842045,0.000459924494588571,-0.00525587843862099,0.00266234670123079,-0.00109682062580422,0.00228830289379509,-0.000729873549017512,0.00119830231098934,0.00456760205078661,-0.000196035971666927,-0.00120275792166248,0.00253086873532087,0.000606816714244079,-0.000430772570431545,-2.48983025991934e-05,0.00114961152778577,0.000253865588774909,-0.000590435835928689,0.00286216214353594,3.08033532967114e-05
-0.0890758370927914,-0.121358123341322,0.121038554474071,0.106848787936536,0.119181940867529,0.105119378310632,-0.0674318696813071,-0.068093214777383,0.141526217352125,-0.00894934343924121,-0.061130053652816,-0.0200780584381885,-0.0571701920132756,-0.0541635366219777,-0.0473515502792904,0.145471088308404,0.146200193978439,0.125141411710608,0.151396465695492,0.0161539004935044,0.133262866468688,0.12420341988212,0.131932448350521,0.14246159139187,0.144095302067397,0.124821178981693,0.144763966733488,0.0938434701772116,0.124830872550025,0.126780857984857,0.127027445892572,0.119585782072409,0.114254432719762,-0.000414173739382035,0.0011362021044756,-0.00227101284934291,-0.000388803778724359,-0.00188722994557024,0.000188778097767431,-0.000824234146013832,0.000842773499352872,-4.6261288396808e-05,0.000348656354270618,-0.000729977743806079,0.000877498153834506,0.000703812951718332,-0.00329413780019552,0.00113509138329802,0.00227332114989922,-0.000837525869320119,0.00153000532405788,-0.00072386751834604,0.00164191314974017,-0.00308379347846688,-0.00133992789144525,0.00511849863271427,-7.37674046683536e-05,-0.00245198072913507,0.00174297575458408,2.80406886964003e-05,0.00217165259219337,0.00139282776091778,3.26731911739099e-05,0.00168808493972809,-0.0016952782069007,0.00266262087616297,0.00145660555948,0.00142453534391529,-0.000495250593665813,-0.000324998145185114,0.00283314556283251,0.00174724095333597,-0.000486972415552618,-0.00272316314265908,0.000167791978756432,-0.00151150213314921,0.000831502665900411,0.00165088665074861,0.00265282446393861,0.00152521240640459,0.00264161482181181,-0.000217701882235547,0.000649377218773493,0.000687189579730488,0.00135297226378024,0.0045250528147676,0.00146060719693708,0.00595713710058199,-0.00177944780318052,-0.0022509526089896,-0.00149314908790187,-0.00391921972930096,0.00104428617617967,-0.00379932485758901,-0.000788089932310313,0.00132468299971228,-0.000417546203748788,0.00236545585024075,0.000636707877603785,-0.0010790781338409
-0.0900812140511688,-0.123938282395496,0.121356984078207,0.108858475559951,0.120692895248506,0.107162799510515,-0.0696487707279339,-0.0680403866015978,0.144282900323661,-0.0113519059165474,-0.0641549126494205,-0.0198094937978588,-0.0601528529352612,-0.0530388758846582,-0.0486020336372389,0.146200193978439,0.151049872828693,0.127760242781082,0.154059123379032,0.0165763369889051,0.137244490591828,0.127785116940991,0.137830292366875,0.143383078030928,0.145270523724795,0.127434582113659,0.14909610860482,0.0959751668831095,0.128914302031232,0.127271964654265,0.129812105725553,0.123820280497639,0.117021367672387,-0.000649742969985126,0.00328207464817956,-0.0018516382635041,0.000454148208138084,-0.000176507610918011,0.00211847745426123,-0.00103077159011222,0.000244615828285532,-0.000226847709908827,-0.00181432792658297,0.000215792546680048,0.00086831640236087,0.000556230048695575,-0.00163626018381817,0.00200150347729609,0.00348074322542694,-0.000457100571751818,0.000904964141724866,-0.000350301201321072,0.00181553710447322,0.00126702938574585,-0.00206432547725919,0.00419187995356671,0.000293437891035037,-0.000895816394188412,-0.00104467987501479,-0.00178927835525264,0.00249657898904062,0.000548730782323785,-0.0010643885939478,-3.17445723930626e-05,0.000442741897354205,-0.0016061376993151,-0.000740361670496374,-0.00223292097769895,-0.00129487036133526,-0.00161789172054157,0.00202618702250959,0.00029921780560779,-0.00137408135746634,-0.00156891620749639,-0.000819264851492533,-0.00312427200345384,-0.00265876648903118,0.00102132137304637,0.0026609342653248,0.00160998372765457,-0.000358290049094965,0.000259082378729224,0.00215479925694676,-0.000325047493980361,-0.00117530206842061,0.0038636507363306,0.00214063892297815,0.00371166680958862,-0.000594031222837634,-0.00113170950557412,-0.00239359990931554,-0.0011774717946191,0.00092171754273023,-0.00127163772871422,0.000736609368454241,0.000855817234799474,-0.000294596066394952,0.00282791677102434,0.00146504668312302,-0.00118456349727261
-0.0781070574571028,-0.107037885128607,0.106290763120464,0.0945494308561529,0.104695720186802,0.092585763028871,-0.0596165882145423,-0.0582825098051222,0.126010644780983,-0.00947177716694437,-0.0535869446932558,-0.0159129644449514,-0.0487785420155027,-0.0450200992803581,-0.0416828998148409,0.125141411710608,0.127760242781082,0.110647780560741,0.133364641554779,0.0118061588819233,0.118339823501799,0.10760275845033,0.11800876839487,0.124302683163436,0.125641990495914,0.1105567683896,0.127258680087171,0.0834280710914101,0.109828067024202,0.110083402916076,0.11255220137475,0.105813685955427,0.0994422365280189,0.000720810234505482,0.000813458926992844,-0.000129677571734091,-0.00141419383014882,-0.00192490180024337,-0.000927530634493393,-0.00278978300101464,0.00142325480874832,-0.00013318794722038,-0.000438435180715204,0.00131277595359716,0.000929668844478249,0.000888810544009562,-0.00165409017222111,0.00267974816819912,0.00246201379600138,-0.00165487240467802,0.000421165877977594,0.000299101621442033,-0.00121498660096476,0.00101301308075828,-0.00111888231947352,0.00304120974872865,9.5264637596518e-05,0.000991373378043482,-0.00173043081703475,7.08612569228101e-05,0.00306264249780913,0.000358918425722816,0.000163394774327799,0.000453389934630919,0.00162111456962009,-0.00037113924463752,0.0021617148923311,0.00016460802602408,-0.00130357740384548,0.000523223606657407,0.0028332950952443,0.00113300301627884,0.000551536121468867,0.000297738521616931,-0.00268609548003973,-0.000357818735224533,-0.000761195428873575,-0.000484056271642587,0.00270230760257822,0.00239984187225939,0.00130157214991636,-0.0011765173934118,0.00130138376581516,-0.000978216664206703,0.000811754256265934,0.00378798189854323,0.000996996451645535,0.00342823460517945,-0.000917196326430714,-0.0014352968915656,-0.000712069723425726,-0.00194880056928481,-0.00103291694755787,-0.00229450579459773,0.00028067537610039,0.00116249193438951,-0.0011644905463588,0.000867257735820671,-5.85109770121172e-05,-0.000212097514200509
-0.0939639873525595,-0.130979994470018,0.128859222770741,0.114916566117203,0.126102099413328,0.112703678078914,-0.0709359645731783,-0.0701415844301164,0.151899110278765,-0.0133447082884398,-0.0670036711296619,-0.0212670720366963,-0.0571211460349345,-0.0566874381918576,-0.0512422814578243,0.151396465695492,0.154059123379032,0.133364641554779,0.164258181507194,0.0120027177692403,0.144388494563,0.131438200864479,0.143799734601188,0.15257143257848,0.152898868043717,0.136124652831149,0.155559641076408,0.101909509101117,0.132923206568891,0.134301493194795,0.135857531113512,0.129614722260563,0.123366435025611,0.00119781845562053,-0.00124849400637143,-0.00128413090876199,-0.00296901618316181,-0.0025042930957088,-0.00105121617196676,-0.00220607698884285,0.00159401896674227,-0.00357215281418398,-0.00108675239139434,0.00156580740851088,0.00164436884200061,0.00213256255343612,-0.000301256805435989,0.00383242578856871,0.000872460272043427,0.000644214576682003,-0.00125198481715918,-0.000984120584890978,-0.000604155026951973,-0.000665004359045533,-0.0017420093146655,0.00210684699658672,-0.00250501658690634,-0.000676776042503647,-0.00120282264597516,-0.000903727628432078,0.00266495165043112,0.000593750814115958,0.00247843340315962,-0.00248567217452488,-0.00357988001214819,0.000275216753103754,0.000730273735053904,0.00131538644490445,-0.00101228520487137,0.00196176645434714,0.00111456407555576,0.00417793328950532,0.000181661039076936,-0.00194823807894011,-0.00324509278288941,0.000508925409278486,-0.00180363214505401,-0.00157346302661057,0.0010944750149363,0.00119124914322505,-5.93787789395882e-05,-0.00067634021028591,-0.00159877461084808,0.0013430056059013,-0.000285644362738498,0.00256005869688964,0.00200224874611203,0.00278577408792054,0.00116805268025257,-0.0011723739191941,0.000538501685318629,0.000583731435487148,-0.00153191870682158,-0.00279859254694033,0.00258192971011668,0.00234411519019239,0.000561903459277367,0.0018026868116651,0.00111507488833045,0.00172342546771647
