0.0616759929979619,0.0777126761990463,-0.0758667770718312,-0.0656271470232964,-0.0731053094030753,-0.0647983847046473,0.0415343516738194,0.0407209102494482,-0.0887357084312368,0.0070550466633666,0.0390354490176584,0.0120776915606875,0.0336792670680903,0.0335785108722545,0.0299712420620276,-0.0876327702110595,-0.0885335451191042,-0.0775001054208969,-0.0928853690837439,-0.00842019527629541,-0.0815966382344153,-0.0770566922771792,-0.0825793092003382,-0.0864606867962134,-0.0886377883356929,-0.0766815279892103,-0.0908640678454251,-0.0583380047176684,-0.0783442932845686,-0.0759058269538677,-0.0780115108295424,-0.0764354923166774,-0.069620264697096,0.000958871356192152,-0.00116900056001996,0.00139980165355521,0.000741532753304498,0.00126332299423076,0.00045660286253819,0.000982687586097483,-0.000685051688213657,0.00180657153702227,-7.45035091300063e-05,-0.000232893574873636,0.000250524535340739,-0.00108010447584308,0.00208207161896738,-0.000442193120972736,-0.00212723704532561,-0.000532749230111859,0.001470119564892,0.00125355381880842,-0.000746862302644805,-0.000265809322994258,0.00092507592334029,-0.00164924921937313,-0.00155364725106893,-0.000546926019083333,-0.0004558799411183,-0.00210823058613949,-0.00383241446808469,-0.00103602796679121,-0.000367396705389147,7.68219801356318e-05,-0.00141534052253408,-0.000637427955033909,-0.000484884708749702,-0.000487940761358282,0.00168195682512745,-0.000348790381093154,-0.00244585188173539,-0.00263797986875534,0.00110541162623569,0.00024206162665066,-0.000759653728961232,4.72034884529686e-06,-0.000283023860394986,-0.000534899781695133,-0.00151914554466755,-0.00196913494460983,0.000873512668938046,0.000824811745151818,-0.0015312427526373,0.000549961389840454,-0.00246443544947012,-0.00427047888174013,-0.00152334384288458,-0.00586356645605707,-0.00296805497357852,0.000189325036750326,-0.00337729253450101,-0.00283939895370373,-0.000454196406676135,-0.00149815227510477,-0.00275156672303116,-0.00106338311270232,-0.00167709703203653,-0.00280081035602438,-0.00314417103601586,-0.0022568435247767
0.0777126761990463,0.106952261705512,-0.102946800677177,-0.0922503216299975,-0.101467596694689,-0.0893513158275834,0.0576089699806331,0.0562278696686879,-0.122940803535037,0.0099544545157257,0.052740926893629,0.0168858698722055,0.0471656735825357,0.0446287632778179,0.0396652092786407,-0.119069641675742,-0.123063146706083,-0.104386796259305,-0.126735858756922,-0.0114677047011645,-0.11346155184655,-0.10507631683888,-0.112676930369221,-0.121599916585623,-0.119604477099759,-0.105370749374335,-0.124085347493346,-0.0810794948876412,-0.10573580263141,-0.105158288336801,-0.106970928451897,-0.103182008039826,-0.0957168382097714,0.000178178932405811,-0.000605735109476825,0.000364253246711619,0.00152777422588057,0.00143914764863896,-0.000353720475702528,-0.000278957710509841,6.93462299424332e-05,0.00164643705662492,-0.000854850665409583,0.000195683373492028,0.000105284486005139,0.000166602846894761,0.00211403248973947,-0.00126575669114826,-0.00254416149114934,0.000226149019037008,-0.00135160865606564,-0.000492828075588779,-0.000413433202251428,0.000128550775617414,0.00148179935526669,-0.00118292753083833,0.00052462202631076,0.00130262368761087,0.000985573218930839,-0.000362771237854264,-0.00481534968868617,-0.000856087433837966,-0.000120708453139395,0.000227897525579514,-0.000885636495097808,-0.000341454877612866,-0.00163283344973521,-0.000398312748495204,0.00155686190726406,-0.00146009887997742,-0.00273277970066266,-0.00342454879778488,0.00115427603206869,-3.77808528612471e-06,0.000274858771138065,0.000157343926821068,0.000757457602617928,-0.000735285033791,-0.00124541189495554,-0.00258245454665793,0.000661879703702612,0.000331255442447779,-0.000119028114751889,0.000319575691072776,0.00153055842532851,-0.00258434861334598,-0.00381660416891976,-0.00435176909797139,-0.00214027499263855,0.00152004849915432,-0.000396027517475938,0.00047219481696272,0.000199235119528132,0.000274148933744424,-0.00204767150788552,-0.00187031402180666,-0.000311612663359284,-0.00188561846146451,-0.00214104500509362,-0.000514646874065662
-0.0758667770718312,-0.102946800677177,0.103576041510632,0.0898329542215334,0.101186416357734,0.0888357861595754,-0.0570316470603836,-0.0545058581809742,0.118481632833381,-0.00982261646634703,-0.0495491561817103,-0.0156482405099607,-0.0460076813994335,-0.0419293143221439,-0.0390874411907075,0.11899963957771,0.119930144606391,0.103280280183301,0.125071681899651,0.00933915759262409,0.111426414096367,0.104143098663215,0.111477245045381,0.118060035441509,0.118740403122601,0.104738181158449,0.120618712440084,0.0798352832001139,0.103080711063114,0.102523566611178,0.10444231721126,0.102080394984083,0.095441987870385,0.000699916658739204,0.000957484354689254,-0.00170799546922019,-0.00206530754152983,-0.000782941388054933,0.0013675546756611,-0.000515158271361019,0.000438977570963642,-0.0016452538382771,-0.000163682557205337,0.00071383218909459,-0.00104394991198075,-0.000275887832220479,-0.00207427600360942,0.00068968628547562,0.000253943167078212,0.000406177949701008,0.00113064680945829,0.000354428883423896,0.000159346715400832,0.000390026006661475,-0.000865719116933157,0.000803934170893955,-8.37868780531138e-05,-0.00116011624476213,-0.000834666215643045,-0.000110005646856719,0.00221610808774235,0.000767757132673608,-0.00117029797092993,-0.00033236251975313,0.000315488349160768,-0.000468568081858283,0.00148895668334009,-0.000453028010518306,-0.00024957505766178,0.0014870046705375,0.00191242621834513,0.000987921845239671,-0.000582622963962046,0.000191944141438884,0.000253718648585525,-0.000139305062021651,-0.00028647789992304,0.00130928370935981,0.00173524634718034,0.00205044107571747,-0.00161271681938894,-0.000600807862104128,-0.000302373758510817,0.00023103989737984,0.000658009388165233,0.00278713322729597,0.0020984651859033,0.00387740106089174,0.00266933163749538,0.000673876448284445,7.99081579433166e-05,0.000816149323014651,0.00153812274120611,-0.000756567795296301,0.0018626908208741,0.00207796806383867,0.000315549452928765,0.00251577173177836,0.00177535476670652,0.00142715928027311
-0.0656271470232964,-0.0922503216299975,0.0898329542215334,0.0838539760331298,0.0885702941743291,0.0797306579998962,-0.0504363465021205,-0.0481868863069542,0.108116651765366,-0.00827850237963462,-0.0457978737540096,-0.0143998554003192,-0.041609580393632,-0.0391933703458732,-0.0337841610528211,0.105668710241034,0.109529110455519,0.0908235525574886,0.112095172725242,0.00932067847418129,0.100100147651988,0.0920133462660317,0.0996213511099389,0.105710382350789,0.105894337616368,0.0940507634427859,0.107251148173933,0.0699918699692058,0.0918688932681518,0.0915790541991547,0.0941662490164941,0.090437895879843,0.0834105428019366,0.00106680333587038,0.00110989685268435,-0.000474880224609919,-0.00137464894949599,-0.000165256739363933,0.000163300419310438,-0.000124101433081092,-0.000163510698490059,-0.000668424201780357,0.000894760545462599,0.000536083139765805,-0.000584608794935889,0.00255594999095737,-0.00204562570456282,0.000364939825053468,0.00219052137671648,-0.000338210745079421,0.00186019834595336,0.000615363768386848,-1.92960729475016e-05,-0.00158265080354007,-0.00181452879580702,-0.000483867868191296,0.000501187633212555,-0.00116511163269995,-0.00146465312131436,-0.000141834809067774,0.00266147991309412,0.000517088243726548,-0.000655344860232573,-0.00128239400290026,0.00102807296794328,0.000440920008061588,0.00265994156860536,0.00104851535705586,-0.00117969329198645,0.00230407725643908,0.0028882034731428,0.0012102580650271,-0.000876839756350912,-0.000478801217847727,-0.0011371495068171,-0.000448908377990771,-0.000741731626255476,0.00198741878280284,0.00124351892819169,0.00302046081856443,-0.000896477459933936,0.000651371303380646,-0.00135880303595495,0.000930711009418153,-0.00257163396829405,0.000279239221184162,0.00193055186185484,0.00365637910358779,0.00153298413958639,0.00022541047851394,-0.00148282560327757,0.00135604673763916,-0.000344369427451627,-0.00198118009834624,0.00045976087511575,0.00344258822979775,0.000162659141149372,0.00161163889033887,0.000168449876704513,0.000292791587036573
-0.0731053094030753,-0.101467596694689,0.101186416357734,0.0885702941743291,0.101654592729036,0.0882707193846015,-0.0562224343318834,-0.0537750287515458,0.118704492893355,-0.00989908527620161,-0.0500346620327317,-0.0165844041153778,-0.0464491791748639,-0.0428026603135558,-0.0388407759420651,0.115871669899892,0.117851487856685,0.102083396868058,0.123440316583792,0.0100964038543263,0.109508049034345,0.101473649444223,0.110369353002586,0.117361335770106,0.116896350237119,0.102213474004988,0.117681044086606,0.0791905990302888,0.101338934967216,0.100500183053434,0.10427431963067,0.0999089145702073,0.0939942723566676,-0.000691835641849646,0.000816839027635569,-0.00156075424160556,-0.00144098906889599,-0.00225988290923215,-0.000506429470716177,-0.00122690717889199,0.000130460533737971,0.000297358889595378,-0.000879643213858779,0.00025026213149932,-0.000792342180074779,0.000631512368644348,-0.00232418270122726,0.000895254242262555,0.00131507763985918,-3.430855539432e-05,0.00269264000848122,0.00129880766308204,-0.000206822476127243,-2.2896393775048e-05,0.000786063983167576,0.000924177479144693,0.000202148179145472,-0.00123286999085963,0.000521616656172476,-0.000258898004262282,0.00230526527592653,0.00195796145345832,-0.000308752876925329,-0.000177012950672641,0.00127056969085824,0.000109230581693849,0.000800773797513855,-0.000622989941032866,0.000969593667689418,0.00155716304725033,0.00184045100651344,0.000834140081600133,-0.000974438573782127,-0.000364943822382871,-0.000396657181279316,0.000243876467174547,-0.00130307538080351,0.00109480618325494,0.00184863182455124,0.00181307748750541,-0.00188282768845374,-0.000726485035438308,0.000242979848640007,0.00020598095218675,-0.000149625290700852,0.00240633611220164,0.0018463714951039,0.00255371059426269,0.00273014315592271,0.00124574677143341,-0.0018053386899912,-0.000905106475632002,0.000886973779652609,-0.00171926340997989,0.00245867541060257,0.00144317705045703,-0.000599042020963944,0.00113788207909866,0.00140887620778004,-8.48816474561412e-05
-0.0647983847046473,-0.0893513158275834,0.0888357861595754,0.0797306579998962,0.0882707193846015,0.0812854297909907,-0.0490758357336007,-0.0477496048482135,0.105847973398591,-0.00736980624285772,-0.0447123743548886,-0.0151139380060892,-0.0415593961135999,-0.0380503414932085,-0.0345334013176437,0.103536469697004,0.106416011597919,0.089371230924144,0.111072376338312,0.00908129391810275,0.096714792326624,0.0900576945412627,0.099146593689939,0.103262775160996,0.105708285625184,0.0920644158135386,0.10657561797625,0.0699875989533287,0.089455443928322,0.0906516341736465,0.0929525935215234,0.0898295373542247,0.0835374869397892,-5.97791132275892e-05,-0.000939364559465127,-0.00118160778162236,-0.00157879461762021,-0.00013336208310085,-0.000738054337198969,-0.00144857554936131,-2.59093083891642e-05,-0.000625635764556514,-0.00133959696400728,-0.000237536560082736,-0.000730225725056941,-3.41023145018902e-05,-0.00174710827516418,0.000830095414737821,-2.84811535533421e-05,0.000864234668064581,0.000798956200699608,-0.000958936557670193,0.000367206295028718,0.000412965004129971,-0.00149686347702198,0.00115245971421095,0.00153590560980159,-0.000706651003831787,0.000117901684795259,-0.000936304431695297,0.00107259500149658,0.000578980828734914,-0.000265032156978993,0.000308979030364139,0.000711345045713387,4.62668687055796e-05,0.00163229896724242,0.00139909717200476,-0.00216452540206571,0.00267175192613295,0.00237976710328813,0.000533185320412603,-0.00103760550247169,-0.000826631676792279,-0.00091122198927639,-0.000510789245793493,-0.00122116967850152,0.000392665263802,0.00151593381020457,0.00183964980690783,-0.00117272611241233,0.000562033897388423,2.12566262422099e-05,0.00230548329873705,-0.00102581380514823,0.00180566239592157,0.000938717430643516,0.00313865197544572,0.00238467931548296,0.00187684474706577,-0.00169113214113613,0.00134241450340033,0.00148239724919832,-0.00158980416074789,0.0018421618083435,0.0025273294993571,-0.000713001178079775,-0.000654932805459176,0.00106513107611117,-0.000966723441778233
0.0415343516738194,0.0576089699806331,-0.0570316470603836,-0.0504363465021205,-0.0562224343318834,-0.0490758357336007,0.0326651477406105,0.0307504146129599,-0.0657588291541794,0.00568205687402336,0.0271838620335623,0.00949793467983708,0.0259968494906669,0.0236602865398059,0.0218305864626951,-0.0650475139285407,-0.0668198858378742,-0.0558471717074154,-0.0685076176215029,-0.0050441717502965,-0.0615265394986939,-0.0573502362610726,-0.0611147011993803,-0.0651934625006144,-0.0647643045656339,-0.0575888685647714,-0.0660215286082364,-0.0441438427613586,-0.0574123916139901,-0.0564519364662886,-0.057452020204056,-0.0555964723269464,-0.0520362891818747,-0.000443825993341472,-0.00124740447653255,0.000589326189811966,0.00103851780230305,0.000980526057877484,-0.000586035304387708,-0.000559378892832579,-0.000248165980133304,0.000919569850406465,-0.000569215864031276,-0.00107005091685628,0.000443320992578617,-0.00051519222901256,0.00113938786670001,-0.000338804701475967,-0.00125648237903633,-0.000950065227488911,-0.00131149233354863,-0.000539984353332008,-9.34147087124858e-05,-0.000501961978222376,-0.000199823414319913,-0.000972530125939414,-0.000831643272191115,0.00130758206883927,0.000446860212942395,-0.000221100852399137,-0.00119207160638414,-0.00172344966265507,-0.000432848191205179,-0.000151471139680225,-0.00079928341354711,-0.0010588456773316,-0.000471069148747559,0.0013669085073892,0.000529606591885296,-0.000998161089231781,-0.000278646539542861,-0.00152004620407026,0.000265159579785843,-0.00112392841063216,-0.000125974825624159,-0.000432771742380924,-0.000435927471444605,0.000192125706413287,-5.89818491355708e-05,-0.00101571824490506,0.00103886951062535,0.00130730737405612,-0.000712811260351026,0.000802444866082219,0.00031198844788627,-0.000618766531237476,-0.000411553842741744,-0.00196460791393088,-0.000954344240640602,0.000849123446455462,0.000426707774400773,0.000903283685652127,0.000598569282779843,0.00129202312517431,0.00038708824643989,-0.000445833390237256,-8.11875883547716e-05,-6.02846625266605e-05,6.02326969691312e-05,-0.000309850765842268
0.0407209102494482,0.0562278696686879,-0.0545058581809742,-0.0481868863069542,-0.0537750287515458,-0.0477496048482135,0.0307504146129599,0.0314172873316755,-0.0637919082665449,0.00588587393552662,0.0262017918740376,0.00856662988470645,0.0251307341133276,0.0231322449953526,0.0215880051412435,-0.0619649956217713,-0.065762586693477,-0.0543007072308334,-0.0669685814194619,-0.00556653744334463,-0.0589649372092733,-0.0548658500079206,-0.059227582074606,-0.0637349475365314,-0.0619817043121349,-0.0546648593000183,-0.0658034522148114,-0.042916147961534,-0.0539706442885067,-0.0540480779337451,-0.0551600108983846,-0.0544503285389291,-0.0508285112140417,0.000538805953841098,-0.000220330993387546,-0.00039430828186222,-0.000404268299072395,0.0016889859762998,0.000461860964889096,-0.000185210040111172,0.000338861161132363,0.000206769076124631,0.000360113166542661,0.000157506770630014,0.0010188495455235,0.000693895144806937,0.00163710823834462,-0.000511487460334447,-0.000290883274187176,-0.000498596916217441,-0.000257622355767859,-0.000560234723067819,-9.49101318485104e-05,-0.0002425155712077,0.00145776442279308,-0.0014702521250216,0.0016104038716081,0.000119871843593662,0.00043723274000826,-0.000176791612422537,-0.00148674100756131,-0.000965731747460888,-0.00115018183752187,-0.00069177658042086,-0.000919281390143926,-0.000386006305489233,0.000266840834757483,0.000444838440137868,0.00161296457029003,-0.00147518671124951,-0.00135050089609691,-0.0022524304650747,5.69210338434462e-05,-0.000439153985370163,-0.000620616089034927,0.000320523621741036,-0.000635497724791542,0.000455640304728365,-0.000182494446148493,-0.00111774625360971,0.00103567311237886,0.00133570170391345,-0.000653948240595987,0.000409221071587687,0.000550058316987735,-0.00127914321132867,-0.000941477624663877,-0.0018842492795009,-0.00139716453460705,0.000697645605421625,0.000122564029572927,0.00133283939684613,0.000912210553457637,0.00072839951097537,-0.000421232586314372,-0.00128986550870655,0.000500900002698745,-0.000510544231869338,-0.000377347691366717,0.000682731091001369
-0.0887357084312368,-0.122940803535037,0.118481632833381,0.108116651765366,0.118704492893355,0.105847973398591,-0.0657588291541794,-0.0637919082665449,0.147414646381624,-0.0100269499279941,-0.0633348770789544,-0.0206070933796074,-0.0550368185569296,-0.0539763881213811,-0.0450329444193916,0.13791861502459,0.145235124701477,0.124464079076168,0.14943410794643,0.0141318303467041,0.133673578970712,0.121066768252232,0.133330587548634,0.142872676846139,0.141921131991238,0.12422552051493,0.143602013680326,0.0934851150157288,0.123421036206165,0.123258427618899,0.127146024680628,0.121398160479648,0.111525453579028,-0.0010673260810415,0.000951564830797792,-0.00211332503098968,-0.00118592669002168,-0.00125350061436222,-0.00105168370102622,-0.00153312220827183,0.000294045315914737,-0.000395465603307085,-0.000217912495051633,-0.000538895498567078,0.000255498911923704,0.00104466555335626,-0.00320348526906781,0.00129957197122057,0.00247452260360504,-0.00120850299888616,0.00154879700827259,3.96739765754444e-05,0.00111633813832577,-0.000773522598170341,-4.08633325655705e-05,0.000580710485648393,0.00107835681378719,0.000141902240449765,0.000990076347270464,0.000797111459204128,0.00409969438260674,0.00123712292201306,0.00046407551936437,-0.000340274581611966,0.00196610650117399,0.000136625840250479,0.00207702843164982,0.00137634257830412,-0.000712321974960867,0.00124536767616643,0.00255842488472014,0.00283276268817215,-0.000987001142512429,-0.00111093340058368,-0.00173516853756852,-0.000151684939148262,-0.0027616321441165,0.000732596687408718,0.000544251888722152,0.0014185780593775,0.000267204883668903,0.000959245517576603,0.000766560258291564,0.00215333309635527,-0.00215087221800658,0.00238619081520137,0.00218015261500463,0.00397254542231037,0.00183551745333824,-0.000232037662711246,-0.00165142642188066,0.00070751850438735,0.000202163092998444,-0.00101144038226883,0.00251990525104932,0.00222216956708856,0.00121711110293668,0.00151640326991218,0.00336635637517277,-0.000358443030828084
0.0070550466633666,0.0099544545157257,-0.00982261646634703,-0.00827850237963462,-0.00989908527620161,-0.00736980624285772,0.00568205687402336,0.00588587393552662,-0.0100269499279941,0.0025335488230528,0.00390102717196364,0.00115821896239133,0.00478502762270281,0.00359928584443184,0.00467831922156673,-0.011079148076956,-0.00978695890284505,-0.00860163214910538,-0.0105420245843896,-0.000325389356602074,-0.00975098330967403,-0.00960454573790206,-0.00927661619498154,-0.0107187525698733,-0.00868936253290065,-0.00902174080585803,-0.0102559418137647,-0.00749531955412618,-0.00830468027438074,-0.007615988312649,-0.00948415953914468,-0.00858523070668626,-0.00845397924273312,0.000572294193995866,-0.000414692597412132,-0.00013961331268583,-0.000365513380406719,0.0011266497979789,0.000257135079297697,-3.14054528353361e-05,0.000206379260466,-0.000577357242951805,1.24416780275891e-05,0.000151620203997587,0.000726781293985926,-0.000705319305035818,0.000632969328475878,9.70647015194839e-05,-0.000886559566325111,0.000252932817388587,-0.000582191384438334,-0.000958116295461721,0.000467353286979886,0.000451567256931448,0.000529653824349886,-0.000458328468882125,0.00126272119768074,-0.000379129779179243,0.000127460820845578,-0.000559427584993856,-0.000225168279916536,-0.00112364450710432,-0.000410194164674898,0.000421841002032597,-0.0010435095078589,0.000187629322464956,0.00065131788835802,0.00131253105721822,3.43188849738648e-05,0.000119815406519172,0.000187743931373233,-0.0007036159505478,-0.000445143564449417,-0.0004428217711755,-0.00110781680159038,-0.000581127032526147,-0.00107861014557887,-0.000487999034545332,2.81943436743886e-05,-0.00117857860966822,-2.15235317784237e-05,-7.96839158162436e-05,-1.73314976440824e-05,0.000180319099253478,0.000170758017357276,-0.00025624776758459,-0.000266259688224186,-0.00021682328368079,-0.000644882384097643,-0.000501045543588496,-0.000310735086339821,0.000739888853409436,0.000119075700164672,-3.9215448432793e-05,-0.000571568783337411,-0.000442582112766229,0.000712620523133107,-0.00101957449949343,0.000615070902636653,1.55455575227001e-05
0.0390354490176584,0.052740926893629,-0.0495491561817103,-0.0457978737540096,-0.0500346620327317,-0.0447123743548886,0.0271838620335623,0.0262017918740376,-0.0633348770789544,0.00390102717196364,0.0299907992906145,0.00898958384471134,0.0233581485889376,0.0241804809696767,0.0189991073816538,-0.059487993303243,-0.0600598850331302,-0.0534765360339593,-0.063688671410795,-0.00749437516801151,-0.0562886176648509,-0.0521861719063577,-0.0571747481219213,-0.0609861619024882,-0.0611151934355507,-0.0527040263617382,-0.0611604608012875,-0.0402968569027158,-0.0534839826071484,-0.0535049378501492,-0.0554281913143666,-0.0515643312745136,-0.0470990482658814,0.000225810830540259,0.00143051055621642,-0.00036685169308752,0.00142507097886891,-0.000773186703485723,-0.000175810152840243,3.5465547903815e-05,0.00239064038120729,0.00179279396062086,-0.00118288737032889,0.00232387936499469,-0.00250421361845163,-0.00046290291055447,-0.000140367349880501,-0.0012746951241575,-0.00114675440171944,0.000673950614103697,0.000353033226679485,0.00142731981075931,-0.000848971510602176,0.000477054267160571,0.000913435491955014,-0.000110940674534365,-0.00061086510360048,-0.000771479905255368,-0.000548072561759726,0.000842313473208666,-0.00225022566588216,0.000145469724484782,0.000335995743275947,0.00113573384181132,-0.000766258651601149,0.000154774872841153,-0.000598905870021801,-0.00166426638945737,0.000228861954897871,8.18172392977549e-05,-0.00202584575971881,-0.00125720146037149,0.00128693031835647,0.00118635404804958,0.00135256007510649,0.00039923522230333,0.00232255741436015,-0.000500345528633039,-0.00126795709521216,8.20521141409563e-05,0.000195651492227672,-0.000706393040770365,-2.8702986522253e-06,-0.000284785065862499,0.00100924221611903,-0.00208185258090141,-0.00189277909108966,-0.00331867111133277,-0.00051573814798757,0.000318466381516073,-0.000142564299620895,-0.00103325963802904,-7.90049048363349e-05,-0.000130758622019279,-0.00151421053308172,-0.000903869328252718,0.000524756753952626,-0.000780843199706497,-0.000890289940656996,0.000103052557369266
0.0120776915606875,0.0168858698722055,-0.0156482405099607,-0.0143998554003192,-0.0165844041153778,-0.0151139380060892,0.00949793467983708,0.00856662988470645,-0.0206070933796074,0.00115821896239133,0.00898958384471134,0.00512878159694531,0.00865594491334722,0.00830914931614959,0.00742692693898741,-0.0176261987160434,-0.018899520661534,-0.0153628035705971,-0.0195033125582191,-0.00150585029936987,-0.0175196639702859,-0.0162010085198276,-0.0174980063897058,-0.0186182001969136,-0.0183075371618544,-0.0163206293527397,-0.0190006428463465,-0.0122359012728005,-0.0168019858329703,-0.016406408356507,-0.0170235144811157,-0.015133321744378,-0.0137970815471684,6.31832492518924e-05,0.000199419934850068,0.000678265324887452,0.00146941117511854,-0.000720296805298143,0.000426404662434186,0.000129215407299007,-0.000125039785952362,0.000802239239385768,0.00021833525733743,0.000269266609250231,-0.00110492437537795,0.00103777439430979,0.000448315384985761,-0.000725599283924075,-0.000251695641690292,-0.00120211101510429,0.000357235019514695,0.00218361278864411,-0.000667991902497662,-0.000708239324552088,-0.000719597161255697,-0.00102033998580034,-0.00209442062196523,0.00108571001814749,5.48465370826453e-05,-0.000150048586315116,-0.000598784691574805,-0.00155201318494116,-1.33638837786946e-05,0.000861956082896604,-0.000454004998517878,-0.000561331068812985,-0.000872038190778957,-0.000139041380355037,-6.6541817942736e-05,-0.000696250060606542,-0.000151609039005639,-7.72352518599263e-05,0.000988893853141073,0.000511861719171227,0.000936735532654668,-3.09878958811951e-05,0.000654214028405647,-2.77741489267384e-05,0.000421246515733012,-0.00157794620014158,-2.84348758316318e-06,-0.000234445386058154,-0.00122719426991162,-0.00102713670764402,0.000719676737042414,-0.000126555975552952,0.000362520525364034,0.000150715159766373,-0.000815752698554488,5.19968396428642e-05,-0.000284334846422555,-0.000710377967601521,-1.14069840041803e-05,0.000338196050919089,-0.000967332657603857,0.000669034185892901,-0.000368104458809668,0.00137198747145533,-0.00110732195648881,0.000546384413618493
0.0336792670680903,0.0471656735825357,-0.0460076813994335,-0.041609580393632,-0.0464491791748639,-0.0415593961135999,0.0259968494906669,0.0251307341133276,-0.0550368185569296,0.00478502762270281,0.0233581485889376,0.00865594491334722,0.0231835886757214,0.0205007755470967,0.0197489237165325,-0.052002962968286,-0.0539823245088136,-0.0456792108540629,-0.0565969527706298,-0.00403813446519674,-0.04993981230893,-0.0471038178063,-0.0497441525430605,-0.0529526976547533,-0.0532966227932523,-0.0466979752289937,-0.0542788532475279,-0.035990448083012,-0.0454990199730171,-0.0462675819303593,-0.0476259484618346,-0.0455440344358186,-0.0418451955246604,0.000123895614247043,0.00075693928623739,0.000141965145139817,0.00125039241251964,-0.000141511752568567,-0.00024301295251609,0.000477012668399036,0.000938271291412607,0.000327190219178664,-0.000140123421647271,0.000581807780271313,-0.000713179282628573,-0.00050440425073539,0.00111653828170845,-0.000569684397882751,-0.000231361060413816,-0.000757181086143874,-0.00076938365994049,0.000267004796307852,0.000259026577610251,8.06629104034407e-05,0.00100744785668601,-0.000369775034053713,0.000352013271998813,0.0012691378921547,0.000601342161292839,-0.000283192518820744,-0.000737450945232852,-0.000596831583050613,0.00118112126765922,0.0010893070175769,0.000163304092415052,0.000392589493732101,-0.000536397153506086,-2.71162359054582e-05,0.00113806736309996,-0.00164291008353868,-0.000690704323962238,-0.000328323861790871,0.00088376657975927,0.000309357903353973,5.69431744879837e-06,-0.000152718261129293,0.000546617503235189,0.000121998214640283,-0.000616376574818354,-0.00255750904387024,0.000199310171087399,-8.02757960396257e-05,9.0886908957544e-05,-0.00135680146831281,0.000899300711744693,-0.000805250642612643,-0.000769649360282995,-0.000787711004462652,-0.00152074273498068,-0.000496876164368626,0.000771626460857772,0.000615795027565076,-0.000273758674487538,0.00070003235330441,-0.0017238064126588,-0.000873903408612652,0.000588231619177535,0.000292866083281397,0.000332066020843988,0.000553715062311919
0.0335785108722545,0.0446287632778179,-0.0419293143221439,-0.0391933703458732,-0.0428026603135558,-0.0380503414932085,0.0236602865398059,0.0231322449953526,-0.0539763881213811,0.00359928584443184,0.0241804809696767,0.00830914931614959,0.0205007755470967,0.0219166092031206,0.017099253547643,-0.0485757880553672,-0.0522910500792304,-0.0454182302963191,-0.0543525483499425,-0.00578968448782918,-0.0474011728350671,-0.0430981595502522,-0.0478758905498803,-0.050676318998896,-0.0510901915619914,-0.0441913907249595,-0.0512624369504074,-0.0327885964900591,-0.0446740369105858,-0.0432330052240793,-0.0454274179533941,-0.0433334230789688,-0.0388740184243409,0.000992691358951124,-0.00034213564290811,4.9169851990809e-05,7.67380118616669e-05,0.00033043388617922,0.00108145371581927,0.000574064114470388,0.000927739356340284,0.000351120769279975,-0.000186016764748359,0.000668251478459101,-0.0010491035050488,-0.00158983190084728,0.00169852046915912,7.60120555663928e-05,-0.000845482163326299,-2.64036425116427e-05,0.000711640741096179,0.00169104087005835,-0.000247758701019902,0.00092988296169479,0.000185271089469268,-0.00015201971458732,-0.000592559621338644,0.000117899871311453,3.04245995692568e-05,-0.000225280915142132,-0.00112042113265138,-0.00108424456680971,-3.87984373033227e-05,0.00166904557304872,-0.00114982288396876,-0.000547142304632053,-0.000274216619120084,-0.00092832882258571,-2.01087170256248e-05,-0.000446984111656199,-0.00156391105580083,-0.00107185753173445,0.0010959687861212,0.000957775861711804,0.000809453695375848,0.00024454105046197,0.00129388917241973,0.00010440604710204,-0.000761613859981349,-0.000903065913880908,0.000767923582599261,0.000465950884321814,-0.00120966638326074,0.000269010367168723,-0.000203394821760174,-0.00137517839205741,-0.000111405490224638,-0.00211885353734891,-0.0012330331253892,0.000313333726792924,-5.48202083843156e-05,-0.000675077990493835,0.00171161911445067,0.000601523004565072,-0.00126410748894466,-0.000511164223269508,-0.000551378318016117,-0.000251688872990331,-0.00116964969764537,0.000128996853943435
0.0299712420620276,0.0396652092786407,-0.0390874411907075,-0.0337841610528211,-0.0388407759420651,-0.0345334013176437,0.0218305864626951,0.0215880051412435,-0.0450329444193916,0.00467831922156673,0.0189991073816538,0.00742692693898741,0.0197489237165325,0.017099253547643,0.0180277372480627,-0.0433038431569307,-0.0439825516332545,-0.0378429235168689,-0.0468283966776926,-0.0027175276701819,-0.0409913801965645,-0.0396625906920464,-0.0408905424852697,-0.0432478285242578,-0.0436531059976342,-0.0385487671617208,-0.0455727583528903,-0.0299181226701702,-0.0374881120269151,-0.0376792911897342,-0.0391943985133467,-0.0379823284110276,-0.0346622968118457,0.000517905097579258,0.000737312706440403,0.000288234286353495,0.00116138100445801,-0.000116944836308167,-0.000292967758884652,0.000587742512945237,0.000804181638781425,0.000797872168387771,0.000200848301015578,0.000772892602995152,-0.000476417704187662,0.000256278515561899,0.00133958493864839,-0.000458516698472152,0.000307199307699679,-0.00118400501921369,0.000617301023204064,0.00120216002531434,0.000217661992432331,-0.000232333083989482,0.0014180180514519,-0.000975295220494896,0.000648469683200668,0.000858254295376593,0.000708320995216824,-0.000878344322728373,-0.000373259025610532,-0.000874701841989698,0.00116733587566828,0.00133898986342893,8.74207520370276e-05,0.000756756261275546,-0.000297215726428572,0.000199154386444854,0.001284448109436,-0.00152151317779509,-0.000679089528902722,-0.000281343299991689,0.000883381858361974,0.000374776789975563,-0.000790638061189949,-0.000158088113624406,-0.000224179758697521,-0.000172954024605003,-0.000769153229252565,-0.00336948127387428,9.81279671572065e-05,-0.000297409976123652,-0.000496092985098597,-0.0016890897774972,-0.000384281343768259,-0.00169083631134137,-0.000684697479259063,-0.00108806867207923,-0.00254280902808425,-0.00118463756578748,-0.000963623498085885,-0.000409095803999851,-0.000957729986735593,-0.000523770765268904,-0.00276286142579196,-0.000759293606760361,8.61356777771932e-05,-0.000546933637832737,-0.000502017622240958,-0.000222891563981427
-0.0876327702110595,-0.119069641675742,0.11899963957771,0.105668710241034,0.115871669899892,0.103536469697004,-0.0650475139285407,-0.0619649956217713,0.13791861502459,-0.011079148076956,-0.059487993303243,-0.0176261987160434,-0.052002962968286,-0.0485757880553672,-0.0433038431569307,0.142933564770506,0.138689025132554,0.119565027035165,0.146246765696361,0.0124157042577417,0.12949685810432,0.12121758010808,0.131144874685174,0.13835566877078,0.138116418805972,0.123978085357251,0.141298417653787,0.0927345276316457,0.120493178322401,0.119453890705016,0.123525610366482,0.118477249890121,0.111530482021162,0.000999773014192645,0.000333750600882145,-0.00240542771303984,-0.00266622309822928,4.8415993752813e-05,5.91409222089195e-05,-0.00119942873856557,0.00140383944665735,-0.0015239032467084,-0.00071536316852168,0.000536111049874115,-0.00188996269480228,0.00108388561406291,-0.00174037903162712,0.000563224042622909,0.00230258081333684,-0.000902956466149598,0.00196525764364714,-0.000583909911605973,0.000919974140761902,-4.75957978373022e-05,-0.00221770645065049,0.00116884939233967,0.00211835004569655,0.000441397550773844,-0.000795170502718928,-0.00142520437770154,0.00455978415350441,0.00132734027203444,-0.000392462773016532,-0.000810409147888201,0.00286825085295893,-8.09090403241143e-05,0.00135133785486254,-0.000176756778500529,-0.00142879640749993,-0.000781602655476178,0.00236476062828088,0.00230933515623926,0.000385857756016195,0.000123482379005641,0.000145095149215899,0.000320318243055073,6.33006971455445e-05,0.00181751676537487,0.00150443914432695,0.00085884989089549,-0.0014274059885981,0.000545954890781579,-0.00120073854119764,-0.00110736024015386,-0.00103213603592019,0.00281957376861702,0.00202605776776883,0.00604573031414744,0.000594240723989212,5.98857001097671e-05,0.000138247427397244,0.00249529656742919,0.000689857590782679,-0.0021499059167856,0.000752412079178903,0.0028756420194871,-0.00212322706078933,0.0021355042666076,0.00115751787750874,3.25680124665928e-05
-0.0885335451191042,-0.123063146706083,0.119930144606391,0.109529110455519,0.117851487856685,0.106416011597919,-0.0668198858378742,-0.065762586693477,0.145235124701477,-0.00978695890284505,-0.0600598850331302,-0.018899520661534,-0.0539823245088136,-0.0522910500792304,-0.0439825516332545,0.138689025132554,0.149675282354696,0.123596243925194,0.150858668158558,0.0131226760623276,0.134045876960195,0.121383853544157,0.1340696254485,0.142292615980529,0.142845337219615,0.123804364336019,0.145442279791325,0.0932709280770939,0.122823037811527,0.122722381765924,0.124398237003333,0.12209614249327,0.112550364368749,0.000728311664161803,0.00216622109056716,-0.000680740630772193,-0.000861142424891261,-0.00123096209843503,-0.000584280462928007,-0.00024801492446203,-0.000180573637992264,-0.00133804678061889,-0.000205140258063838,0.000814186999061086,-0.00161324588017112,-0.000572396160312994,-0.00341931035532789,0.000920245244931872,6.47252584998451e-05,-9.47629281805163e-05,0.000447703664151794,-0.00012579463364521,0.000942706005554995,-0.00085189934872848,-0.00164608594193298,-0.000172950727376646,-0.000497618380743046,-0.000739065938797898,-0.00146473669510731,0.000114218834483353,0.00329134583330024,-0.000648831262103083,0.000206162621174838,5.55683903418058e-05,0.000192992561665953,0.000259059926376539,0.00230004049508345,0.00162572442331242,-0.00131596223535022,0.00245258429572125,0.00349390772581815,0.00290644877901786,-0.000440598421349673,-7.40333068100465e-05,-0.00117164297294972,-0.00138434552201817,-0.00117421427708836,0.0011097972071573,0.000710028341658394,0.00147013657426576,-0.00127155918491049,-0.000770274853151754,-2.15347092814823e-06,0.00108285846206827,-0.00189422163776422,0.00149694569604342,0.00160739835754239,0.00423708476122738,0.00215328977982208,-0.00110560520080669,-0.00213069860517525,0.00109424047277801,-0.0010981110887019,-0.00251453323662022,0.000138878291136031,0.00383778319180296,0.00193770763382197,0.00181750484860259,0.00250045412502996,-0.000173669345513297
-0.0775001054208969,-0.104386796259305,0.103280280183301,0.0908235525574886,0.102083396868058,0.089371230924144,-0.0558471717074154,-0.0543007072308334,0.124464079076168,-0.00860163214910538,-0.0534765360339593,-0.0153628035705971,-0.0456792108540629,-0.0454182302963191,-0.0378429235168689,0.119565027035165,0.123596243925194,0.110666306570482,0.129515274727286,0.0118412894088009,0.11498237456006,0.105069384119499,0.114288926607319,0.1226943532965,0.122578020068079,0.107854224081837,0.123817476180202,0.080135683617283,0.105287093800993,0.105643530035608,0.106823816263602,0.105332501228936,0.0969586884728082,-0.00113974024651074,0.000982958532330694,-0.00219480688320106,0.000258281566866544,-0.000844030731496958,0.000467824907675384,-0.00160708483967294,0.000682878725274231,4.60561871261863e-05,-0.000438846049586692,0.00051237788161071,-0.000188556818167123,0.00171273081184122,-0.00323398290504824,-0.000204392196459514,-9.22757608189957e-05,-0.00181902001705039,0.00137758574335633,0.000658181145880218,0.00105489544150365,1.40787129080681e-05,0.000320037005783658,-1.20151176719167e-05,-0.00124656812352586,0.00103750505483865,0.000736357900217008,0.000294518705419478,0.00312871102075794,0.000449628760423905,-0.000553407824300603,-0.000275671615422524,0.00160491109949934,-0.000391786754070831,0.000168832524973279,0.000893937261081995,0.000492841816506376,-0.00104939787655131,0.00135457217064404,0.00163695585991182,9.10504002185552e-05,-0.000592281421754487,-0.00042294757446285,-0.000401187889402826,-0.00255386944255624,-0.000654429016000564,0.00173812379177313,-0.00140108641425512,-0.000632068143798355,-0.000391949839976076,-4.23036190436065e-05,-0.000724465486118371,0.0012823593565055,0.00374155828495969,0.00203757307558694,0.00355414106190827,0.000902486484582923,-0.00151506616363066,-0.000794470307614124,-0.000413889179025319,-0.000515613105968904,-0.000535110783632703,0.0018348638835733,0.00175916589465611,0.000464158671719187,0.00292163159904694,0.00263214654654092,0.000842354501137976
-0.0928853690837439,-0.126735858756922,0.125071681899651,0.112095172725242,0.123440316583792,0.111072376338312,-0.0685076176215029,-0.0669685814194619,0.14943410794643,-0.0105420245843896,-0.063688671410795,-0.0195033125582191,-0.0565969527706298,-0.0543525483499425,-0.0468283966776926,0.146246765696361,0.150858668158558,0.129515274727286,0.157322708644644,0.0138848718772453,0.137633843151733,0.127222234082217,0.139260264539809,0.14706529921281,0.148767106031323,0.129655731798068,0.151059883541023,0.0975737061460504,0.126878137504932,0.127343146796894,0.129469921475966,0.126593859703474,0.117447468387514,-0.000498023463513013,0.000479835311989727,-0.00134512753252701,-0.00102334170218329,-0.000820205330508372,-0.00107993837947323,-0.00168585488948493,0.000313442303663021,-0.000323553313089727,-0.0011540227917966,0.000722592053535588,-0.00135405063946919,0.00124933373613434,-0.00336892802226568,0.000301436064490716,0.000318549853920238,-0.000579756412738508,0.00167223456153751,-0.000492091820217642,0.0008543440731628,-0.000114360743190344,-0.00142542556839251,0.000332315972407388,0.000149756944333629,-0.000336266146979978,-0.000700708582894622,-0.000568506327078396,0.00423764914915197,9.99471110509289e-05,-0.000670226023454527,-0.000487156291455602,0.00137059720136643,0.000159975656315397,0.00119910542722257,0.00196949870102236,-0.0013596008264439,0.000711082548966097,0.00321663171037712,0.00196397785343707,-0.000657783266457118,-0.000740897004154688,-0.000614005694747651,-0.000822676903083786,-0.0019087046181944,0.000455658809994982,0.00275943438312702,0.00107935775893966,-0.00160814761029155,2.14068530166568e-05,-0.000682055284068358,-1.39264259129569e-05,-0.000395593185046207,0.00347725693778458,0.00255009924505428,0.00480824441597223,0.00227459978441378,-0.000573805600204534,-0.00168622674032146,0.000964843819937723,-0.000469043901409399,-0.00221844261103886,0.00208239399880379,0.00356291117447266,-0.000546160145398454,0.00135345417468857,0.00192327410625581,-0.00042724393076772
