0.0618105153548369,0.0776302314257145,-0.0757998506434424,-0.0656652326359126,-0.0730210819670241,-0.0649110667845608,0.0413150803961507,0.0406974995707967,-0.0889707978930189,0.0070333487738437,0.0378375433970488,0.0122590779090441,0.0338039971521601,0.0326969970173679,0.0299717807535241,-0.0878505334163811,-0.088588833933041,-0.0775834297883559,-0.0907870098411527,-0.00810662754168952,-0.0830882823905057,-0.0779006067228823,-0.0825557238012447,-0.0861762713044255,-0.0884880711587531,-0.0784709962561681,-0.0876457393768899,-0.0551891322957365,-0.0784336630115864,-0.0731227234848374,-0.0781818230879068,-0.076530292238931,-0.067739329075263,0.00112975718460117,-0.00125435190335021,0.00291626221910715,0.0022426937773881,0.00135299477620678,0.000425990400035757,0.00172453681379649,-0.000644666573650875,0.00200064217039038,-0.000112329112064599,-0.00041694445495067,0.00030039221604955,-0.000841417478087322,0.00201982807229004,-0.000530428169377719,-0.00210612406869884,-0.000591026622717296,0.00124367932182162,0.00116318361044104,-0.000826857378531136,-9.27742897773618e-05,0.00105442521491089,-0.00177535924089892,-0.00252930647947614,-0.00163628800066236,-0.00117691054349751,-0.00206103538125125,-0.00375891282249111,-0.000908783196249757,-0.000332802909528498,-2.82687704745031e-05,-0.0015110423047151,-0.000657281709477363,-0.000446191678336699,8.10895094577061e-05,0.00150595517292761,-0.000711643225812273,-0.0024049720437613,-0.00133167797332675,0.000990495646817342,0.000423900368080509,0.000586445494566328,-0.000194353844747291,-0.000931204360411968,-0.000394634825640048,-0.00164886888360014,-0.00247267861906991,0.000831327876935824,0.00114616245154025,0.000497093136815847,-0.000538464056715887,0.00126319465720662,-0.000926737707505546,-0.00173975432485289,-0.00337018307871164,0.00105751906223234,0.000832939333599608,-0.00164246857835869,-0.00251537386350197,-0.000392673118622523,0.000869423563815454,0.000538055560100087,-0.00119963640121404,-0.00068187401743058,-0.00279696419224961,-0.00027856812851053,-0.000396209157865669
0.0776302314257145,0.107098337839686,-0.103076590212471,-0.0922333602044787,-0.101613809725716,-0.0892753657900789,0.0578721866935653,0.0562886545581854,-0.122712335947827,0.00998057523900436,0.0520487502694115,0.0166959049507526,0.0470410829761596,0.0441491427798631,0.0396907500908708,-0.118888030176804,-0.123024111120798,-0.104356672147918,-0.125864324439993,-0.0118183539713366,-0.113981460660631,-0.105555887067271,-0.11276069472579,-0.121935497338769,-0.119832204894559,-0.106411366905433,-0.122916339028928,-0.0796334437142879,-0.105704273840293,-0.103618293329948,-0.106839825236222,-0.103116652849661,-0.0951437764430976,1.26863924155729e-05,-0.000510996517323907,0.000879394196190589,0.00208545528052433,0.00136219727453592,-0.000320053714357827,1.28654760277227e-05,2.68940601850399e-05,0.00144524157420945,-0.000811766827722328,0.000393875920395918,5.78651202782176e-05,-8.08632855749885e-05,0.0021821027899613,-0.00116662374254396,-0.00256654606165777,0.000237128715932299,-0.00110047715024614,-0.000396162455498271,-0.000321261410900009,-6.42292674317095e-05,0.00134086254509462,-0.00149619604213739,5.71809986312862e-05,0.00101421200467382,0.000534294480212538,-0.000405452907870022,-0.00488500782812635,-0.000601302610623566,-0.000169492743632535,0.00032605518035219,-0.000781418722937737,-0.00032501456399835,-0.00167587949271043,-0.000536270363298571,0.00174821238325719,-0.00144386610083865,-0.00278754494842239,-0.00303716457119293,0.00128792793801928,-0.000198001496838911,0.000774727722742943,-6.29014965359189e-05,0.000455539065268238,-0.000881999062012189,-0.00113016460510318,-0.00295273598197883,0.000714217734886156,-1.54993456301873e-05,0.000772249443536096,6.89426544687698e-05,0.002871139939919,-0.00157337923959675,-0.00360987796786438,-0.00341959386115336,-0.000836325612858178,0.0017564977594447,0.000286315297500593,0.000849989768182113,0.000119301431931149,0.000846251625334242,-0.00104904803710338,-0.00172427524716879,-0.000169295677068141,-0.00189275851116804,-0.00117603831009332,-6.65525597174298e-05
-0.0757998506434424,-0.103076590212471,0.103691782968197,0.0898199219276987,0.101316214877506,0.088773335822972,-0.057260435015923,-0.0545606667053079,0.118286276111196,-0.00984529840626103,-0.0491911263501756,-0.0154848117925301,-0.045900918639866,-0.0418691357584594,-0.0391111795667022,0.118846585521815,0.119897861364001,0.103258328471169,0.124265451787057,0.00964241033664611,0.111536225241838,0.104340108427838,0.111553374680556,0.118351368924607,0.11894125280184,0.105388098399859,0.119514729545077,0.0785158086797909,0.10305789146656,0.100891951467916,0.104332782180744,0.102026500498387,0.095014560183625,0.000841370561219388,0.000875583207040366,-0.00191566798045468,-0.00255653492973796,-0.000717931171174768,0.00133845488461714,-0.000762931730309406,0.000475503184065181,-0.001472260513622,-0.000200965929382903,0.000542981721734207,-0.00100345991808688,-6.31278258427591e-05,-0.00213299837859853,0.000603927951460802,0.000273248836035306,0.000507840637115993,0.000913730563302301,0.000271199860560591,7.94660461513357e-05,0.00055667987668027,-0.000744094107411752,0.00123227727313828,0.000422053832211579,-0.000995956178488981,-0.000203241857289652,-7.37618531342997e-05,0.00227561706471657,0.000240891555885225,-0.00112748204485878,-0.000415952764225617,0.000225530498747288,-0.000482387738154196,0.00152590917006138,-4.03333197133843e-05,-0.000414652434634553,0.00152137997873103,0.00196016443410826,0.000864260688510154,-0.00069840471698432,0.00035933765849319,-0.000139219069354007,0.000140837577146086,-0.000112090189109569,0.00143539170206532,0.00163734176628854,0.00233928738467625,-0.00165836140795487,-0.000301887827214413,-0.000666194871136459,0.000314349574710419,8.39278625747515e-05,0.00246207649954486,0.00192180326478563,0.00350133495175768,0.00205261488437513,0.00077409383085888,-0.000274500867678264,0.000500227037803959,0.0016076746585695,-0.000767602260126525,0.00145311212962534,0.00195189696032777,0.000664565821537463,0.00252200039389609,0.00136064841710395,0.00139394246573529
-0.0656652326359126,-0.0922333602044787,0.0898199219276987,0.0838523688991955,0.088553108936889,0.0797542350114079,-0.0503878792166206,-0.0481846076186342,0.108164745476927,-0.00827402518351977,-0.0461804579289269,-0.0144378658487222,-0.0416358809840119,-0.039286151363694,-0.0337865372968327,0.105711917809988,0.10953662139466,0.0908434329092782,0.113039094648882,0.00925567745371401,0.0996830269224942,0.0918466829591691,0.0996156961971497,0.10564817496635,0.105863214907184,0.093696343458753,0.108785847187393,0.0718155163702651,0.091892245752689,0.0932711995409242,0.094201538741348,0.0904625537267407,0.0845447829105783,0.00102216790046994,0.0011272467020935,2.1889650093504e-05,-0.000511320611157395,-0.000192758190409986,0.000169364616949809,0.000280380575660028,-0.000172617935327133,-0.000713078234292962,0.000902063386110441,0.000576317781571119,-0.000597938534149036,0.00250052339644025,-0.00203202361256006,0.000382255598209903,0.00218583528614819,-0.00035052710050697,0.00190667143330186,0.00063564133045702,-4.54356833409802e-06,-0.00161755722143384,-0.00184163337190278,-0.000349372395594806,-0.000102356410021993,-0.00147066861056346,-0.00166512801669498,-0.000155318786281765,0.00264140818015842,0.00102415144420658,-0.000658120375221278,-0.00125325622151761,0.00104821519822204,0.000447482821076286,0.00265078167582107,0.0010342335354668,-0.00114193948258119,0.0025281188591975,0.00288236010730498,0.00151591503381497,-0.000855312531748959,-0.000518617490926122,-0.000667568586065228,-0.000675408176558329,-0.00101047221180708,0.001954879822473,0.00128067270215267,0.00261165776096324,-0.000890335211290139,0.000581635760962358,-0.000501167011793994,0.000650728326445494,-0.00110484997999125,0.00144849218165125,0.00198693554928391,0.00457218832867209,0.0030940298590966,0.000668397729324671,-0.000697440458964263,0.0014137759775212,-0.0003533200499416,-0.000966289594546563,0.00162971446456532,0.00347121917797156,0.000284352191632033,0.00161134255761895,0.00130682859319315,0.00101229915232803
-0.0730210819670241,-0.101613809725716,0.101316214877506,0.088553108936889,0.101801018450053,0.0881936149787467,-0.0564871524421636,-0.0538356561746172,0.118474121579061,-0.0099253226253111,-0.0497770742474023,-0.0163930753461129,-0.0463236104659864,-0.042862686311537,-0.0388660195869037,0.115688116374829,0.117811977132395,0.102052145417291,0.12291144527098,0.0104492439126205,0.109496915871981,0.101768556651994,0.110452856201405,0.117698870014282,0.11712465578749,0.102611238071532,0.116946895005703,0.077801821466294,0.101306144030025,0.0987508200117283,0.104141595525918,0.0998424771820762,0.0935713696031388,-0.000524738383032795,0.000721524768459529,-0.00150646785870156,-0.00201717835412925,-0.00218197156126153,-0.000540350634667769,-0.00148000907218233,0.000173356594226452,0.000500285854292155,-0.000922952722917325,5.07653737577273e-05,-0.000744448218961136,0.000881005824873896,-0.00239270268917751,0.000795532987791063,0.00133766389533278,2.66804203081291e-06,0.00244010693908876,0.00120162734015274,-0.000299466583773206,0.00017109981492584,0.000927962935018729,0.00119765081522427,0.000627268398384936,-0.00127894308712398,0.000903342929996138,-0.000215718327641024,0.0023757370837002,0.0010505842689207,-0.000259864556951817,-0.000276085429226671,0.00116575919786182,9.26552072939727e-05,0.00084397315104951,4.7844429556633e-05,0.000776985252969563,0.0011519564729388,0.00189522511843633,0.000956437237219633,-0.00110871369748627,-0.000169328986771251,-0.000586804008842416,0.000582437786843755,-0.00114221525157984,0.00124259438742947,0.00173183781720898,0.00224650790233507,-0.0019354021079082,-0.000377400130191191,-0.00027037293597712,-8.20561992819011e-05,-0.000585390326066427,0.0024391715466321,0.00163741091240718,0.00230161351125725,0.00232334215544974,0.00101388704771905,-0.00218478822939112,-0.00132859565444289,0.000967000010764236,-0.00173558169623981,0.00234624051446379,0.00129599431453799,-0.000244746691285605,0.00114491110419851,0.00100470517032704,-9.10337724976301e-05
-0.0649110667845608,-0.0892753657900789,0.088773335822972,0.0797542350114079,0.0881936149787467,0.0813755842462639,-0.0488859379380138,-0.0477274746530303,0.106043157446888,-0.0073511851274581,-0.0448150796903043,-0.015266656244659,-0.0416638619025998,-0.0382960729213327,-0.0345322591199586,0.103713160528162,0.106457928202402,0.0894364764360186,0.110816416856787,0.00881520443737745,0.0965898276591989,0.0900800512396991,0.0991196401548441,0.103017529660125,0.105574386749241,0.0920890279762571,0.106202418086069,0.069623996547286,0.0895265635515719,0.0900426725150216,0.0930904327673918,0.0899085219813992,0.0834857083976737,-0.000207595597416761,-0.000867243755930147,-0.00106724270979823,-0.00177435189687932,-0.000212395414067037,-0.000712330639247015,-0.00152089420842801,-6.01958857758492e-05,-0.000791110215547413,-0.00130772334639978,-8.08042346261193e-05,-0.000773473790125751,-0.000238066369297152,-0.00169399401370441,0.000904409174619993,-4.64042201727234e-05,0.00100995551439656,0.00099085696338862,-0.000881545957022369,0.000434281765799882,0.000266854307354946,-0.0016063738010673,0.00138879510043562,0.00162962576001503,-0.000691781436359667,0.000441712903050505,-0.000977529323382885,0.00100876521504646,0.000212991599405729,-0.000292762511620309,0.000400694371147286,0.000792520200792884,6.40836057380703e-05,0.00159851496007281,0.00164433867137528,-0.00201495821672789,0.00283742400963434,0.00234541801104019,0.000553350193623423,-0.000940759587770452,-0.000981193030817714,-0.0010496587374355,-0.000435453809670046,-0.00123232199587906,0.00027251568105096,0.00162875538238458,0.0018596576537682,-0.00113801917921523,0.000288714762994016,0.00013019026116449,0.00219346245071342,-0.000891701115684677,0.00196901437972646,0.00112528879287166,0.00322965100119942,0.00235433377479764,0.00206124332636253,-0.00164604853668126,0.00116791013540757,0.00143098682170225,-0.00139298733779141,0.00188178332007845,0.00264225916900163,-0.000466700667745983,-0.000658372200446961,0.00107592489831878,-0.00088117082812553
0.0413150803961507,0.0578721866935653,-0.057260435015923,-0.0503878792166206,-0.0564871524421636,-0.0488859379380138,0.033194341595211,0.0308506840530107,-0.065266841367367,0.00573438592741348,0.0271706414769831,0.00909917751655189,0.0257308748483303,0.0238069713638706,0.0218643984460908,-0.0646335346747208,-0.0667258459897404,-0.0557415714420124,-0.0686191465515628,-0.0057638566784016,-0.0612176288670339,-0.0575913678116565,-0.061248024341351,-0.0658715665167192,-0.0651908603563092,-0.0575970745846705,-0.0662209273736975,-0.0434311169914159,-0.0572994297772476,-0.0553565384756976,-0.057142738123358,-0.0554328181590762,-0.0520124428132593,-0.000804416177000191,-0.001052663527822,0.00017114742548216,0.00129150763513672,0.000803342390869887,-0.000516599279277417,-0.0004569294848029,-0.000337488107273738,0.00049409372326954,-0.000481537954978239,-0.000657330056410811,0.000339178099768123,-0.00103864684847314,0.00128042854344111,-0.00013604587120499,-0.00130339383875085,-0.000876481304866729,-0.000794873750289768,-0.000338066239479585,9.31868687927276e-05,-0.000897737573277847,-0.000491739134994905,-0.00111212144133389,-0.00107228435947216,0.00157006801673357,0.000355201157367765,-0.000317020772423419,-0.00134547851846651,-0.000812676100833067,-0.000524436483715935,6.59270921625003e-05,-0.000583442560945751,-0.00102031307815491,-0.000560059614049421,0.000504828473572292,0.000926511595180355,-0.000181526321797678,-0.000383937638826138,-0.00199797015091689,0.000535126456517229,-0.00152954014006179,-0.000330328694068876,-0.000744162523626688,-0.000480543353575432,-0.000117248959041912,0.00020175723606973,-0.00140603501857275,0.00114177731773777,0.000585867449599565,-0.000408188516817838,0.00141935509990623,7.56614551307837e-05,-0.00142041102871874,4.11674857066708e-05,-0.00223504782098671,-0.00141175288326499,0.00118651750434904,0.000531272947237518,0.00122196688442625,0.000443491234929201,0.000931052132113066,-0.000239537933337543,-0.000141685618265196,-0.000487771653942567,-7.28236126940463e-05,-1.48971888795362e-05,-0.000630321625595179
0.0406974995707967,0.0562886545581854,-0.0545606667053079,-0.0481846076186342,-0.0538356561746172,-0.0477274746530303,0.0308506840530107,0.0314438513150245,-0.0637112655682524,0.00589579803681164,0.0258278777569865,0.00849758854721426,0.025086237019363,0.0230430205781426,0.0216004182354492,-0.0619052932123594,-0.0657512355555022,-0.0542969455153686,-0.0662243426245026,-0.00569676285384688,-0.0591578928049221,-0.0550444949661983,-0.0592657266103626,-0.0638620779147957,-0.0620736020933591,-0.0552199255946066,-0.0647728837297362,-0.0416872141197865,-0.0539667777502954,-0.0526387319832019,-0.0551185213485574,-0.0544305286598893,-0.0503353952299941,0.00047957038267193,-0.000185242563158271,-0.00013162321507527,9.15252805166921e-05,0.00166241590473702,0.000474257087536737,4.96274786174141e-05,0.000323294376910356,0.000133475850392291,0.000376149261884595,0.000230323348012814,0.00100198308257207,0.000603754497334745,0.00166224542856623,-0.000474693884672363,-0.000299099136946263,-0.000575057828199421,-0.000164797797862595,-0.000524846974859001,-6.05263227028885e-05,-0.000313966209648261,0.00140584061952217,-0.00173983653205293,0.00119189295440951,5.89477185993639e-06,1.59544747114894e-05,-0.000191743782774627,-0.00151159462772159,-0.000538334227681202,-0.00116913522692417,-0.000657060760247499,-0.00088092173371864,-0.000380409804951534,0.000250937174755189,0.000199308989842631,0.00168347031620732,-0.00150463926565962,-0.00137152048650726,-0.00208546054305443,0.000106856284513589,-0.000510407845752544,-0.000257552474661346,9.35497697642127e-05,-0.000818855149796363,0.000402130592809504,-0.000142197920230176,-0.00141027453226177,0.00105552514765242,0.0012082045654758,-0.000240132382829599,0.000309301705146144,0.00123160149101756,-0.00078514927612586,-0.000867776057184605,-0.00139948331965316,-0.000651614384623933,0.000727403923942018,0.00050302890327017,0.0016004167544331,0.000881712082792922,0.000937247343176603,0.00010425346720098,-0.0012362319956702,0.000290218577120668,-0.000513401228041473,0.000106769067115559,0.000841879736794746
-0.0889707978930189,-0.122712335947827,0.118286276111196,0.108164745476927,0.118474121579061,0.106043157446888,-0.065266841367367,-0.0637112655682524,0.147882155404477,-0.0099781113531407,-0.063566358922958,-0.0209856025005722,-0.0552896140136683,-0.0541122851566469,-0.0450115124718197,0.138326567494096,0.145323432637602,0.124586132364304,0.149561294735402,0.0134570175673754,0.133773349128363,0.12116379028811,0.133224549482055,0.142235761399812,0.141541555280383,0.124141503938273,0.143686965069153,0.0937796842131628,0.123553208572518,0.123624779739534,0.127456128651386,0.121564318392519,0.111611935611897,-0.00142002894814163,0.00113424341989811,-0.00209623731211393,-0.00123399278815963,-0.00143332595240396,-0.000986666437915015,-0.00150657227777921,0.000209088299453452,-0.000802386216902375,-0.000136281587053187,-0.000147860423943782,0.000153052251060343,0.000543527292497159,-0.00307029349326994,0.00148886604008026,0.00242990624406599,-0.00111281869149118,0.00203384241660447,0.000231697774260296,0.0012892545383857,-0.00114418377382872,-0.000315941645814608,0.000543314481963616,0.000932259548425114,0.000257216575123003,0.00093256511758399,0.000701406788524776,0.00394869088626629,0.00134746042815185,0.000384490220384142,-0.000124997995771939,0.00216979381395463,0.000176430515104842,0.0019927535059165,0.00114942243776353,-0.000337422978041952,0.00146396408157764,0.00246441944642332,0.00271353296854938,-0.000737060149156236,-0.00149571245313478,-0.00179275454330983,-0.000295356953881986,-0.00279486465523687,0.000436836917386558,0.000805361504813524,0.00121961445678915,0.000360307484085494,0.000276522615498247,0.000852294666265985,0.00214250760001647,-0.00217556760592292,0.00224146334358123,0.00262391777125419,0.00397250730518628,0.00158519964713718,-0.000225244652033287,-0.0015674492421892,0.000759894137516097,6.29254323204358e-05,-0.00121795036130622,0.0022817310370923,0.00250973348406786,0.000933698011406325,0.00150581607596548,0.00321478809185177,-0.000588627750129799
0.0070333487738437,0.00998057523900436,-0.00984529840626103,-0.00827402518351977,-0.0099253226253111,-0.0073511851274581,0.00573438592741348,0.00589579803681164,-0.0099781113531407,0.00253867668860368,0.00386214475870275,0.00111889725901248,0.00475865815585353,0.0036294251919783,0.00468165615423985,-0.0110385255374899,-0.0097774472635869,-0.00859133938753738,-0.0104396664330387,-0.000396412911140634,-0.00967618885866452,-0.00952687952839314,-0.00928994019135109,-0.0107853839205385,-0.0087316423706021,-0.00907767231684316,-0.0101660039267418,-0.00746221507295591,-0.00829361270740791,-0.00748736637526126,-0.00945378996032478,-0.00856870596802367,-0.00850756729888554,0.000536558684815278,-0.000395485491439465,-0.000149731858909604,-0.000404306997247062,0.00110900639248069,0.000263990828188893,-4.23955053675515e-05,0.000197599031174989,-0.000619380428852036,2.10724285560797e-05,0.000192357384006044,0.000716452720546388,-0.000757057380452976,0.000646887345842884,0.000117056368067157,-0.000891197410297906,0.000216251632905612,-0.000531259488051266,-0.000938151639195315,0.000485730328200324,0.000412553945134149,0.000500862363866264,-0.000581160195697744,0.00122620539982186,-0.000327310846358954,7.47545585768979e-07,-0.000568958316187567,-0.000240438050469204,-0.00109787837108978,-0.000419112820049758,0.000443455339912871,-0.00102216493127139,0.000191496235251768,0.000642616223391294,0.0012369555383787,7.34872819756299e-05,8.20764988510695e-06,0.00017747840889594,-0.000726912646168153,-0.000418605129596349,-0.000482899055859651,-0.00108449960657584,-0.00062252813741386,-0.00106929716286248,-0.000518545056741068,5.41304675338556e-05,-0.0011862498123912,-1.14246781836417e-05,-0.000150887814364957,-0.000163229503991156,0.000165403688652811,-6.2097065451071e-06,-0.00037583653135109,-0.000221371193126173,-0.000297790536296556,-0.000815408592455148,-0.000671213367073668,-0.000391563427056961,0.000782682849282088,0.000103966603669864,-0.000264578949807533,-0.000704264255909229,-0.000412524887123486,0.000503794823306033,-0.00102076187041503,0.000428793448381229,-0.000157927709463695
0.0378375433970488,0.0520487502694115,-0.0491911263501756,-0.0461804579289269,-0.0497770742474023,-0.0448150796903043,0.0271706414769831,0.0258278777569865,-0.063566358922958,0.00386214475870275,0.0300030251575056,0.00933597311521544,0.0234354991609232,0.0241891141879484,0.0187368887407411,-0.0593255732699615,-0.0600836798447317,-0.0528004616522851,-0.0637171297320571,-0.0067754974327201,-0.0563036550750954,-0.05219801457333,-0.0567967785889601,-0.0607196367419624,-0.060086292505897,-0.0527124808652039,-0.061191228995765,-0.0403232768650019,-0.0529427321752582,-0.0535382378483704,-0.0557220512748944,-0.0514848470275606,-0.0471186301998906,-0.000418316579557403,0.00143979385740927,-0.000369009481717251,0.00141915321766735,-0.00142028536421543,-0.000869818232685767,3.29562415622351e-05,0.0020106457909285,0.00181198604039069,-0.00127347403349692,0.00250612011785027,-0.00281482246133892,-0.00047980190172227,-0.000259210774292959,-0.00144285680596237,-0.00108157210032309,0.000675290997393327,0.000368764522008412,0.00124221971205592,-0.00103113686787186,0.000710466585338498,0.000988416687013739,-0.000106365360600965,-0.000607085226763588,-0.000768571084716059,-0.000541937819188719,0.000818082114283393,-0.00115649852934541,0.000140043213565227,0.00020261224575897,0.00109648758761435,-0.00123370901895784,0.000308099847376388,-0.00105117846417727,-0.00166110872708408,0.000130766101580179,8.25119176337104e-05,-0.00162039991485472,-0.00126024503630979,0.000948971799094336,0.00143105238199476,0.00134771831970378,0.000401339986504363,0.00232495309700933,-0.000500246132447683,6.35378791379047e-05,8.42786714247232e-05,1.72221267740737e-05,-0.000440614911703901,-9.18269327551784e-06,-0.000284555771512145,0.000999942973327709,-0.00208833521393932,-0.000630238474736856,-0.00332558307904098,-0.000526885221868897,0.000317640322480364,-0.000147305590623434,-0.00103815207413273,-0.000291641989469678,-0.000133726170630438,-0.00152221562038884,-0.00074144950735963,0.000524503893581488,-0.00080256927668686,-0.000898801708861365,9.95830258735491e-05
0.0122590779090441,0.0166959049507526,-0.0154848117925301,-0.0144378658487222,-0.0163930753461129,-0.015266656244659,0.00909917751655189,0.00849758854721426,-0.0209856025005722,0.00111889725901248,0.00933597311521544,0.00543326303630553,0.0088602119871097,0.00857692615616903,0.00740661347835611,-0.0179500405044729,-0.0189734024415781,-0.0154547086066857,-0.0197714473747921,-0.000960599942713116,-0.0174412462753022,-0.016167325253698,-0.0174067799369186,-0.0181064613025353,-0.0179948765439966,-0.0159659936906564,-0.0192476976728738,-0.012566059750131,-0.0169011461829531,-0.0168008711544306,-0.017268203059534,-0.015266117481327,-0.0138748766214276,0.000343999011962921,5.18138353302286e-05,0.000521823653815057,0.00149485543047001,-0.00057887398525914,0.000373881439004993,8.61573269616283e-05,-5.68407151014256e-05,0.00112863731009934,0.000152224764363021,-4.55886450092846e-05,-0.0010234897172779,0.00143966211337964,0.000340979536533302,-0.000878795593139547,-0.00021588714779299,-0.00127070449401358,-3.45910116078638e-05,0.00202912324727762,-0.000808304728634663,-0.000408649235689017,-0.000497747164221957,-0.000869144757730978,-0.00196992039570659,0.00108726339269935,0.000224067200552846,-7.43839865109716e-05,-0.000478876090690153,-0.00152027288548727,5.26865198319288e-05,0.000691194274837989,-0.000618288907446166,-0.00059251883941105,-0.000804173406171733,-2.55507094171929e-05,-0.000368666505722212,-0.000695680756028979,-7.42762356923542e-05,-0.000140580408328215,0.000786020878163754,0.000821484178119826,0.00084093285846602,6.55060739635718e-05,0.000726395284431728,0.000209555135150545,0.000215062747003138,-0.00140954049084303,-7.90022620068248e-05,0.000315385197353219,-0.00143023667059109,-0.000890988787319229,0.000456877733315892,-0.000294047157389578,9.51641671473445e-06,-7.52320581974587e-05,-0.000892217616698472,8.13834882261405e-05,-0.000452645709896797,-0.000852265713119536,0.000102863100727432,0.000411866606403374,-0.00102769242905333,0.000437385884475119,-0.000248519535736325,0.00138087519920223,-0.00116057656304653,0.000623590645843256
0.0338039971521601,0.0470410829761596,-0.045900918639866,-0.0416358809840119,-0.0463236104659864,-0.0416638619025998,0.0257308748483303,0.025086237019363,-0.0552896140136683,0.00475865815585353,0.0234354991609232,0.0088602119871097,0.0233201765762646,0.0206096803415664,0.0197365973903762,-0.052222365742478,-0.0540307179548571,-0.0457436613698911,-0.0566063340703833,-0.00367341612063651,-0.0499168054746631,-0.0470465674364783,-0.0496857352763481,-0.0526092060896577,-0.0530902385578458,-0.046651078343054,-0.0542884949512698,-0.0361286992249859,-0.04556863543987,-0.0463807314889307,-0.0477923445273077,-0.045633247612189,-0.0419304384244214,0.000313179978894046,0.000658208964599306,0.000108700565839747,0.00124154351100321,-4.55729543968183e-05,-0.000278195584378286,0.000440346538034566,0.000984035130918626,0.000546382383787244,-0.00018430397608478,0.000370788254125217,-0.000658238698525889,-0.000234494098645522,0.00104463266030687,-0.000672083958474936,-0.000207323041870666,-0.00082688906632611,-0.00103157941746628,0.000163390918561149,0.000165359082372348,0.000281041523223281,0.00115601025552584,-0.000400055631327267,0.000422923011036292,0.00132275062318653,0.000603466826118425,-0.00023198433897468,-0.00065648958163328,-0.000603642559214457,0.00122469061429407,0.00097394712857827,5.32830929431403e-05,0.000371393688664666,-0.000490890815697785,3.52435812645474e-05,0.000935676120554699,-0.00181264839711051,-0.000639396062605719,-0.000322265183653432,0.000748325411588029,0.000516932532404285,1.26817713261696e-05,-0.000125143255746523,0.000573290112527185,0.000281366687868481,-0.000755904221279853,-0.00247368942767528,0.000148682215168377,0.000288195717232067,-0.00010539601582722,-0.0013392565924173,0.000705618282892672,-0.000864108882288419,-0.00100768988820085,-0.000871249285282791,-0.00159178266333472,-0.000621325964819328,0.000648290073067934,0.000620976294396761,-0.000197884327555242,0.000605159981420738,-0.00176286110097997,-0.00102908963448271,0.000513373931983954,0.000298718960002053,0.000195049937460515,0.000494205894834835
0.0326969970173679,0.0441491427798631,-0.0418691357584594,-0.039286151363694,-0.042862686311537,-0.0382960729213327,0.0238069713638706,0.0230430205781426,-0.0541122851566469,0.0036294251919783,0.0241891141879484,0.00857692615616903,0.0206096803415664,0.0219770035869277,0.0170373370195126,-0.0483255044194523,-0.052188858353878,-0.0449025938017686,-0.0543020885769861,-0.00522658406991081,-0.0474256648556688,-0.0432399038284771,-0.0476199593798999,-0.050641054523252,-0.050191903344142,-0.0443604072259869,-0.0511895225705643,-0.0326029632235932,-0.0443348640173127,-0.0429241533845037,-0.045802986769902,-0.0435785150211061,-0.0389125636596729,0.000555035784183526,-0.000129688169487324,3.58546679402535e-06,0.000184411482756375,-3.69824830810649e-05,0.000240981194295966,0.000611446939230419,0.000515113789602502,0.000388139747670453,-0.00023222706689906,0.00099650395184951,-0.00133937486611683,-0.00147552699035967,0.00154715896944554,-2.82731302101096e-05,-0.000724097073140394,-7.33388322273324e-05,0.000890399237568589,0.00135609337424744,-0.000278263825941947,0.000979958471092039,0.000226369299569471,-0.000297968153505574,-0.000659507979022297,0.000109285606403873,-0.000117432685880116,-5.4149652714395e-05,0.000341308540572898,-0.000898191280476346,-0.000449952072550122,0.00127003503247314,-0.00161841404676491,-0.000458469778073252,-0.000784202883976033,-0.00108943344198292,-2.97240619607757e-05,-0.000443036902439844,-0.00133532803537269,-0.00108940480954421,0.000954298520222012,0.00124967301544981,0.00087173059684555,0.000191323196631055,0.00127170453935209,0.000194170114397243,0.000334131085481214,-0.000947384402362952,0.000791135871501434,0.000737384361216701,-0.00116370223785499,0.000362222693031582,-0.000189133854871965,-0.00144507402023883,0.000867425648709233,-0.00212042486434814,-0.0011800645699161,0.000295771195286655,-3.8007265911678e-05,-0.000552007093743775,0.0011773432912215,0.000529414427505338,-0.00126358722068024,-0.000254877095565458,-0.000623494769620696,-0.000326050503580081,-0.00112055733442511,0.000103988056690725
0.0299717807535241,0.0396907500908708,-0.0391111795667022,-0.0337865372968327,-0.0388660195869037,-0.0345322591199586,0.0218643984460908,0.0216004182354492,-0.0450115124718197,0.00468165615423985,0.0187368887407411,0.00740661347835611,0.0197365973903762,0.0170373370195126,0.0180346944686504,-0.0432922589856159,-0.0439816794165539,-0.0378491325990244,-0.046351815839412,-0.00275871289507849,-0.0411992103022825,-0.0399030004708722,-0.0409093525200404,-0.0432900623566503,-0.0436892844387362,-0.0388993662723273,-0.0448382244360472,-0.0288227777659756,-0.0374949056302283,-0.0365135737580122,-0.039188239193244,-0.0379807684910266,-0.0341615691268835,0.0005021622139768,0.000748243651748287,0.000456976175015379,0.0016777011334141,-0.000122616979016396,-0.000289003653078789,0.000808845214877145,0.000799531847441822,0.000776458377358489,0.00020600257952086,0.000794947402514865,-0.000480750669210354,0.000229969942215817,0.00134738503991194,-0.000446838863826597,0.000304701531243994,-0.00119499641400562,0.000646312697592077,0.00121280719193204,0.00022881385919545,-0.000254822995636846,0.00140200589919214,-0.00102310985630177,0.000324184874891037,0.000780347594559422,0.00054760884818968,-0.000881964511342956,-0.000379837590951467,-0.000387067138789913,0.001160198339381,0.00134772933934842,9.91833100963623e-05,0.000757800622407488,-0.000302206832448314,-1.45798155556616e-05,0.00130607559490207,-0.00128820453450312,-0.000686788422775893,-0.000195930830081249,0.000899760543914943,0.000353300425141852,-0.000564050271126085,-0.000350104024358945,-0.000393304091868839,-0.000188727098923337,-0.000759894829084346,-0.00365986717922072,0.000104973029946882,-0.000336273899175571,3.99324208404743e-05,-0.0016609804520152,0.000331350441048356,-0.00124788851852569,-0.000665486518540241,-0.000627168012660013,-0.00178832403537522,-0.000900648398217118,-0.000535887608707705,-0.000200373306016667,-0.000968615754359915,-0.000117321978581396,-0.00226126442894044,-0.000743110704600511,6.85199849815007e-05,-0.000548149236568173,9.01671804749796e-05,6.4909001593837e-05
-0.0878505334163811,-0.118888030176804,0.118846585521815,0.105711917809988,0.115688116374829,0.103713160528162,-0.0646335346747208,-0.0619052932123594,0.138326567494096,-0.0110385255374899,-0.0593255732699615,-0.0179500405044729,-0.052222365742478,-0.0483255044194523,-0.0432922589856159,0.143292498411138,0.138771909774166,0.119683418440459,0.145645119156667,0.0118437079543738,0.1296499544666,0.121018225717517,0.131067478009297,0.137822927106306,0.13780802777455,0.124643402516484,0.140671935289272,0.0935418644852798,0.120622071213427,0.120130780966089,0.123801687555919,0.118632499708766,0.112041001336552,0.000692123113095092,0.00048841694196586,-0.00284751104847754,-0.00214861958881451,-0.000112068335819954,0.000114542566284417,-0.00105095642773625,0.00133076665230471,-0.00187406254266616,-0.000646527852407969,0.000869802211228008,-0.00197953575901662,0.000652665311061973,-0.00162677086449712,0.000723269537970802,0.00226437831738543,-0.000624571452956274,0.00237660243915001,-0.00041973169907645,0.00106525943682789,-0.000361642532280013,-0.00245192526901965,0.00187888405656734,0.00192423011971063,0.000888310232166483,4.58421876580858e-05,-0.00150994740329293,0.00442709781715879,0.00238495453708792,-0.000456248668131732,-0.000621232242241456,0.00304142422113298,-4.52617734103462e-05,0.00127911538807666,-0.000786802602283688,-0.00110943829870572,0.000852334549713182,0.00228762885228835,0.00163396508539551,0.000596020656098285,-0.000205353753471643,-0.000374756095182733,4.43192528673339e-05,-2.0976848929341e-05,0.00156321439282781,0.00173550944452812,0.000293959869167103,-0.00135063271235889,-3.67847253350705e-05,-0.000484293505215819,-0.000289872367330765,-0.000836498449442318,0.00228622670761645,0.00241366326272096,0.00596447060813466,0.000486725634817258,0.00126788984248493,0.000514581323933316,0.00246136279273714,0.0005752215883645,-0.00162315608205838,0.000329961849557132,0.00312058935607419,-0.00209891369441288,0.00212724488722098,0.0014649840622528,0.000223656242767916
-0.088588833933041,-0.123024111120798,0.119897861364001,0.10953662139466,0.117811977132395,0.106457928202402,-0.0667258459897404,-0.0657512355555022,0.145323432637602,-0.0097774472635869,-0.0600836798447317,-0.0189734024415781,-0.0540307179548571,-0.052188858353878,-0.0439816794165539,0.138771909774166,0.14968846038566,0.123626264045755,0.151051696578079,0.0129932380598003,0.134083603539262,0.121456243584055,0.134053996915199,0.142166599222961,0.142777769823591,0.123998853551554,0.145803035378818,0.0938349931684518,0.122856382251881,0.123261650703087,0.124462891769561,0.122130189211813,0.112941947229677,0.00065458976029636,0.00220115918171152,-0.000678236653261472,-0.000609646761926288,-0.00127118867603527,-0.000571842409959241,-0.000126039506032236,-0.000197435917166089,-0.00141936563934386,-0.000189769459276809,0.000890703990123384,-0.0016348827328716,-0.000672742671876392,-0.00339333880829581,0.000956060255406851,5.58683702733803e-05,-6.83350831365617e-05,0.000540690165392036,-8.79743061621515e-05,0.000974862004235387,-0.000922632974967014,-0.00169927289715334,-6.21830279485355e-06,-0.000640697823391629,-0.00070137317784898,-0.00141952584520783,9.34161241763915e-05,0.00325922706055981,-0.000309052986729558,0.00019361148959354,0.000101591495033751,0.000232404635953907,0.000268186076078932,0.00228342084977901,0.00150167806293815,-0.00124303751250917,0.00268664465278409,0.00347778861589764,0.00284797081292061,-0.000394074801492254,-0.000149508749611433,-0.00115449669611411,-0.0014883142018993,-0.00120917830144217,0.00105072883234127,0.000767036669231292,0.00128593767067574,-0.00125519151106163,-0.000903580173564693,0.000199740870245375,0.00112033132518018,-0.00166342820855103,0.00159826412619843,0.00170046505138019,0.00436488991019467,0.00236747074213942,-0.000911040877236465,-0.00192380352642529,0.00110200211198661,-0.00112221509296078,-0.00229853728801824,0.000232171071727838,0.00389368910220164,0.00183918733430814,0.00181590956670753,0.00270655136066345,-6.0228860762468e-05
-0.0775834297883559,-0.104356672147918,0.103258328471169,0.0908434329092782,0.102052145417291,0.0894364764360186,-0.0557415714420124,-0.0542969455153686,0.124586132364304,-0.00859133938753738,-0.0528004616522851,-0.0154547086066857,-0.0457436613698911,-0.0449025938017686,-0.0378491325990244,0.119683418440459,0.123626264045755,0.110720533354833,0.128381461610324,0.0116869318797603,0.115726151455037,0.105410587287545,0.114288077203015,0.122556532686355,0.122515882460751,0.108946473372727,0.122204202237163,0.0788423115274844,0.105346192898767,0.104460946641868,0.106919094650977,0.105389056548645,0.0962485916082645,-0.00123244046993673,0.00102489372725576,-0.00301783521230309,-0.000283666258213741,-0.000896218108988074,0.000482992030600735,-0.00190289970489047,0.000662218782228563,-5.42756382493538e-05,-0.000420596387519871,0.000605259087628948,-0.000215901148741649,0.00158910567750669,-0.00320273662716796,-0.000161458399144476,-0.000103040242130013,-0.0017412388388542,0.0014893066955978,0.000704211988168603,0.00109299545192773,-7.08050413721466e-05,0.000255525936669932,0.000268973750766241,-0.000818915970151567,0.00159382568505364,0.00128575100832488,0.000267800892033656,0.00308808156136539,0.000650377214754543,-0.000566684708327904,-0.000217196370954771,0.00165268932839937,-0.000379936366400495,0.000149198587478077,0.00053409377924565,0.000581015529144402,-0.000497464061321494,0.00133712402823974,0.00089587532882302,0.000145782438611179,-0.000684378472399129,-0.00117078990108733,-0.000343123824564242,-0.00226009941081541,-0.000726880295879588,0.0018116921139004,-0.00125552797998524,-0.000613383555272051,-0.000553836361010987,-0.00080316554613547,-2.06974592062521e-05,-0.00038302950569809,0.00209141129320184,0.00215541125172637,0.00236555649999474,-0.000912707867382097,-0.00150342550478198,-0.00150674822368453,-0.000613070110921854,-0.00054230708664465,-0.00141835594361001,0.000271690960789714,0.00182749463329793,9.66192902916037e-05,0.00292044259843466,0.00146254855781211,0.000103014369827483
-0.0907870098411527,-0.125864324439993,0.124265451787057,0.113039094648882,0.12291144527098,0.110816416856787,-0.0686191465515628,-0.0662243426245026,0.149561294735402,-0.0104396664330387,-0.0637171297320571,-0.0197714473747921,-0.0566063340703833,-0.0543020885769861,-0.046351815839412,0.145645119156667,0.151051696578079,0.128381461610324,0.157479797632287,0.0134393658170364,0.137647580208099,0.127074088672076,0.138700209624146,0.146875342285433,0.147713557942833,0.129460056482651,0.15125441861509,0.0979009329783488,0.125665938206996,0.127852072248637,0.129456444400002,0.125834453718473,0.117460189488036,0.00108038423856046,0.000347601378008565,-0.00139621297523787,-0.000863396515020298,0.000728452407307259,-0.000481651383315498,-0.00162880197858917,0.000349353966452826,-1.093449155032e-05,-0.000944612015618702,3.57524758162573e-05,-0.000483249565183426,0.00180959754800964,-0.00323768520480178,0.000630790900208976,0.000187275019480823,-0.000645125671708111,0.00138489824728207,-0.000706625488084434,0.00112768786092798,-0.000526330303952639,-0.00156257392441711,0.000127613496773414,5.00311688663208e-05,-0.000357643960777551,-0.000913280779213025,-0.000178304999528404,0.00380378187475927,0.000359070305134473,-0.00123643567209914,-0.00143714378749047,0.00145817107722208,-0.000373590650057763,0.00148747173824777,0.00175042614282894,-0.0013914917004111,0.000713221217296282,0.00266375177914966,0.00195208629215769,-0.000232255279787569,-0.00076479626507684,-0.000516344657126145,-0.000898691276662833,-0.00194565142880938,0.000738627399142669,0.000459053825845623,0.00101428166751081,-0.00133784349355168,-0.00017660373637293,-0.000600687804409099,0.00010527582643658,-0.000344424246375237,0.00340982513897223,2.3509440549499e-05,0.00483027379008684,0.0023820770382617,-0.000593954589149787,-0.0016479155147683,0.00114077089245888,-0.000909245436480157,-0.00230120977182472,0.00211121153116611,0.0031497528105844,-0.000638530389333304,0.00126211238225854,0.00201630198161007,-0.000447458817407854
