0.0602336516988499,0.0779446490930629,-0.0757504652398712,-0.0666595131660395,-0.0731900730439117,-0.0643196550073032,0.0419685251476437,0.0403843343822478,-0.0892908950966384,0.00737595950093974,0.0369927535972363,0.0124715536549482,0.033594876219031,0.0316191999604476,0.0294054769019076,-0.0883330182809431,-0.0890024002386467,-0.0766830447843148,-0.0925653348485679,-0.0079972710010506,-0.0822332711128632,-0.0759605552379105,-0.0824479107357228,-0.0872180446517486,-0.0876567891871103,-0.076569459936633,-0.0909326274302582,-0.0580934423607151,-0.0785116546437536,-0.0759944507694499,-0.0785023846872432,-0.0754745071486635,-0.0702924528443736,0.000353403858144022,-0.0019981408164274,0.00250977183110108,0.00092384114818104,0.000959125638040624,0.000410372517695834,0.00166318993221543,-0.000787861340463663,0.00209412487229204,-0.000380838209984736,-0.000483578025081728,0.000503578423171335,-0.00054439144430354,0.00207860305599472,-0.000694887369909771,-0.00265136826823726,0.000156749708650772,0.000891558618518113,0.00144675378235737,-0.00094396628370388,5.42838548430473e-05,0.000664489795954532,-0.00097701268736772,-0.00152117251406203,-0.000141169201628625,-0.000357569631329831,-0.00210259687126249,-0.00412539223561949,8.34351295161564e-05,-0.000306552383478587,0.000882261880901721,-0.00163648582033042,-0.000461675861070727,-0.000936958501438877,-0.000411920300082316,0.00102023276887642,-0.000377591499993136,-0.00170005444586932,-0.00269923899435875,0.000544007752381174,-0.00032043702615268,-0.00110103605695602,-0.000395978336436268,-0.000564611377616425,-0.00137513887094121,-0.000553310314628514,-0.00243827082054775,8.51294961413314e-05,-1.71163894887982e-05,-0.00108419395052017,-0.00164949151035384,-0.00157006966042385,-0.00351980244449758,-0.00132042904606679,-0.00457106815201278,-0.00328980418646542,-0.00086052025007474,-0.00200972115097688,-0.00306658264334859,-0.000283313868594631,-0.00156483220986989,-0.00323776256517806,-0.00109834435626164,-0.00289681542195112,-0.00280371893559756,-0.00433539674510329,-0.00219109496534713
0.0779446490930629,0.10573944641257,-0.103180195011887,-0.0920260632486167,-0.101542858206027,-0.0900246605988665,0.0572488253954217,0.0551859593154083,-0.122662660133253,0.00948385822484525,0.0528560505658505,0.0170184754801389,0.0471407735224924,0.0446434373920698,0.0397103553512412,-0.11978590370216,-0.122327645313224,-0.104498435046186,-0.127043129401457,-0.0110230888502843,-0.112902371581059,-0.104351563013232,-0.113261178773351,-0.120354200692904,-0.120760712277708,-0.106086099970838,-0.123742122725313,-0.0803129747820387,-0.10566278573019,-0.105368772256309,-0.107582598869561,-0.103454260664543,-0.0959742083596068,-0.00030506389406697,-0.000533589751764297,0.00187119191555065,0.00109436575487919,0.000741417005361541,-0.000105727011957699,0.00104541735889014,-0.000168702183931031,0.00142757022900569,-0.000353995270848816,0.000191509265111343,-0.000209706960980066,-0.000551212355100551,0.00183637316232358,-0.00153379614563724,-0.00239135106582324,0.000257873929909073,-0.00111662644362565,-0.000144263075370145,-0.000700443159033696,8.45900051878157e-05,0.000988625217137424,-0.00138619170114206,-0.00106003110509095,0.000265246621472978,-0.000420580055049748,-0.000981545943722533,-0.00475332667404876,-0.000705490563220959,0.000553355767485642,0.000317821772743436,-0.000899503649487662,-0.000156583032069481,-0.00154625479035436,-0.00132476203099632,0.00126013945433033,-0.00157916192130225,-0.00271099033918042,-0.00237738044632687,0.00120587486701025,0.00045372194187173,0.000701980489430306,0.00043989874483738,0.00133013186860277,-0.00112463582256844,-0.00103317469082463,-0.00158320223350557,0.000898044854769515,0.000589181051381581,-0.000700961711280679,-0.000639209895832407,-0.000386746691306047,-0.00350139057421171,-0.00224808778137125,-0.00520976832298968,-0.00252140062102979,7.58588476698974e-05,-0.00118906312750097,-0.00169685005292628,-0.000613208343521526,-0.00071335417579235,-0.00268811826081441,-0.00175784828207512,-0.00141342232185386,-0.00194854403721031,-0.00376824220693365,-0.00145248950097688
-0.0757504652398712,-0.103180195011887,0.103027001203122,0.0906416713073652,0.100675938795386,0.0886211305248897,-0.0570131027006784,-0.0543659768844412,0.119018932929048,-0.00981946546049258,-0.050750273432684,-0.0155780133121052,-0.0461800241023346,-0.0427909842555359,-0.0389577938000028,0.118724803335113,0.120193614745656,0.103417648402285,0.124613531788877,0.0095258892886251,0.111393906760148,0.102948622406282,0.111168014720658,0.118138409707431,0.118617671960806,0.106594074485263,0.120830970449036,0.0788365282711583,0.103107998964461,0.102832019200365,0.104418207196002,0.101999072602462,0.0947961697409802,0.000641369722772924,0.000997150604655536,-0.00178092716788421,-0.000266257712909631,-0.000535183886330131,0.00174274409443743,-4.68281139789465e-05,-0.000142932116479063,-0.00183349229989632,0.000673493348932558,0.000718669403928029,-0.000608053458859353,0.000879800358647252,-0.00209035979594426,0.000363039926089841,0.000608318468640665,-0.000263930775283767,0.0012376721296485,0.000471341276361795,0.000152600751638666,0.000121095711751902,-0.00116222873672755,0.00175973639288397,-4.24737910643897e-05,0.000752180538639493,8.90647359808897e-06,-0.000135476839156273,0.00182785425970976,0.00178792088826807,-0.000918329545312578,-0.000581773356511367,0.000660500288182515,-9.29315515334667e-05,0.00160599606906683,0.000562459716123986,-0.000652012132693051,0.00187158141660752,0.00178498487442806,0.00157389096860224,-0.000593759931182759,0.000394120929526702,-0.000784062532387856,-0.000854040835816163,-0.000706734766235757,0.00106026582298245,0.00189006350388385,0.00029384237004551,-0.0012777580327944,-0.000114657895005694,0.000574700100287388,0.000115727695382746,0.000669844092867952,0.00267199010201969,0.00237923706356623,0.00533251928244937,0.0017264910119454,0.000333204284272209,0.00158841775346823,0.00185285238243355,0.00103879579336908,0.000569618011544003,0.000803624969525104,0.00251390186322567,0.000805218097562641,0.0025578170163081,0.00284982597083334,0.00196498364267126
-0.0666595131660395,-0.0920260632486167,0.0906416713073652,0.0815493372380933,0.0897952740135534,0.0797622018662307,-0.0500965422065232,-0.0485623013053901,0.10759535030003,-0.00839550451787942,-0.0460637695305072,-0.0143941048144429,-0.0416309329791243,-0.0390320239685023,-0.0346095052958669,0.104931649383186,0.108262771221866,0.0919982743491759,0.112151564410225,0.00946324935161407,0.0996403023535524,0.0919465056501649,0.099727902883593,0.105798999038863,0.106113951214889,0.0942646300380634,0.108419147886839,0.0706807528001874,0.0916653411339624,0.0925128260989422,0.0939932388134513,0.0910789722025774,0.0846648727206916,0.000185206519534582,0.000485670262790722,-0.00120785512141071,-0.000335978700084989,-0.000997369276811833,-0.000175946754052733,-0.000842648592885193,0.00055662892682728,1.9087458214438e-06,-0.000441797106715047,9.37018603682589e-05,-0.000787591051638389,0.00114672226882241,-0.00231668752370249,0.000530776370588152,0.00131509704644463,-0.000634886060715408,0.00152405013159765,0.000796140804842455,-0.000292272142173253,-0.00108474171079174,-0.00120194190814155,0.00063633898630791,-0.000265462276021888,-0.00071525853677774,-0.000199269881741376,-0.000113524228227578,0.0028334299228544,0.000604825325173292,-0.00106327129766522,-0.000729236484072317,0.000495588606757962,-0.00033311805919805,0.00202336210360588,0.0019056826987439,-0.000436423490268558,0.00274102559301996,0.00315693866169827,0.00050169235550308,-0.00118248995728599,-0.00121802433038232,-0.00156401744535399,-0.00120440683092153,-0.00174447555720293,0.00160135098659122,0.00168071755132728,0.00168567052154228,-0.00153225079984068,-0.000310321634173147,-0.000802666849986351,0.000203223891907434,-0.000389574017373504,0.00199689803657458,0.0021643666168696,0.00383491490020799,0.00188257847446739,0.000424496468818235,0.000120862742599539,0.00104180625234098,0.000483904283612186,-0.000117660127474831,0.00182400084295735,0.00239900359717554,0.000369738951870834,0.00188323200958617,0.00244467336130111,0.00110531693508739
-0.0731900730439117,-0.101542858206027,0.100675938795386,0.0897952740135534,0.099794862442089,0.0887608336720784,-0.0559329933464217,-0.0539480631941484,0.118628792477693,-0.00938576635412701,-0.0509530861033069,-0.0160674460988316,-0.0463010007117916,-0.0426983926238514,-0.0385090979397607,0.116176794137546,0.119325926493587,0.101640906305169,0.123650267210647,0.00985974731402275,0.110204936984404,0.102123020757753,0.110180721032507,0.116996849534108,0.117238285465779,0.105031908525241,0.120052080377114,0.0783330897394019,0.100850952560525,0.102673231216119,0.103570746948005,0.100537095240346,0.0935897121073078,-2.44774205849855e-05,0.000517084718383355,-0.0016903532203224,-0.000131347274743494,-0.00118011492658027,5.69477712969255e-05,-0.000505427957958287,0.0004235157206033,8.44884126504007e-05,-0.000335329471092318,0.000673821476716483,-0.00078269360970757,0.00149245537142023,-0.00230912211059156,0.000721680707659567,0.00123102172816957,-0.000380373335165335,0.00250815507589998,0.00139019717505316,0.000279491098504215,0.000170407706289656,-0.000465359090025652,0.00187732795402579,0.000572720364343525,0.000227224620277036,0.000636148504098396,0.000164855183846069,0.00261640686887717,0.00209249575554762,-7.67455141928457e-05,0.000397659038359956,0.00137584102478283,0.000547945809179944,0.00143772703998253,0.00133564447798109,-0.000935962042881823,0.0022031654303711,0.00215872309391407,0.00115434561502125,-0.000818037315891699,-0.000335451075022326,-0.00173904169661084,-0.00112320672794011,-0.00161124498488598,0.000707720597009424,0.00161637726409745,0.000564275640723496,-0.001365980681155,-0.000228297833810062,-0.000429073639122902,-0.000219026343222055,-0.000925890269260705,0.00201987742163031,0.00190339040964812,0.00418762420344896,0.000944686587825798,-0.000755867885599366,0.000267967591768423,0.000556140770109804,0.00073691782495219,-0.000421195556839073,0.000704417318840305,0.00258779371025093,-0.000489900129444682,0.0011520858694036,0.00192425137565433,0.000608183867810054
-0.0643196550073032,-0.0900246605988665,0.0886211305248897,0.0797622018662307,0.0887608336720784,0.0802551844473552,-0.0492202076470688,-0.0481781922708401,0.106553465160399,-0.00811162546373954,-0.045851844785398,-0.0149814451041383,-0.0416007372004429,-0.0376734624487975,-0.0344631127869633,0.10294382778946,0.106388351463346,0.0898406279333654,0.110411592645151,0.00933088779107611,0.0982235028957887,0.0911361768115283,0.0987087046820623,0.104457139481157,0.10441188612206,0.0932671842920388,0.1080188144832,0.0703359923221347,0.0892326041900434,0.0923419729414525,0.093221654927999,0.0894561504691306,0.0834533894460541,-0.000491407708595469,-0.000712566647567482,-0.000564237776150363,-0.00100647230129847,-0.000759557719013425,-0.000518421989661428,3.15718486243009e-05,-0.000862435435745236,-0.00054942205648687,-0.000817133461424903,-0.000843661116383679,-0.000495499651179033,-0.000218354162140482,-0.00186016982741324,0.000920455663883301,0.000180845576999816,-0.000508887178105474,0.00103002215775972,-0.000327744016312832,0.000247989597097823,8.51784524010792e-06,-0.00142237118487045,0.00137201581142324,-0.000269038452917562,-0.000471700754817985,-0.000399588780605616,-0.00103854779977558,0.000804597137940996,0.00084950836053847,0.000250778584069283,1.12622527317643e-05,0.00115781622766095,-0.000178880779651034,0.00123954771805097,0.0018549748203684,-0.00142677140920773,0.00167351449103699,0.00204744689700046,0.00135668253651644,-0.000726153156205856,-0.000575342046355904,-0.00168557375357862,-0.00109980485909409,-0.00200403441236406,0.0005367008969322,0.00125729786016953,0.000881720261589686,-0.000824500215940554,0.000804185443923954,-0.00120135924403834,0.000379120202799479,-0.00253634595924083,0.00160625130788695,0.00146087660979762,0.00295101180625939,0.000654894906617869,-0.00123992591363191,-0.0007317199853607,-0.000335679535540997,0.00107383504261296,-0.000733202814712868,0.0010530511444008,0.00252658645563141,-0.00141092538900137,3.23250286059059e-05,0.00124987594778688,-0.000577675136993371
0.0419685251476437,0.0572488253954217,-0.0570131027006784,-0.0500965422065232,-0.0559329933464217,-0.0492202076470688,0.0319641545968917,0.0304969156623466,-0.0658252425319194,0.00562406392509201,0.0280215400379542,0.0091057322128353,0.0260751373195197,0.0236596545456807,0.0221345111873312,-0.0652953382690361,-0.0664241128403737,-0.0568872725951905,-0.0689271522303855,-0.00492605623557885,-0.061512988183174,-0.0574302100670978,-0.0611174608331666,-0.065067326522835,-0.0651875641095453,-0.0587734300578528,-0.067434791960827,-0.0435865349603034,-0.0565699824604066,-0.0572866954685836,-0.0573363371488113,-0.0560700242656311,-0.0523329744407529,-0.000253346298090149,-0.000664105403718025,0.00152315870542134,6.35703069769012e-05,0.000403830659363936,-0.000574755951129203,0.000361168184518742,-0.00019876209078834,0.000426459918209195,-0.000282377697611427,-0.000829106374968417,0.000159398016445938,-0.00102993631204611,0.00126998915661389,-0.000376413635434068,-0.000710871432556667,-0.000259006656719256,-0.00131254003092997,-0.000624839350915757,-0.000463192817271472,-0.000699980591002609,0.00010350058524487,-0.00165167452943459,-0.000962357385946822,-0.000514306006486284,-0.000595849131657078,-0.000809561293507716,-0.00174332972731256,-0.00155109526711239,4.81335761516183e-05,-0.000127043747993557,-0.000938952168505951,-0.000615017445154352,3.94245801468531e-05,9.24516347726663e-05,0.000884765723672963,-0.000670184268951575,-0.000152018361626418,-0.00130474348208994,1.55704701330028e-05,-0.000753455570596697,0.000363782369774781,0.000341171970168168,6.75102436416187e-05,0.000473444582713139,-0.000221114169352124,0.000289311482377718,0.000641516193350989,0.00100044766820055,-0.000462930719171143,0.00083498927784895,-0.000316531152536424,-0.00142841674424812,-0.000271626040805475,-0.00280913729651196,3.16017355922242e-05,0.00123532726783675,-0.00106909989484267,-0.000412534345596285,0.000312652690573839,0.000191649748970594,0.000314495536146627,-0.000808935487161315,0.000110454268533114,-0.000524595274447498,-0.00111638593685696,-0.000474203405997714
0.0403843343822478,0.0551859593154083,-0.0543659768844412,-0.0485623013053901,-0.0539480631941484,-0.0481781922708401,0.0304969156623466,0.02971913671585,-0.0643365348416014,0.00541596288517624,0.0270006818738631,0.00927913254202084,0.0254972303476603,0.022644363546436,0.0216684172774804,-0.0626303658091939,-0.0646480600889308,-0.0546227734399361,-0.0671265536806263,-0.00513545196311536,-0.0595853344285682,-0.0557620196854902,-0.0593822651774807,-0.062872441688528,-0.0628217593899564,-0.0563909065586839,-0.0661450709384187,-0.0423738859895001,-0.0542580015992541,-0.0558585283933092,-0.0558688669497947,-0.0541085290252224,-0.0507712360748009,0.000247873793307974,-0.000393960253269006,0.00121145382992499,0.000415240823914105,0.000566180401530858,0.000464267215113452,0.000642441929116987,-7.85052365333536e-05,0.000135014060356885,0.000426760688063857,-0.000227531000483459,0.000456046367126277,-0.000633591275865755,0.0016576503929103,-0.000293622850690203,-0.000558245154569166,-8.35629614066494e-05,-0.000558828612372474,0.000283266441376682,-0.000285030450369285,-0.000125474469295652,0.000647884766086299,-0.00117171917482189,-0.000592533915403478,0.000287588156021504,2.89160675168191e-06,-0.000534438566516128,-0.00130007395275824,-0.000632500877094456,-0.000107001492150881,0.000383479215454817,-0.00111050213654814,-0.000278174621755747,-3.05042859493717e-05,-0.000623536193207838,0.00107318184886793,-0.000919260224378919,-0.000619427241300338,-0.00108976672207402,9.80979021491008e-05,-0.000209944465615228,0.00046347756591373,0.000523289127876918,0.000322265313775333,0.000224485447833777,-6.95161509266569e-05,-0.000688038401572984,0.000582933778830717,0.000613003653753175,0.000503604999971048,0.000483988546580455,0.000612082164920986,-0.00117866358309919,0.000121529949346008,-0.0020859401889594,-9.62479128060277e-05,0.00137359567342854,-0.000377178085695328,-0.000114195825513776,0.000509780323362058,0.000529343221966363,-0.000295187514559777,-0.000959321828018489,0.000488775680928075,-0.000151821128538607,-0.000977832593715081,0.000110952043495614
-0.0892908950966384,-0.122662660133253,0.119018932929048,0.10759535030003,0.118628792477693,0.106553465160399,-0.0658252425319194,-0.0643365348416014,0.145727227042179,-0.00982648338496409,-0.0621866743329567,-0.0201776972576012,-0.0544828909290367,-0.052352988331285,-0.0447782719108718,0.13918707679056,0.145335561345034,0.123493665977876,0.150069537697416,0.0143389758072721,0.133370429722265,0.12220191956105,0.134178117143951,0.142185526481484,0.142636737655982,0.123821218663261,0.145032815368444,0.0943967999517591,0.123409196367086,0.123973396949789,0.126668310178337,0.121464372719952,0.11271653925998,-0.000702810621247134,0.000593697164724571,-0.00198091945069188,-0.00181704249862415,-0.00154773243441361,-0.00192682662920624,-0.00169414771502312,0.000360403336095667,-0.000462688249184836,-0.00101098345890474,-0.000397588015242346,-0.000468561576966879,0.000129020221815388,-0.00269700557383291,0.00163987877772694,0.0021472398260098,-0.000928767223079719,0.00131834127590062,-0.000331782550122259,0.00118994616681965,-0.000314967303084476,-0.000418219298606131,0.000432352032980768,0.000926545367313045,-0.00073504090802464,0.000390621587095289,0.000224629734390659,0.00500333466750733,7.7773172956818e-05,0.000618729848494219,0.000347500797137613,0.0017001393320261,0.000486962787231184,0.00165652334978203,0.0016104135147821,-0.00105728939061149,0.00101018910723484,0.00351516017517168,0.00254103109471943,-0.00116857725377946,-0.00115222185027015,-0.0011502032642686,-0.000257045907899014,-0.00243752137786732,0.000946898351157783,0.00114457943131127,0.00175074450826432,-0.00101577023256395,-0.000136779377185743,-0.000386772438126998,0.00155182839819752,-0.00187974073360178,0.00291508617860778,0.0020236284563212,0.00382283439953466,0.00207791444961102,-0.000643332350262502,-0.00189722944487285,0.000345631379587886,7.89501172415699e-05,-0.00131286851087047,0.00284159671508415,0.0023786350008707,0.000500363825724257,0.000918964680097277,0.00295330307398694,-0.000427460592227574
0.00737595950093974,0.00948385822484525,-0.00981946546049258,-0.00839550451787942,-0.00938576635412701,-0.00811162546373954,0.00562406392509201,0.00541596288517624,-0.00982648338496409,0.00183557329541052,0.00394748660640328,0.00145841146930561,0.00489279745298375,0.00318411379084576,0.00478742534387489,-0.0110320928585053,-0.00989163186140669,-0.00828512295159654,-0.0108644523444278,-9.05904142140451e-05,-0.00948456395958894,-0.00964571507398614,-0.00934873703584373,-0.00978538753463584,-0.00962088246012785,-0.0100374213715948,-0.0117090771972525,-0.0072016007539993,-0.00868583344771548,-0.00934896478810528,-0.00925689016323779,-0.00895969357453452,-0.00869622589422946,0.000277753775905827,-0.000332097952917096,0.00039170621045427,-0.000711028443169196,0.000549385976175854,8.89591715018595e-05,0.000179477244870271,-0.000679808464961555,-0.00042386144693987,0.000185845632870853,-0.000445118100173125,0.000753063078930952,-0.00110836871881425,0.000679811656362779,0.000364057915407305,-0.000863906056901408,3.61836166638792e-05,-0.000363438765272687,-0.000497982801051782,0.000470650425277764,0.00019405478794868,0.000495001095757447,-0.000872781062804694,-0.000145540411466167,6.95418900645323e-06,-0.000110861393947945,-0.000690438038873948,-2.14383080287685e-05,-0.000595966366567437,-2.82793617948288e-05,0.000203755720614574,-0.000656705426507559,-6.8671443197499e-05,-3.01187060918239e-05,-0.000422096024380968,0.000721125414504476,-0.00085504563138948,4.32077514703385e-05,-0.000175964248143275,-7.30404961363586e-05,-0.000218049923235431,-1.01378057238936e-06,0.000304658695876911,-0.000486761148746588,-0.000198700509317007,-6.33113065387814e-05,-0.000626978334291934,4.46754374296532e-05,-6.29356341021017e-05,0.000386052638109304,0.000606098384337061,-0.000269413819516818,-0.000379740023310053,4.88914638978308e-05,-0.00112734784979507,-0.000219405405759147,0.00017966670476323,-0.00123841033314386,-0.000355407702910847,-0.000260297353317994,-0.00073617361930423,-0.000183241820019761,-0.000317205517897204,0.000184699851639269,-0.000453400577175627,-0.000461695369876032,-0.000672208117328452
0.0369927535972363,0.0528560505658505,-0.050750273432684,-0.0460637695305072,-0.0509530861033069,-0.045851844785398,0.0280215400379542,0.0270006818738631,-0.0621866743329567,0.00394748660640328,0.0289388347747651,0.00871920751216683,0.0238733937328092,0.0238654101549758,0.0191348842499076,-0.0594150891576492,-0.060819259697277,-0.0517229957432219,-0.0633396167490653,-0.00642164647485956,-0.0562546775753914,-0.0516534084992601,-0.0571599394749049,-0.0611906541009385,-0.0613829460920379,-0.0528363604846198,-0.0611382908816204,-0.0407927318170662,-0.0529915316054271,-0.0536454313936088,-0.0552018324990792,-0.0519532840006239,-0.0474845131728369,-0.000680617408783474,0.00162884025163443,-0.000357122802179065,0.000946091108683338,-0.00012594069079038,-0.000514755898538684,-0.000363977423935664,0.000783175779596433,0.000648179112513264,-0.000553507652053679,0.00143019992932463,-0.00146058258355795,0.000626382462350944,-0.00059691828300877,-0.00203723375066145,-0.00141950504683714,0.000315563039004982,-0.00175117560859296,-0.00125737003584609,-0.000381551251981226,-0.000160631923908595,0.000505412355612224,-0.000620778904654768,-0.000247654008325434,0.000342704519665643,-0.000489363109035819,0.000521111006910394,-0.00311281891832088,-0.00049318791354375,0.000657608418106238,-0.000920913454787362,0.000592090971108204,0.000255161623867367,-0.00139709692403146,-0.00133720893748498,0.000787549307313476,-0.000887710044823285,-0.00213777149385183,-0.00122015374591049,0.0013769527845772,0.00106984139216527,0.00146856531391226,0.000327674015352228,0.0023676846329124,-0.000595053765921451,-0.000767723818764836,5.86054431109242e-06,0.000373351661913011,2.66558694731916e-05,-0.000750850364805051,-0.000336899583971853,0.000688338342140652,-0.00185334302062302,-0.00244058821368428,-0.00255396381626253,-0.00119382062149684,0.000103410892498419,0.000147018886366365,0.000232997832286646,-0.00149804676555227,-0.0005050502434467,-0.00171812255993622,-0.000822507952580276,-5.09413804493682e-05,-4.70114688231349e-05,-0.00157886059628894,-0.000163929771066666
0.0124715536549482,0.0170184754801389,-0.0155780133121052,-0.0143941048144429,-0.0160674460988316,-0.0149814451041383,0.0091057322128353,0.00927913254202084,-0.0201776972576012,0.00145841146930561,0.00871920751216683,0.00411371584183084,0.00838322966703367,0.00706063229725886,0.00733234277114764,-0.0177832531350274,-0.0194798722359917,-0.0156093512686201,-0.0202448906108929,-0.00166229472182943,-0.0177026224617995,-0.0172276230277063,-0.0177030954041274,-0.0186204375680507,-0.0184450597977906,-0.0158203540856702,-0.0210051053458691,-0.0128076379435743,-0.0158363824927152,-0.0176775710772395,-0.0168159634347364,-0.0155168371670126,-0.0148100980368125,0.000100365110234346,0.000530948000318821,0.000385462168179864,0.00122116907839605,-0.000458503765245397,0.000709509249995095,0.00034107502788063,0.0010752571356775,0.000582389963573227,7.40288520985918e-05,0.000843165689301909,-0.00107731538627461,0.00089422897759334,0.000199166647978468,-0.00113370114826427,0.000144911139390768,-0.000743666897864132,0.000556279413103297,0.00145862009095283,-0.000939724928488506,-0.000661422103836878,0.000120728606494383,-0.00075875854092549,-0.00121046022435986,0.000579815420740481,-3.29475896942294e-05,-0.000612745369301674,-0.00114631709728738,0.00012769214641791,-0.000388807922898287,0.000289049381135025,-0.0005492025269958,-0.00042770329648943,6.56461925055694e-05,-0.00103589068495075,0.00050841386974161,-0.000362029175938281,-0.000546284232504957,-0.000290605633097824,0.00060564170396279,0.000371918294740476,0.000605468775844654,0.000522709432506891,0.000621064895307319,-6.04922975483024e-05,0.000233725998561473,-0.00122093607495338,4.72971389781208e-05,1.76659433530518e-05,0.00026489075187364,-0.000591108328392694,0.000841285228157403,-0.000779254629344087,0.000361155084856269,-0.000251574365236242,-0.000444202983289694,0.0010838744065432,-0.000389984724601333,-0.00058577632304304,0.000137672191640476,6.9629722179787e-05,-0.000969634217079226,-0.000305310017025017,8.04215743322593e-05,0.00064715202187096,-0.000853791770248381,0.000524736071053958
0.033594876219031,0.0471407735224924,-0.0461800241023346,-0.0416309329791243,-0.0463010007117916,-0.0416007372004429,0.0260751373195197,0.0254972303476603,-0.0544828909290367,0.00489279745298375,0.0238733937328092,0.00838322966703367,0.0227632075597502,0.0196921935651221,0.0193862488850581,-0.0527723084779169,-0.0542720832854281,-0.0451842052111131,-0.0567649956981311,-0.00402169422197716,-0.0501482815565266,-0.0476808801908845,-0.0500363615936897,-0.0531043793565733,-0.0528821498908773,-0.0479897049166072,-0.0566481961763129,-0.0363117483314054,-0.0452855921603036,-0.0481901993140196,-0.0475871769711113,-0.0456142696828904,-0.0428187059247067,-0.000316550167512588,0.000896605311766976,0.000273824763652216,0.000605669549594398,-0.000184965413383291,-0.000157842264880015,-2.22810576353091e-05,0.000853261005085611,0.000317736406719162,6.77437968052962e-05,0.000796690275846923,-0.000535767657503682,-3.24281949418654e-05,0.000832029029685487,-0.000890776339491569,-0.000158880142475277,-0.000422564427976628,-0.000610276731732503,0.000195990089566797,1.85268082640159e-05,-1.08459668687821e-05,0.00130614559703568,-0.00141044028143086,-0.000285136047752138,0.000811722605383001,0.000351589532792326,-5.78515867930856e-05,-0.00100167019793135,-0.000557341078056118,0.000727727876487232,0.000705963749743649,-0.000227343750765722,0.000252396641033024,-0.000498935520640801,-0.00165539607191922,0.0011444093908539,-0.00190091672151144,-0.0011515906874458,-0.000334185031850549,0.000758603130852136,0.000466598362552337,0.00135640562600803,0.00122384483202534,0.0010814875270705,-0.000215204891865569,-0.000281819262246811,-0.00104390368049053,0.000729101127835242,0.000438654107676223,0.000720893391568662,0.000683836926195336,0.000792705264738976,-0.00118383222160367,-0.000382728607445826,-0.00209840182374558,-0.000314223077951426,0.00130772964283242,-0.00109392564251822,-0.000212105689095394,-0.000209500657516815,-0.000136205362992308,-0.000672882937657598,-0.00104784369873705,0.000838984674243929,0.000120448989219312,-0.00105591816749978,-7.45876687098328e-05
0.0316191999604476,0.0446434373920698,-0.0427909842555359,-0.0390320239685023,-0.0426983926238514,-0.0376734624487975,0.0236596545456807,0.022644363546436,-0.052352988331285,0.00318411379084576,0.0238654101549758,0.00706063229725886,0.0196921935651221,0.0205623359825212,0.0156502436298445,-0.0497536851782591,-0.0519580081678857,-0.0443441139919669,-0.0536647999528943,-0.00547730652075561,-0.0475800197583383,-0.0433556704838535,-0.0478821594626395,-0.0514308404373464,-0.0517793445247392,-0.0439697741273692,-0.0508373171497096,-0.0337770874797449,-0.0449409666716539,-0.0445171921089848,-0.0456504513177628,-0.0437339754334975,-0.0399233074950251,-0.000808161727473531,0.000359970164374487,0.000485134936670202,0.000470751556304289,0.000173743581668029,-8.24032092975839e-05,0.000600805131092182,-0.000437122453689448,-0.000343875146223758,-0.000390003603396544,0.000239722484964016,-0.000984892144545984,-0.000529190024704691,3.82113666500086e-05,-0.00141383176389143,-0.0017513199560063,0.00019037134829644,-0.00205518373476007,-0.00176715667088806,-0.000319411084620911,0.000238016417472303,-0.000281616568305849,-5.18214839876589e-05,-0.000689025361850806,0.000430772238500081,-0.000805020153233581,-0.000441564637311249,-0.00413717343522313,-0.000365684518732288,0.000941481312736857,-0.00059185285274881,0.000530065441907939,-0.00014672219625992,-0.000997819578350896,-0.000707172172573217,5.45251362481129e-05,-0.000917733578208266,-0.00196967793671565,-0.000599509210976881,0.00111520907876037,0.0010311456330974,0.00108444856392569,0.000171559967794696,0.00170388698906018,-0.000375114734203831,-0.000373613751705865,-7.32646598021754e-05,0.000800987325680196,0.00136845321573127,-0.000774067372149561,0.000228359953223696,-0.00042044248844689,-0.00141610911930447,-0.00159580755123145,-0.00199574843245701,-0.000891502093628471,-2.86669788010484e-05,0.000275880717816495,-3.53546103380543e-07,6.06050307073021e-05,0.000155068373027812,-0.00119517346609576,-0.000263998652579294,-0.000696006079539374,-0.000459301199934711,-0.00140758724255934,-0.000372411494031384
0.0294054769019076,0.0397103553512412,-0.0389577938000028,-0.0346095052958669,-0.0385090979397607,-0.0344631127869633,0.0221345111873312,0.0216684172774804,-0.0447782719108718,0.00478742534387489,0.0191348842499076,0.00733234277114764,0.0193862488850581,0.0156502436298445,0.0173713362686762,-0.044259704832277,-0.0444867887605207,-0.0369110372981227,-0.0469310076738826,-0.00269963497844274,-0.0413430130321562,-0.0400459514585396,-0.041124024203772,-0.0433901034569598,-0.0431011082925153,-0.0399137360049886,-0.0480962314571731,-0.0301447673534563,-0.0375573149658877,-0.0400737185289739,-0.0393637444313095,-0.0376189921994386,-0.0356947142107703,-0.000160948757022022,0.000518619098814788,0.000458104836571573,0.000635439279587962,-0.000341121612044843,-0.000296740367864359,6.49717354627266e-06,0.00104531026589897,0.00108119269130979,-0.000129863571675756,0.000814654516370718,-0.000428089655855982,0.000173399767141896,0.000956511671364726,-0.000667974934522894,-8.26513896174858e-05,-0.000681994250416572,0.00057407820224345,0.00127872388867274,-8.21442503786475e-06,-5.6841070916141e-05,0.00168240610642332,-0.00168063178026104,-0.00044553806491124,0.000735920608807317,0.000624612746703485,-0.000517007339743816,-0.000414463381665341,-0.000325458585463994,0.000605040906464882,0.00136250200758671,-0.000503515518163052,0.000309590894722234,-0.000498887201168697,-0.00177983079667741,0.00124204744527526,-0.00196369472037156,-0.000927867693625538,-0.000353970402862216,0.000712659036046539,0.000207792759800411,0.000813005833816221,0.00126243134590396,0.000304326409997439,-0.000710590788070175,-0.000328798698033202,-0.00191970150736493,0.000434850678165323,-0.000148990166704784,0.000687358160395052,0.000145448582291818,0.000238738937610731,-0.00152172744244407,-0.000224778825886715,-0.00239021368636134,-0.00107008786685063,0.000813323528317955,-0.00228324651274228,-0.0013812353821221,-0.000540871720631917,-0.00108995582330573,-0.00126939948634618,-0.0011123856975964,0.000157733145121497,-0.000522383703803931,-0.00178369061493416,-0.00082038330612737
-0.0883330182809431,-0.11978590370216,0.118724803335113,0.104931649383186,0.116176794137546,0.10294382778946,-0.0652953382690361,-0.0626303658091939,0.13918707679056,-0.0110320928585053,-0.0594150891576492,-0.0177832531350274,-0.0527723084779169,-0.0497536851782591,-0.044259704832277,0.138588667040558,0.139446632944256,0.120304798260829,0.14495613236173,0.0125104827323176,0.129388057504254,0.118695524663726,0.130099829564576,0.138081841569992,0.138624534886928,0.123210833953584,0.140466654481024,0.0920766305608948,0.121185790540383,0.119524050398279,0.123518703446821,0.119312998000438,0.110518034734488,-0.000217033732785756,0.00107527268140958,-0.00167877620002313,-0.000116662018071073,-0.00169883631727259,0.000834945556296767,-0.000359152074939304,0.000846098979018546,-0.0017593455393688,0.000114464156365845,0.000463851818827986,-0.00168478016974223,0.00108345126780638,-0.00238308885830429,0.000231424728190351,0.00238606011685428,-0.00148106370711341,0.00132398228521173,0.000888066435839151,-0.000181808104754287,-0.000510110744865753,-0.00165693936383687,0.00123938479297711,-0.000656803502766975,0.000706729700608033,1.7236498322195e-05,-0.000344738618494262,0.00251706283610686,0.00113005654310777,-0.000226903335917563,8.59608977668261e-05,0.00119890130329284,-0.00044853769721356,0.00169574125421375,0.00023152037307163,-0.00168352862811272,0.000891117408309069,0.00202876118738031,0.00344332650512243,-0.000208924524483565,0.000565259242391294,0.000167727572625209,0.000223223079744817,-0.000671844345134784,0.000936436330763517,0.00163140834737978,0.000172391819723952,-0.000599127365579415,0.000482512875351706,0.000735726061208722,0.000436025012825893,0.000178457257248315,0.00332563040494602,0.00296772138501324,0.00618028645358022,0.0021431175043668,0.00058305619757462,0.000529220220951533,0.000827645625289687,0.00152624020201292,0.000722855334616025,0.00178152609232029,0.00236065228639847,0.000877570804500027,0.00269035963534911,0.00316740744890574,0.0017466253330066
-0.0890024002386467,-0.122327645313224,0.120193614745656,0.108262771221866,0.119325926493587,0.106388351463346,-0.0664241128403737,-0.0646480600889308,0.145335561345034,-0.00989163186140669,-0.060819259697277,-0.0194798722359917,-0.0542720832854281,-0.0519580081678857,-0.0444867887605207,0.139446632944256,0.146980034124901,0.125108827733356,0.150927292393083,0.0135231488907385,0.134491729159608,0.122940773127802,0.134306045539724,0.14231062430455,0.14294292193551,0.125130597594251,0.144627285604213,0.0939869369020565,0.122955911179922,0.123312080109089,0.124901004322419,0.121774238556629,0.113281983268917,-2.95566830486952e-05,0.00147075675819346,-0.00230075191200236,-0.00174898794528817,-0.000973652220952067,-0.000924815935084958,-0.00161321632532604,2.38111860996345e-05,-0.000737212180275787,-0.000904714225063041,0.000411182672922236,-0.000866759904697316,0.00017281126811792,-0.00347987835869636,0.000559329466644317,-5.93364494156826e-05,-0.000603546106113139,0.000754443056051553,-0.00097456845053332,0.000866353978789386,-0.000722683840084195,-0.000572831273332755,-0.000173635339312075,8.29297834467926e-06,-0.00067970466466214,-0.000505499158053561,-0.000585907761277114,0.00325919655299883,-2.89580753494604e-05,-0.000489433060821153,-0.00102518889732013,0.000996453921207489,7.65113510293136e-05,0.00159564408668232,0.00102437159498389,0.00021969762922305,0.00156148785364488,0.00324664840168554,0.00114112432653221,-0.000787404551493376,-0.000908256348276236,-0.00125794682364223,-0.00085548514363946,-0.00199307102675524,0.00090080951056093,0.001547050341354,0.00128255254855379,-0.001967313891678,-0.000956184240624482,-0.000838619790724232,0.0010549383567127,-0.00124139282838492,0.00198905128705551,0.00136376190184921,0.003212763783977,0.00137406895121721,-0.000371413968741583,-0.0021191353104389,0.00076921121892098,-0.00118984010726338,-0.00245741335522266,0.00127602467775107,0.00275612730343769,0.000499910066919072,0.00157367803964428,0.00226118340231499,-0.00024284029423686
-0.0766830447843148,-0.104498435046186,0.103417648402285,0.0919982743491759,0.101640906305169,0.0898406279333654,-0.0568872725951905,-0.0546227734399361,0.123493665977876,-0.00828512295159654,-0.0517229957432219,-0.0156093512686201,-0.0451842052111131,-0.0443441139919669,-0.0369110372981227,0.120304798260829,0.125108827733356,0.10791314123891,0.128402685922324,0.0116360059795221,0.114916529338025,0.104249260738056,0.11484973291814,0.121996700581934,0.122821190368532,0.107364646537897,0.122133059104864,0.0800346702487286,0.106393454260179,0.104362740599614,0.10683817979821,0.104617964307579,0.0968535392252583,5.43833347170698e-05,0.00204790581496731,-0.00240402541391647,-0.000840983281540912,-0.00122551929340683,4.35513370740094e-05,-0.00120675526736118,0.000799386680768419,-0.000952884476430851,-0.000191232045516365,0.00134307845598636,-0.00115954415074548,0.000754451651321433,-0.00264132946016129,0.000132821945484771,0.000666961986514704,-0.000896241260915243,0.00131353584470508,0.000296337142011816,0.000859045084543553,-0.000114579645098988,0.000279468799955498,-4.70437115970428e-05,0.000131658468300216,0.000676558662207358,0.000333603214521805,-0.000256129591322533,0.00308580159486064,0.000748464202934745,-1.30355507068467e-05,0.000116357496086183,0.00100010389204102,0.000446808654679745,0.00106120335855072,-0.000693737471882333,0.000236852163227031,6.32663617988371e-05,0.0018275347097063,0.00201722018542315,-6.13908867565389e-05,0.000277890109166418,-9.55590898479153e-05,0.000257322666659077,-0.000911883850407649,0.00025029663286299,0.00130937659827916,-0.000450835046056225,-0.00129390013768502,-0.000916409095520084,0.000641550973449946,0.000753159080153813,2.36959707210101e-05,0.00194756284819988,0.00159753308536459,0.00348083782830106,0.000989741520294722,0.000148682257216679,-0.001680605928354,0.000564334027228122,-0.000758188835803894,-0.00179152692995428,0.000390833651475572,0.00192173349083985,0.00105701954308501,0.00190661452042675,0.00190840501130489,0.000350179174459884
-0.0925653348485679,-0.127043129401457,0.124613531788877,0.112151564410225,0.123650267210647,0.110411592645151,-0.0689271522303855,-0.0671265536806263,0.150069537697416,-0.0108644523444278,-0.0633396167490653,-0.0202448906108929,-0.0567649956981311,-0.0536647999528943,-0.0469310076738826,0.14495613236173,0.150927292393083,0.128402685922324,0.155819696968757,0.0139156158108202,0.138588307325721,0.127223181703179,0.138788643342722,0.147082299205111,0.147529280654838,0.129669498011031,0.15044037306807,0.0977546942282979,0.127442677801619,0.128083011151375,0.130351608096142,0.126211015894389,0.117391691273363,-0.000255194847104162,0.000978374580517162,-0.00201720493070404,-0.00138068627851947,-0.00135056560326461,-0.000972623265665623,-0.00147815818025617,0.000363956352677618,-0.00065094531853466,-0.000949944031104074,4.40403835344964e-05,-0.0011223600799953,0.000542018341349135,-0.00335518697712587,0.000642149985335585,0.00112930143780936,-0.000915312402524515,0.00101835953692203,-0.000433514381396703,0.000390446144214469,-0.000947283556804537,-0.00133084455433673,0.000316856039792192,-0.000171381701189052,-0.000855185497196177,-0.0005064027882459,-0.000365462210360526,0.00348575485071677,-2.86042021005192e-06,-0.000484477847030718,-0.00085084339622608,0.00116849626633427,-0.000241831704174185,0.00147578139505759,0.00125016260059895,-0.000925043049677974,0.00164702136811191,0.00309832619655331,0.00207700507737399,-0.000687336690854662,-0.000698047149235383,-0.000982728780993143,-0.000635464726051286,-0.00182766379039477,0.000702594072741365,0.00116729313437667,0.00136268103718364,-0.00156354678383914,-0.000838522350410693,-0.000795367824814312,0.000459882290201041,-0.00125084783162795,0.00251653821557915,0.00152158589849514,0.0041823158536607,0.00143683557915234,-0.000716710585973117,-0.00142851257923558,0.000262783999546361,-0.000687668173766675,-0.00166379125170978,0.001726505058551,0.00248600861200472,0.000170281908574325,0.00145159458225297,0.00251028442141717,-3.30147158792801e-05
