0.0603539239853737,0.077751745590552,-0.0758731792259454,-0.0663681859222987,-0.0733556172935148,-0.064384659470525,0.0418233219429069,0.040247913034816,-0.0893540951214422,0.00734590478700991,0.0369668000743168,0.0124634116367688,0.0336850334440603,0.0311171928710343,0.029605247500893,-0.0881147275128771,-0.0888355376568924,-0.0769640103073954,-0.0924232679482041,-0.00785365074717113,-0.0820196824230837,-0.076526784868902,-0.0824915619396999,-0.0870197467444316,-0.0879859046276735,-0.0750248795961124,-0.0918404058433218,-0.0583673048821821,-0.0783915778348401,-0.0765662269858896,-0.0786373820340165,-0.0756060425673197,-0.0699231089080245,0.000454986239694745,-0.00202300985932104,0.000983563296182577,0.000246419027620565,0.00100542947529803,0.000506080364085384,0.000808843410863242,-0.000781673411755675,0.00195161206505909,-0.00018046261461053,-0.000438904295179562,0.000500436564169789,-0.000472184351018621,0.00214333664692216,-0.000801732229225178,-0.00247592818020965,0.000301420088096717,0.00093420212274187,0.00135466586530659,-0.000940728315532737,4.00923209910587e-05,0.000486990238398215,-0.000828852063593543,0.00038471858532247,-0.000315436758879348,-0.000224359721244858,-0.00247262155641876,-0.00415980240074569,0.000910662839320647,-4.52035904580473e-06,0.00087113523807166,-0.00137486495624833,-0.000160950763684875,-0.000775802733414321,-0.00140928093125777,0.00090279490825928,-0.000828049763026482,-0.00154597547571496,-0.00283163958646972,0.000494848700129211,-0.000277517135711435,-0.000815878059070141,0.00055831219415685,-0.000107037575610207,-0.00139929309214634,-0.000525009510696181,-0.00262386903705632,-9.51617160199346e-05,-4.85637829787395e-05,0.000443874763392399,-0.00106436032025539,-0.000408236751780902,-0.00357715976410683,-0.00113098948991636,-0.00428082185870384,-0.00321296612451843,0.000859603306655607,-0.00153138646530817,-0.00164274258641746,-0.000639331982402013,-0.00152148689761829,-0.00292839941829341,-0.00102558209842487,-0.00213857726766252,-0.00295867837336108,-0.00311118617147901,-0.00189713179361974
0.077751745590552,0.106312199836538,-0.102818398184096,-0.0926575792251092,-0.101356162108647,-0.0895954621954683,0.0575188306037834,0.0556157796820071,-0.122877682865392,0.00978047050155072,0.0531736772796113,0.0168546745448997,0.0470766954594934,0.044371296423251,0.0394075581019508,-0.119696013236006,-0.122722349281089,-0.104287240501532,-0.127058709146634,-0.0114119460665816,-0.112924449495354,-0.104813493890536,-0.113071309698151,-0.120891851146671,-0.120031159637663,-0.10592840950177,-0.124075627517373,-0.0810690271170774,-0.105776238485818,-0.105995760665207,-0.107529093918434,-0.103229284900773,-0.0963259352973214,-0.000256210754219276,-0.000590938897535754,0.000841202636416411,0.000440687104922491,0.000995860481462292,-0.000355885067544618,0.000285612138743609,0.00053429798434554,0.00167182763826069,-0.00110179403534499,0.000418820828160818,-0.000421559071877447,-0.00100774792145217,0.00171297301766332,-0.00137450847088283,-0.00279266586943224,0.000379568615048094,-0.00116692969122648,-0.000401672499506421,-0.000607361445571275,0.000362591986797008,0.00134194822677966,-0.00157964324808911,-4.01946683547282e-05,-0.000298271082833681,-0.000801248123239374,-0.000489162777562737,-0.00437780734732422,-0.000636890339344054,-0.000213725070061941,0.000339034783226285,-0.0014410165786667,-0.000659332407396043,-0.00154225345126171,-0.00160590658711327,0.00135310734890466,-0.00209538286981687,-0.00290585918142413,-0.00252642183279782,0.0012220491081118,0.000215631010904582,0.000936408370620545,0.000877254869872906,0.00150034200966763,-0.00106607529994456,-0.00111767164574819,-0.00107688870531908,0.00107831594688518,0.000597578207605892,-0.000128746706675959,-0.000268973530223872,0.000217727552987865,-0.00343671027804761,-0.00268518877861086,-0.00553932487289075,-0.00237314856408473,0.00050687724753985,-0.000918585011753759,-0.000820586415443179,0.00014212321243363,-0.000831711109504308,-0.00209152359992885,-0.0020725338096145,-0.000759396909792111,-0.00203067094055046,-0.00277391018992157,-0.00138583684606624
-0.0758731792259454,-0.102818398184096,0.103319508357135,0.0902828381136798,0.100789848714715,0.0890056953324748,-0.0568819735890664,-0.0540866588381153,0.118808503542639,-0.0095796118509117,-0.0497550205290114,-0.0157362476169602,-0.046202249985684,-0.0424508414246521,-0.039134916744685,0.118973590318031,0.119956272469178,0.103473383689232,0.124628457489077,0.00925911900263138,0.111319316605231,0.10269551352851,0.111349178441737,0.117793221907458,0.11911432967059,0.105501010314647,0.120830240600231,0.0781118085972905,0.103103766377245,0.102135901992121,0.104423286105372,0.102140018380798,0.0945843260613199,0.000743458432092427,0.000927307611557346,-0.00274105270021852,-0.00124087711156786,-0.000281233935836541,0.00157895573011259,-0.000906693874100518,0.000481811402861587,-0.00169750333191947,0.000124205050797747,0.000946044383480774,-0.000798129834243381,0.000516621272381199,-0.00216294550183704,0.000443087300774069,0.000348181668012693,0.000208703840819786,0.00122164172868454,0.000191668630065274,0.000236005618561382,0.000363881061439021,-0.000953086909749789,0.00141590698331066,0.000932994954822991,0.000440944591808351,-0.000265720106651852,8.69967551342431e-05,0.00213332413427496,0.0010725991169742,-0.00142579288390423,-0.000568169954197224,0.000331981735543398,-0.000365890708754548,0.00170189486651553,0.000192569464042613,-0.000641004344774683,0.00138954196573938,0.00169770617815505,0.00162991905841002,-0.000607771560938768,0.000209037354086936,-0.000124140629701577,-0.000528412706074065,-8.35047492492442e-05,0.00109658854076534,0.00183293849858262,0.00115473558811316,-0.00122209169603482,-0.000122808482563256,0.000921225892807994,0.00102840786600941,0.00123525267814627,0.00291215315806421,0.00209922362356994,0.00500850508996101,0.0022213295328338,0.000729387375997415,0.00171383445583523,0.00309646528134721,0.00150957796308851,0.000283279769919705,0.0013753863587302,0.00228000536704484,0.00184385039703339,0.00239137064873642,0.00370056506195188,0.00197107123073762
-0.0663681859222987,-0.0926575792251092,0.0902828381136798,0.0823832785776347,0.0894415013711221,0.0794750899330111,-0.0504971248837009,-0.0490198500313667,0.107591477375846,-0.00859036174463576,-0.0464557453157012,-0.0143386625908601,-0.0414520812178347,-0.0391717515341924,-0.034128542310165,0.105308512233981,0.108753362940468,0.0914164895164346,0.112270698440411,0.00989563541412651,0.0998262731985674,0.0922265671707863,0.0995859799540242,0.106412442295381,0.105212945326442,0.0952716536746668,0.108591352035493,0.0710525414828757,0.0919488133699943,0.0928945205521549,0.0937490951595279,0.0907506638973326,0.0849540616988952,0.000344529333426965,0.000464402485570005,-0.00110558287749845,-6.97352179536512e-05,-0.00103080665891008,0.000112719375015039,-0.000539770632268097,0.000242043703396834,-0.000364448147570268,0.000260614669816533,6.91003751220533e-05,-0.000695849469721986,0.00148664337160845,-0.00214425194957117,0.000266407196095209,0.00181025364585326,-0.000703108343649789,0.00162673756515792,0.000751539758540439,-0.000330052411836379,-0.00123500889650242,-0.00168383497542874,0.00099778384502019,-0.000286534071903413,-0.000543411789542019,-9.49609159680157e-05,-0.00100334856257282,0.00259322105949751,0.00116209121391978,-0.000169770095930775,-0.000757795419358107,0.00121455416587583,0.000437028487518632,0.00230990101084367,0.00185706638579982,-0.000692207250026785,0.00284768782827377,0.0035204561859842,0.000503668746117533,-0.00127821278084984,-0.00103038740214049,-0.00176738932336887,-0.0012195025161921,-0.00182013206158205,0.00153009473816445,0.00177184538339002,0.00125739824714947,-0.00193813850848761,-0.000368520634249202,-0.000654202627970225,-0.000125022194215044,-0.000416042368170606,0.00192106254327562,0.00270423033447946,0.00409844403914115,0.00162254528587613,0.000419937197663997,0.000376161925840802,0.000845742387933355,-0.000496661309179306,8.35570145685133e-05,0.00153298770881991,0.00267706453090999,1.59907163044265e-06,0.0016407315510973,0.00231084820243124,0.00117893017789333
-0.0733556172935148,-0.101356162108647,0.100789848714715,0.0894415013711221,0.100043622254252,0.0887451777551487,-0.0557412236050701,-0.0538229653718623,0.118814508501339,-0.00942005701198563,-0.0507791645045135,-0.0160001077491927,-0.0464473929644469,-0.0435471943147028,-0.0387866966826915,0.115735114414339,0.119135165486023,0.10210331068646,0.123618561103994,0.00971304306306741,0.110302975891637,0.101066864835442,0.110202008238667,0.116790964657422,0.11762872000362,0.104479469209748,0.119000692093883,0.0771493387799008,0.100660667342477,0.101454689743028,0.103806439065128,0.100713527075915,0.093022900296042,-0.00023054849516298,0.000582436226159216,-0.00309974547686957,-0.00115879077833027,-0.00134644565497628,-4.57343918728697e-05,-0.00155415415016969,0.00019315505153143,0.000275554976508,-0.000479301088490148,0.000518452618715395,-0.000710643176057577,0.00149846287245883,-0.00239237628684235,0.000872877106785118,0.00102727530202941,-0.00025484414653329,0.00244195459399608,0.00164233793451792,0.000244481636884893,0.00010915900037426,-0.000241291301181698,0.00122550931451987,0.00195200519173122,-0.00014278106859294,0.000408299634178318,0.000707324645165117,0.00256564927936193,0.00182352425467199,-0.000405909007030487,0.000411030002822444,0.001051388021027,0.000138076136846929,0.00113278484198657,0.000435497153623476,-0.000743098947583324,0.000873551711101306,0.00192985953694898,0.00151114966708267,-0.000730032292423291,-0.000342568779855437,-0.000876302722185393,-9.91968090062103e-05,-0.00124027848748789,0.000734921623168063,0.00158816066660976,0.000939388189376663,-0.00108327368054233,-0.000172620072287262,0.00115370311377186,0.000661742332602413,0.000677301334329612,0.00262831093278169,0.00168267660656156,0.00411432977488468,0.00168496939256912,0.000230822483300164,0.000649716021081288,0.00204340006932634,0.00116872358442235,-0.000296586498164809,0.00183071204715432,0.00254733525805674,0.00139606565214141,0.00146987463946362,0.00369325690739019,0.00113668809531933
-0.064384659470525,-0.0895954621954683,0.0890056953324748,0.0794750899330111,0.0887451777551487,0.0808956624061282,-0.0491677001233852,-0.0478306223560858,0.106061599709806,-0.00769493119190727,-0.0452806540533062,-0.0152941222023088,-0.041517687860906,-0.0381191834239835,-0.0345238324952605,0.103715002899669,0.106162716089575,0.0895542743696384,0.110424360853683,0.00901920460241991,0.0982025741558461,0.0903749033521322,0.0989892309291322,0.104069048085276,0.104900385868681,0.0937702797056781,0.107332697894588,0.0691819894836047,0.0893856390108579,0.0912910273098915,0.0930401155139997,0.0895414328638066,0.0831403087345672,-0.000156288005515744,-0.000880131661767353,-0.00272169071056772,-0.00255286361189346,-0.000210780562022137,-0.000699210996140928,-0.00143939950879501,0.000339404228271292,-0.00048627766705428,-0.00158941483897434,-0.000347609298472443,-0.000862884708420312,-0.000812177278015705,-0.0019093638276097,0.000925831225847513,-7.36289663613525e-05,3.38494433122597e-05,0.00105841275015994,-0.00098878542507052,0.000411769303805555,0.00045254315114888,-0.00126796636104568,0.00125845388912691,0.00224851742922648,-0.00132635694697633,-0.000855463888739961,-0.00112443407260263,0.00134065014072106,0.00109557777872516,-0.000301251276337297,2.2053303720919e-05,0.000891862438181723,-0.000284679472172395,0.00164556731373165,0.0010096582036226,-0.00156787620212781,0.000829324282839735,0.00209384768515996,0.00111147819823663,-0.000821047558255751,-0.000869546635719987,-0.00117486371898316,-0.000138015157003233,-0.00143342005379259,0.000572956213766163,0.00118764793557776,0.00164797031281125,-0.000966972213054757,0.000745283095901108,0.00032422568179126,0.0013672089830256,-0.00116002846204195,0.00176280355309373,0.00118808104886133,0.00265521518353011,0.000976192833741084,0.000102480084470396,-2.00226958141039e-05,0.00180760441098096,0.00148175735351562,-0.000930962353174618,0.00201636182235376,0.00218063642903699,-5.29403974260772e-05,-0.000499368404114636,0.00323150142082675,-0.000425919294792102
0.0418233219429069,0.0575188306037834,-0.0568819735890664,-0.0504971248837009,-0.0557412236050701,-0.0491677001233852,0.0321699695437781,0.0306865373199805,-0.0657456065311062,0.00566225697188117,0.0282227098988848,0.00912543737869886,0.0259661115531754,0.0238690607422155,0.0218866585107733,-0.0656188621851605,-0.0666509410314305,-0.0565312424850478,-0.0689247757010577,-0.00510824005005435,-0.0616024214710654,-0.0574391525219026,-0.0610860898565012,-0.0653341498451802,-0.0647832512479448,-0.0589572335643469,-0.0675092007659332,-0.0435081887298325,-0.056746182720772,-0.057306506185164,-0.0571772690944031,-0.0559080461230499,-0.0522049294194442,-0.000391460630283612,-0.000626484382422333,0.00143762947621757,-3.69339631731126e-05,0.000335112682144577,-0.000700373128730914,0.000188023846008558,-0.000220748778917797,0.000612301685813451,-0.000535948708625966,-0.000894483866609702,0.000168459367674526,-0.00111787317214299,0.00118559360720035,-0.00023591906363185,-0.000935624374055976,-0.000156334787403666,-0.00137198227042059,-0.00049661592488358,-0.00046895389317372,-0.00068972737726137,0.000336640579957814,-0.0016630554990012,-0.000736783249188781,-0.000541975080216844,-0.000466390196155869,-0.000320281419002167,-0.00170007576362859,-0.00164959141437865,-0.000342421966839764,-0.000113580980717809,-0.00128142857510712,-0.00101023158678137,-0.000178089965531778,0.000133131352584946,0.00104370009848105,-0.000372037984856821,-0.000353930784629817,-0.00150644012586337,8.18232730127022e-05,-0.000807218072989992,0.00028806646816967,0.000286722736635043,0.00013172374651053,0.000505703565770826,-0.000258902741284201,0.000459150202768067,0.000881041647229326,0.00104093826269823,-0.000615769709361183,0.00105420395621031,-0.000463313800285283,-0.0015842431834411,-0.000517354833026819,-0.00287301442763092,6.72151759612047e-05,0.00153229219195505,-0.0012723362893631,-0.000243669023648081,0.000772533857569396,-2.98770036044354e-06,0.000269097171477998,-0.000902928503171269,4.46080806649398e-05,-0.000311053785975548,-0.00122420122475091,-0.00061156537627462
0.040247913034816,0.0556157796820071,-0.0540866588381153,-0.0490198500313667,-0.0538229653718623,-0.0478306223560858,0.0306865373199805,0.0300434736638569,-0.0645268158365,0.00565453260743427,0.028072411905661,0.00914034770369033,0.0254606243601258,0.0238301857490507,0.0214564162801857,-0.0625038939330476,-0.0649382706389854,-0.0545047576853265,-0.0670778323908243,-0.00542853871995654,-0.0598077766186847,-0.0553499729035236,-0.0592299273369717,-0.063274261790067,-0.0622827911874337,-0.057075545630006,-0.0657448907354576,-0.0420164491902293,-0.0543239516521523,-0.0557489039139441,-0.0558495136138139,-0.0539481433795722,-0.0502070578276697,0.000310197090407206,-0.000447684218949586,0.00103404239560163,3.74766008558668e-05,0.000787497473738596,0.000277833522201544,0.000286370201905111,0.000505572732973182,0.000307391623257911,-0.000150898137891641,-2.93300305161849e-05,0.000279595432277734,-0.000996816382434985,0.00156911314737339,-0.00018432229264471,-0.00085462368032271,0.000448772533703166,-0.000590688283166921,5.03368336970232e-05,-0.00020727638854457,0.00010300307355252,0.000902647495485258,-0.00100355658877067,-8.04874003675951e-05,0.000379662766196356,0.000259605526689632,-0.000205318509878708,-0.000997391155062813,-0.00112776420215268,-0.000678899293052162,0.000398947719750915,-0.00150346003007442,-0.000630818197036511,7.27352979661912e-06,-0.000539973396314251,0.00112444496285962,-4.12126359729467e-05,-0.00074870874693917,-0.00152272360006117,0.00010093170826979,-0.000397923184258067,0.000461732163333731,0.000202931102717596,0.000874341837121615,0.000267593672042999,-0.000133192586388125,-9.72202662129341e-05,0.000693889950894557,0.0006137183411785,-0.000189832251604543,0.00117006276608061,2.39576486076762e-05,-0.00159568660384511,-0.000200739367753573,-0.00223522942932953,-5.92019229259627e-05,0.00187766621924119,-0.000776488358095607,0.000461734855986622,0.00106140442117043,-6.19535922940126e-05,-0.000686951905220773,-0.00120414014265735,0.000180810587378356,-0.000253867332080858,-0.00149609281538808,-0.000358298724196597
-0.0893540951214422,-0.122877682865392,0.118808503542639,0.107591477375846,0.118814508501339,0.106061599709806,-0.0657456065311062,-0.0645268158365,0.146225075630379,-0.0101699515799068,-0.0626728657431128,-0.0198954778953615,-0.0546450467925743,-0.0527637895295722,-0.0449196363381011,0.138315442397407,0.145381993091954,0.124023643873126,0.150024822258656,0.0144806419319969,0.133419635739081,0.122054483876941,0.133985534964617,0.142347120557424,0.142526972988788,0.123370359145633,0.144760988891665,0.094440065004487,0.123172833151517,0.124001743494351,0.12697056871982,0.121514220864466,0.112518492863106,-0.00109514276419868,0.00076376554696857,-0.00146574240481508,-0.00147011544167532,-0.00207760644810655,-0.00185452839686526,-0.00136294728577886,-0.000714047267965913,-0.000385462318404609,-0.000513035845315919,-0.000880458788603869,-0.000139334085937372,0.000588777883551223,-0.00271388254739955,0.00173498644078667,0.00220742239854746,-0.00115926446652962,0.00125412790294987,0.000341508513740051,0.00104087034249366,-0.000694880710304433,-0.000390309080206541,0.000209868802674741,0.000297696630749888,-0.000484343759775979,0.000584956929379234,0.000646081613677904,0.00455622011695312,-4.18285011655296e-05,0.000826147889522316,0.000348235508718692,0.00169151514578806,0.000298987821133409,0.0011445715737339,0.0016998463507385,-0.000823480159407034,0.00087302397900792,0.00332843237971648,0.00276047837564869,-0.00103793917083593,-0.000930692272545492,-0.00117512788416701,-0.000311917836508941,-0.00275032002893569,0.000936373254405832,0.00117983513309178,0.00144535730437928,-0.000720972607628159,-5.43416977851575e-05,-0.000347948948897772,0.00137541567194128,-0.00180949551389136,0.00313802529093424,0.00208775851785565,0.0039637188992965,0.00225517543232751,-0.000880483015485583,-0.00205844572076764,-0.000119215443935062,5.06841501990468e-05,-0.00110000637708983,0.00290220714635271,0.00261842747394854,0.00066859642142747,0.00153431794355411,0.00279016002835143,-0.00022529130818507
0.00734590478700991,0.00978047050155072,-0.0095796118509117,-0.00859036174463576,-0.00942005701198563,-0.00769493119190727,0.00566225697188117,0.00565453260743427,-0.0101699515799068,0.00211883954369313,0.00481878899492168,0.00124871048859453,0.00495870768711582,0.00438510474877284,0.00476316605613311,-0.0105154397037816,-0.0100441566265102,-0.00850497774881722,-0.0108314125312924,-0.000295098802544997,-0.00969052245180348,-0.00896312884215431,-0.00917549368882332,-0.0100468578830733,-0.00931991719078394,-0.0103123129443694,-0.0110099964554798,-0.00668021481361702,-0.00858832262290356,-0.00893278052599258,-0.00940049671885108,-0.00891418122298436,-0.0081490236213974,0.000509727814654444,-0.000445515615581745,0.000513456878968853,-0.000831671425418978,0.00092352739142406,-3.03483608273131e-05,0.000157171116976224,0.000137363394176544,-0.000387608805856172,-0.000328987922682192,-0.000106068035783336,0.000503551971089626,-0.00150824860457419,0.000649500941378496,0.000362820896475583,-0.00102729688415884,0.000518686215237277,-0.000343151833219273,-0.000951147343348566,0.000582358671833154,0.000493801818279666,0.000592539730691728,-0.000470143599682921,2.44355084791944e-05,0.000116543838659537,6.4247818247322e-05,-0.000764904433817275,0.000343363170672133,-0.000832776157580807,-0.000389185896898222,0.000210493472617039,-0.000825591990034,-0.000126595848712686,0.000253199027009135,-0.000102368438703287,0.000621114593700222,0.000179863211270729,8.26898209280892e-05,-0.000675070766937688,-0.00013987296012096,-0.000416165580298568,-0.000264313603925398,-0.000258551941271377,-0.000122040142517099,-0.000174551919423867,-0.000109437538019992,-0.000196801420641724,-5.99073186141626e-05,-0.00010498513094775,-0.000566222791223353,0.000898326610415105,-0.0011427692334554,-0.000878069062810449,-0.000127100555705246,-0.00127346203043531,-0.00044106894679686,0.00022662038744247,-0.00150735006875934,-0.000176933716390621,-5.44254962776854e-07,-0.00124326491424154,-0.000805885320642032,-0.00054953590324344,-0.000581355410678749,-0.000820008089399433,-0.00125748985920466,-0.00119608994755663
0.0369668000743168,0.0531736772796113,-0.0497550205290114,-0.0464557453157012,-0.0507791645045135,-0.0452806540533062,0.0282227098988848,0.028072411905661,-0.0626728657431128,0.00481878899492168,0.0289581059766944,0.00899811486971035,0.0244239144335919,0.0238802643274834,0.0198215664175089,-0.0576176484738746,-0.0613681451952764,-0.0513216405961297,-0.0633633174250819,-0.00642114959030108,-0.056289149609157,-0.0516891285302855,-0.0563044767299844,-0.0608762188872518,-0.059466465684467,-0.0528183687261503,-0.0611735044423694,-0.0408039538413544,-0.0515764029730263,-0.0536709151999365,-0.0544049042336003,-0.0509722914276847,-0.0474831345399786,8.64549501681437e-05,0.00120132769458103,-0.000396434084749669,0.000907804317840435,0.000440410662753294,-6.23938218134435e-05,-0.000397519968895219,0.00277505587215786,0.000835523162440869,-0.00114872719610379,0.00215670981705599,-0.00175951182797391,0.000106175908433875,5.79243649870416e-05,-0.00175622410289087,-0.000997156393817338,0.000326646066641147,-0.000702757773327995,-0.00057464731248288,-0.000365530503062027,0.000422945579592803,0.0011047481511251,-0.00061496898847276,-0.000184662181033354,0.000310092643323017,-0.000500720181569839,0.000391093291267087,-0.00159618512654533,-0.000489045471037745,-0.000496158027519509,-4.84613273528639e-05,-0.000441166393636489,-0.000128942169612514,-0.00061185178004066,-0.00135487607997323,0.000733726679408896,-0.000875394546369585,-0.00205203455074501,-0.00123306451296479,0.00118737934658276,0.000701981681376269,0.00146928830712415,0.000351200508013091,0.00238303146067326,-0.00052914375046542,-0.000653446510957019,1.50198641611181e-05,0.000402612983079329,-0.000118801607755701,-0.000729471931065196,-0.000323080557545806,0.000693343466593086,-0.00187298720660862,-0.00183850394396778,-0.00255585966155047,-0.00120963553960553,0.000156333720961004,0.000146237642557296,0.000263892053975335,-0.00011916672138106,-0.000524252238117239,-0.00171433203476828,-0.00157988633342596,-6.27134773931102e-05,-0.00033252334615965,-0.00156032038943589,-0.000185127871415231
0.0124634116367688,0.0168546745448997,-0.0157362476169602,-0.0143386625908601,-0.0160001077491927,-0.0152941222023088,0.00912543737869886,0.00914034770369033,-0.0198954778953615,0.00124871048859453,0.00899811486971035,0.00428075581159182,0.00830806545877963,0.00730186824390143,0.00729546897191041,-0.0182602213671182,-0.0194157224592684,-0.0153606017943481,-0.0200942287327734,-0.00154642737780624,-0.0175986927836762,-0.0171587858533609,-0.0178330107024083,-0.0184813044221314,-0.0185879082730067,-0.0160804064649631,-0.0209500164854043,-0.0126683317614681,-0.0159550605220291,-0.0177042949542783,-0.0166716084928235,-0.0155159055562278,-0.0145339617514348,-0.00011052202410176,0.00062730118094479,0.000322888536738091,0.00120948284309204,-0.000763219876818324,0.000772690623862098,0.000198591942742045,0.000439305286256328,0.000597114596955063,0.00041325492668326,0.000566334784698202,-0.000882542291660656,0.00118276412021282,0.000203227418764396,-0.0011004434517276,0.000219502019117747,-0.000715129530435282,0.000526799104006375,0.00183800745040478,-0.00102728937643461,-0.000890612571372545,9.91431296392852e-05,-0.000866362158208289,-0.00116153272858729,0.000748469271480307,0.000138247238624905,-0.00044260237273936,-0.00141786263210589,-0.000109182527374071,-0.000200032721525019,0.000286921705007161,-0.00049770488329304,-0.000473954934201244,-0.000203224562464077,-0.00116859145187397,0.000622322154403475,-0.000303177573503605,-0.000623255950970796,-0.000235828024662485,0.000672536745240074,0.000512536525249814,0.000810457964044652,0.000583336007805384,0.000863368974488063,-7.17069547095439e-05,0.000260543444281868,-0.00112074076336551,0.000183225167567746,5.93629439460259e-05,0.000204388246948734,-0.000296662795161386,0.000855085438607331,-0.000790251648404675,0.000440477974949707,-0.00020190150581123,-0.000272189868721593,0.00137533937479037,-0.000584657852850067,-0.000407429808081502,4.27849831256069e-05,-2.26699044638707e-05,-0.000990051649370861,-0.000147738309733516,0.000254087867952298,0.00097953072932822,-0.000930243706650769,0.00053175145801285
0.0336850334440603,0.0470766954594934,-0.046202249985684,-0.0414520812178347,-0.0464473929644469,-0.041517687860906,0.0259661115531754,0.0254606243601258,-0.0546450467925743,0.00495870768711582,0.0244239144335919,0.00830806545877963,0.0228568120363933,0.0210334346654852,0.0195419079547416,-0.0524231556710394,-0.0541819814810576,-0.0454887931501623,-0.0566276527853987,-0.00397046616277207,-0.0502268618001769,-0.0464784801804409,-0.0500162296714899,-0.0530232684016058,-0.0530572653809533,-0.0481142706424451,-0.0553045262757406,-0.0353015248869663,-0.0451554940509284,-0.0471540612332822,-0.0477454196440847,-0.0457066930612968,-0.0421757045385844,-0.000157344650751774,0.000838784485428774,0.00135916864045324,0.00127731011379737,-2.53225538626381e-05,-0.000116905023589454,0.000665496138382978,0.00112312940801856,0.000211989786620232,6.67567061891327e-05,0.000943880629800893,-0.000619362433963207,-0.000102025114197453,0.000875789477366674,-0.000979586705273158,-6.7264582034827e-05,-0.000268070690661489,-0.00056745799849684,-2.64791330557584e-05,5.73364642420892e-05,7.53251716763514e-05,0.0011905731483224,-0.000880665578928628,-0.00137284170548392,0.00115483228136358,0.000522658506829573,-0.000388403477150571,-0.000912891063613466,-0.000757107246222345,0.00086085584850368,0.000699454326513283,-6.48747429833603e-05,0.000483082866654502,-0.000273373505131551,-0.000813376771923615,0.00101416427412454,-0.000572456188313435,-0.00101142543155683,-0.000741014719905564,0.000695956661705779,0.000438249054684635,0.000788643692122548,0.000163546360381801,0.00110454357852196,-0.000227425001379012,-0.000272659305057739,-0.000889241180183037,0.000546011438246208,0.000399471840369904,-0.00105697393633495,0.000296633613181071,-0.00080105285198745,-0.00177151533825587,-0.000282673630027404,-0.00222965869327681,-0.000818534595070067,0.000402439970963621,-0.00154659324979193,-0.00116563620706975,-0.000418718559967786,-0.000501746249333498,-0.00169267489741133,-0.0010620352150257,-0.000711257388756743,-0.000127170508808265,-0.00270475921438285,-0.000685338405875695
0.0311171928710343,0.044371296423251,-0.0424508414246521,-0.0391717515341924,-0.0435471943147028,-0.0381191834239835,0.0238690607422155,0.0238301857490507,-0.0527637895295722,0.00438510474877284,0.0238802643274834,0.00730186824390143,0.0210334346654852,0.0208355249332111,0.0172931445111524,-0.0477847695584157,-0.0521057816300303,-0.044165862261499,-0.0537540205685279,-0.00471268968707312,-0.0477918180974616,-0.0433409936483033,-0.0472159838807143,-0.0507157337615711,-0.0503457136660967,-0.0444973537564406,-0.051017377920754,-0.0333198967864409,-0.0425727436132062,-0.0443552774646537,-0.0451831486498366,-0.0431477854851371,-0.0395635698931553,0.000406270632623267,0.000122164094038956,0.000756931557830562,0.000380781903692703,0.00105173887898835,0.000602040407408074,0.000679666708393978,0.00152425099580715,-0.000930149692868715,-0.000254838174018171,0.000955335092632081,-0.000808430633104406,-0.00125284906023211,0.00102692319442979,-0.00104091123914618,-0.000726853112592277,0.00040384999012411,-0.00131051573856826,-0.00162921968063943,4.30176597332548e-05,0.000772017800662236,0.000184621101890533,1.27545196348602e-05,-0.000585755563226456,0.00071749793629404,-0.000370596140612973,-0.00099887573335802,-0.00162891672730498,-0.000649870130005272,0.000207662157116943,0.000103151404819922,-0.000263175895314699,8.99256255498045e-05,0.000122294434757435,-0.000801399398301915,5.4940487325489e-05,-0.000426059926006932,-0.00136164992904507,-0.000569336239666152,0.000690218932127855,0.000682959146000676,0.00108352081429396,0.000119377869677947,0.00185444726276072,-0.000271481838137013,-0.000387060891786081,-0.000236844918654808,0.000520039354865564,0.000770670018749028,-0.0007772423957718,0.000489946923783753,-0.000537407062560388,-0.00146551059904874,-0.000512393730579233,-0.00166397560133014,-0.000795441181898741,0.000459677454895606,3.4634465649775e-05,6.99185224718643e-05,0.000378866652718516,5.32942350718506e-05,-0.00146058231819583,-0.00125667670329984,-0.00078260053660971,-0.000726148433163071,-0.00179323881273976,-0.000487670815785293
0.029605247500893,0.0394075581019508,-0.039134916744685,-0.034128542310165,-0.0387866966826915,-0.0345238324952605,0.0218866585107733,0.0214564162801857,-0.0449196363381011,0.00476316605613311,0.0198215664175089,0.00729546897191041,0.0195419079547416,0.0172931445111524,0.0177033206685183,-0.0438291420427485,-0.0442173088215381,-0.0374093274497913,-0.0467005342180466,-0.0024787193771485,-0.0413751956273708,-0.0386474126284917,-0.0411762107793025,-0.0430776392008437,-0.0436264358792172,-0.039597002592178,-0.0467454673343959,-0.0287415971279139,-0.0373413596742981,-0.0388609664728801,-0.0396040744759633,-0.0378361454233193,-0.0345643582944104,3.55271420460984e-05,0.000463451973599924,0.00142739582260939,0.00130609995870214,-0.000223868566955908,-0.00014505832646272,0.00066786716330188,0.00113865779152958,0.000843181911486619,0.000158509316937972,0.000925704088545008,-0.000459068219286577,0.000255853688366174,0.00106355311636292,-0.000849869014672881,0.000197590602335128,-0.000384987822017171,0.000650557732758119,0.00107690937175867,8.45332254585368e-06,-4.87372343660285e-05,0.00138968921317231,-0.000898963988060245,-0.00118270773705797,0.00130081890971115,0.00108628099290593,-0.00115459667944771,-0.000438255491830974,-0.000313452321336969,0.00108221332505595,0.00134513270856139,-7.4465433579544e-05,0.00081617504989524,-0.000195343620510263,-0.00110595472624843,0.00103064250428885,-0.000255717365075587,-0.000662321545631883,-0.000910453078359665,0.000621763988518134,0.000261319687096768,0.00017818158229546,0.000211098862142295,0.000551739595431095,-0.000749547874044953,-0.000284167037371507,-0.00191106868108933,0.000117426402113664,-0.000205780313418339,-0.00105332404052567,-6.51854262721042e-05,-0.00143803232738265,-0.00232110386283943,7.98753070878325e-05,-0.00231438036675572,-0.00166120563325209,0.000431715695136017,-0.00277568040463808,-0.00209874503354989,-0.00111762955485145,-0.00155212528599146,-0.00261624200312914,-0.00101057185214003,-0.00160611173672604,-0.000824788971233705,-0.00364032214377006,-0.00150334335639009
-0.0881147275128771,-0.119696013236006,0.118973590318031,0.105308512233981,0.115735114414339,0.103715002899669,-0.0656188621851605,-0.0625038939330476,0.138315442397407,-0.0105154397037816,-0.0576176484738746,-0.0182602213671182,-0.0524231556710394,-0.0477847695584157,-0.0438291420427485,0.140301742369759,0.139571061833279,0.119154734688932,0.145232224014423,0.0124383951142678,0.129202206590507,0.119847670396241,0.130403839156863,0.138056723977171,0.138468442483343,0.123252834981673,0.141919041777014,0.0926009279014034,0.121735428636023,0.120034112651805,0.12291199993975,0.119093059826403,0.111497338434354,0.000536594098987612,0.000764727839846378,-0.00244082385825453,-0.00101458768792807,-0.000783467915734752,0.000830982991044319,-0.00101841400737828,0.00259473763872616,-0.00204601011358482,-0.000466319467672234,0.00129903645371785,-0.00222333196545176,0.000419844973524578,-0.00228190454790507,-4.50011563440944e-05,0.00248251076634131,-0.000408601949290274,0.00148221479427755,-0.000308210847357902,6.25858891714949e-05,9.60459813671796e-05,-0.00190792076023475,0.00199047961853884,0.0006910498507706,0.000452639694855454,-4.87561686162788e-05,-0.00145404011096656,0.00319366428079932,0.000818366915883729,-0.000219284567726206,7.36547419562115e-05,0.00151373568553595,0.000200642147569223,0.00271092380847886,0.000437406865430047,-0.00220238704878416,0.00219919062419761,0.00250426919545177,0.00260996770718862,-0.00047741550125951,0.000256555440206195,3.92597343356785e-05,-0.000325222862686049,0.000321441091670047,0.000923703759309392,0.0016085675060608,0.0013354908728524,-0.00128443747123819,0.000315899195585555,-0.000325516117167138,0.00127576019415996,-0.000797189068383649,0.00257486196224624,0.00307878940298521,0.00579352018702253,0.00182012272200687,0.000994357430623297,0.000538635467431873,0.00202287643780973,0.00117225079240988,-0.000179557060274358,0.0011422157040982,0.00205877652865038,4.63711729376335e-05,0.00150833270893201,0.00269305589316545,0.000874874495394931
-0.0888355376568924,-0.122722349281089,0.119956272469178,0.108753362940468,0.119135165486023,0.106162716089575,-0.0666509410314305,-0.0649382706389854,0.145381993091954,-0.0100441566265102,-0.0613681451952764,-0.0194157224592684,-0.0541819814810576,-0.0521057816300303,-0.0442173088215381,0.139571061833279,0.1472690420686,0.124820934008369,0.150950087423458,0.01379398755636,0.134644309275794,0.123495095029895,0.134198580087139,0.142685018522927,0.142395708378236,0.125584415422884,0.145319677679249,0.0942375349043898,0.123095200261667,0.123934082116173,0.124787669860724,0.121580622163356,0.113060488058267,2.13731796687191e-05,0.0014769712777034,-0.00137739283125276,-0.0009519549029773,-0.00105180769722027,-0.000746388509258242,-0.000758880107571548,-0.000280064774453972,-0.000945007683371113,-0.000434815733566045,0.000343693469410847,-0.000776450455791537,0.000424340330807657,-0.00337984039404077,0.000413482925479911,0.000239916536867495,-0.000910813692079283,0.000808260926131528,-0.000926687307002371,0.000827626207182565,-0.000853253525334072,-0.00085450082024613,8.49347376981888e-05,-0.00126804037696123,-0.000544737537286436,-0.000702265739627715,-0.00106545344044975,0.00306813568988671,0.000303460134306323,6.15300731110792e-05,-0.00104182038550526,0.00142062196536587,0.000511213427653785,0.00170889685287882,0.00163563442558493,9.42564029175228e-05,0.00165000807779029,0.0034411269310372,0.0012035441506359,-0.000829737433226355,-0.000773015968701192,-0.00170090973204751,-0.0014221240781181,-0.00252593707011771,0.000857627109194895,0.0016049945173951,0.000937437736985086,-0.00217469477204797,-0.000981429171279287,-0.00151609297640359,0.000106513615109924,-0.0018206112572973,0.00200955248054162,0.00169007564510003,0.00317538208148612,0.00099122405118879,-0.00172338801863296,-0.00194251230047239,-0.000393807992399671,-0.00177225555954506,-0.00214766424024377,0.000935531980497461,0.00294701275574526,-0.000273985356473789,0.00149796777474584,0.00162803146706873,-0.000210362043235682
-0.0769640103073954,-0.104287240501532,0.103473383689232,0.0914164895164346,0.10210331068646,0.0895542743696384,-0.0565312424850478,-0.0545047576853265,0.124023643873126,-0.00850497774881722,-0.0513216405961297,-0.0153606017943481,-0.0454887931501623,-0.044165862261499,-0.0374093274497913,0.119154734688932,0.124820934008369,0.108887062723716,0.128399345804311,0.0114731020072146,0.114925868174036,0.104222779438413,0.11476774540428,0.121740908095631,0.123364403166488,0.105523069427666,0.122317852207433,0.0797049384169975,0.105959109083393,0.104105664068508,0.107339280378648,0.1049147021008,0.0964509471954729,-0.000464302159029775,0.0022366251360549,-0.00192190340082396,-0.000740522067150314,-0.00174884230361373,-8.53901441627453e-05,-0.00114875027894191,-8.9086460620046e-05,-0.000612119333496256,-0.000176083747909908,0.000861325023414477,-0.0008845687497817,0.000988472290567091,-0.00278146019095628,0.000419054581890704,0.000375108904559585,-0.000951924608959644,0.00117605244941915,0.0010248449399085,0.000731216736242244,-0.000398657259094605,0.00064957107266063,-0.000642163193656913,-0.000770526669454215,0.000858406493759425,0.000290241368010262,0.000810983312840674,0.0027903625026979,-0.000261412130564627,-0.000433666379423307,0.000137920573173184,0.000481043950567133,-0.000294693440110909,0.000328141198016337,-0.000461045083695866,0.000658413685623022,-0.000237821738346482,0.00137476152583285,0.00233727458893684,0.000141690227312698,0.000374265972857922,0.000306270298063421,2.43647538724349e-05,-0.000890517906161418,0.000289233555546496,0.00128175615327642,-3.04153747372935e-05,-0.000701088826007015,-0.000788658478106253,0.000130077968432868,0.000992228365823646,-4.73575906971351e-05,0.00231559958070426,0.00127963508996991,0.00322763595167454,0.00150770439704973,-0.000532897970956696,-0.00206245312117086,0.000322342288179401,-8.82855363845902e-05,-0.00183159149933501,0.000684335088732264,0.00197365891617633,0.00164099659401621,0.00271300088803091,0.00173868529272396,0.000458878878465721
-0.0924232679482041,-0.127058709146634,0.124628457489077,0.112270698440411,0.123618561103994,0.110424360853683,-0.0689247757010577,-0.0670778323908243,0.150024822258656,-0.0108314125312924,-0.0633633174250819,-0.0200942287327734,-0.0566276527853987,-0.0537540205685279,-0.0467005342180466,0.145232224014423,0.150950087423458,0.128399345804311,0.155867239631516,0.0140440461722867,0.138653939857067,0.12721719371007,0.138903271066519,0.147272395600784,0.147606967956973,0.129893914182518,0.15049195614302,0.0976561629976132,0.127641585233437,0.128057942428561,0.130501490728824,0.126327235656571,0.117333622026412,-0.000240992518549257,0.000957341079056675,-0.00212523520620304,-0.0013872895012134,-0.00143774830611321,-0.000923554099899556,-0.00152711130664486,0.000568545500622346,-0.000588971456332297,-0.0009380382743875,0.00012283192390741,-0.00128164683623421,0.000659329925113786,-0.00330163029364498,0.000531554650501588,0.00132727686962146,-0.000971022966238004,0.00119837124457542,-0.000221984656011695,0.000280537501187992,-0.00102258545515759,-0.0013879067384718,0.000307709323748265,-0.000140466418149108,-0.000967699909175112,-0.000635138452387132,-0.000590559575040725,0.00346085167915294,9.05020192382722e-05,-0.000401193770562435,-0.00071799073051712,0.00121468367600105,-0.00019954638543204,0.00159225870851957,0.00125713529911176,-0.000995262474732142,0.0015263954635991,0.00315305845619559,0.00205872526955615,-0.000659673388656389,-0.00068405113370454,-0.000988102255581882,-0.000593168095068973,-0.00186216273482438,0.000689906645961584,0.00121425335903612,0.00140213624099583,-0.00159571069992999,-0.000797687932982802,-0.000765641747193761,0.000390260317094845,-0.00121341960147195,0.00250908905138499,0.0017097223643496,0.00409822481993563,0.00138794580527071,-0.000792630062021534,-0.00136351336959069,0.000261491605143255,-0.000684931788843873,-0.00165055579059992,0.00180076369046752,0.00248909473097518,0.000172520116194304,0.00141786914851768,0.00263250669938249,-2.19593616973453e-05
