0.0569980051965939,0.0772858912111013,-0.0758898379593387,-0.0671839499421818,-0.0744318180123316,-0.0655310505942577,0.0422220607881248,0.0403466777923084,-0.0894558690385285,0.00678347845934016,0.0390319109500534,0.012401935194871,0.0343039967846683,0.0332895739178455,0.0288457583204506,-0.0874376497373674,-0.0897852602484666,-0.0769835148023755,-0.0927272708029746,-0.00760367341699276,-0.082535760312686,-0.0761438740415587,-0.0826268677457221,-0.0879391450628903,-0.0883720754343783,-0.0772258875427533,-0.0895886900762291,-0.0583442808313828,-0.0771120918661,-0.0768294028794229,-0.0776189267588607,-0.0754089168258661,-0.069684947725631,-0.000484328161338658,-0.000933444614795886,0.00166374466052694,0.000898563997567783,0.000322191978306048,-0.000461267481700099,0.000863722113288349,-3.64560127510382e-05,0.00107787253474521,-0.000610356907365737,-0.000577863507457769,-0.000475405085314592,-0.000620970568375598,0.00134811432879225,-0.00122891815371334,-0.00126066235357668,-0.000198411991650541,-0.00124614728720222,-0.000298922647210184,-0.00109212870786874,-0.00068263972978475,-0.000259974370703659,-0.00112707179554447,-0.00148743214914758,-4.70864262988976e-05,-0.000919142254825057,-0.00113545853070287,-0.00377920187975554,-0.0010763214780113,0.000162832015760179,-0.000118095410869671,-0.00087650712178447,-0.00084999247033675,-0.00111048189909879,-0.000902718057449362,0.000245133851924844,-0.00130883490898043,-0.00176893186420183,-0.00119941425958409,0.000968257830131231,0.000129943882911348,0.00104890688774453,0.000516082470773407,0.00138233057623606,-0.00083186707899639,-0.00110221462583053,-0.000856401190331772,0.000925868368185356,0.000616803506428504,-0.000953932999114178,-0.000478297452663723,-0.000645595053352706,-0.00252660560938132,-0.001651989370809,-0.00366273976931073,-0.00180931549912397,3.38107312838515e-05,-0.000870344328136048,-0.0015729298911682,-0.000344717744842602,-0.000271396635764495,-0.00171162394920038,-0.00152177981756573,-0.00133740747780792,-0.00160664299777206,-0.00282043951188813,-0.00112411011480066
0.0772858912111013,0.105537441159333,-0.103343793297707,-0.0919789640177766,-0.10177953225509,-0.0902186595094167,0.0573367046494621,0.0550889059651913,-0.122516248599919,0.00936613865996328,0.0531231118697936,0.016861362731462,0.0471437622143871,0.0450908255731983,0.0394837169284698,-0.119815998355105,-0.122270301091949,-0.104602404930661,-0.126817805021623,-0.0108860167945601,-0.112838611114253,-0.103530274585846,-0.113304886226899,-0.120542042645945,-0.120961677443073,-0.105410875650848,-0.122541135163969,-0.0799608673318857,-0.105486909126856,-0.104774288968318,-0.107447621912174,-0.103501327988338,-0.095615370729765,-0.000454052680389926,-0.000330575173122782,0.00178960939444861,0.00130941531074353,0.000632067723436612,-0.000506146819540034,0.00105292556217645,2.65138288164153e-05,0.00140720922905258,-0.000523775981256984,9.47972388813562e-05,-0.000370634827766922,-0.000534383874886157,0.00155920346471664,-0.00161868366282561,-0.00209973635730576,0.000446778545364373,-0.00160834200769996,-0.000598254177884098,-0.000779612395566608,-0.000267468245541332,0.00072279631690591,-0.000805306396229402,-0.000914650263718817,0.000142311104637685,-0.000501692343352307,-0.000710007687818899,-0.0044619325016372,-0.000413217729488884,0.000484805392499574,-0.000113136569374995,-0.000811920175316275,-0.000296681605647238,-0.00154576572271569,-0.000747061328545834,0.00116151189826601,-0.000905754131285841,-0.00249725002283851,-0.00268349003641346,0.00118479473948184,0.00031311293913316,0.000446724609094267,-1.33756020508483e-05,0.00149154176778352,-0.000934969221228242,-0.00121093150769211,-0.00089647084356321,0.000939936829684768,0.000517235619769279,-0.00124990803730961,-0.000726074573449709,-0.000620070120219682,-0.00349002200057019,-0.00244796176212288,-0.00501187167798035,-0.00238554191993672,-0.000104041386792159,-0.000471192448384719,-0.00131936021208403,-0.00088178344302256,-0.000321708868653112,-0.00254692896777939,-0.00186550831734926,-0.00171829954424953,-0.00173623740209322,-0.00361509173445229,-0.00125104764169722
-0.0758898379593387,-0.103343793297707,0.102677779601184,0.0909362921716921,0.100617827442349,0.0886524879816232,-0.0569021394966578,-0.0545549701653718,0.119392953012711,-0.00985441355497492,-0.0514596784980106,-0.0159081401400261,-0.0464806778646762,-0.0437726376430091,-0.0392532203547625,0.118247317862622,0.120597610227942,0.103233094854795,0.124781470962372,0.00966711860551404,0.111144826793513,0.1025317515786,0.111088580308515,0.117983267869552,0.118398651041739,0.105405997663761,0.120734625136818,0.0787444506543965,0.102890704186782,0.10288643855365,0.104340434689933,0.101847227551711,0.0945345898110167,0.000653811795605795,0.000996884277440963,-0.00155212363573282,-0.00060505925515784,-0.000518262937809396,0.00119945772054143,-0.000489432609542225,-1.05667163562406e-05,-0.00145959155796423,0.000389618257366738,0.000521433907259537,-0.000557587755781289,0.000953017982561042,-0.00240401047233878,0.000403605232032473,0.000722471487861325,-0.000320197979141187,0.00101242848597842,0.000176271923054738,2.4471355693593e-05,-0.000377923383064316,-0.00140159717311197,0.00109431355165693,-9.80276367921027e-05,-0.000107602333229313,-0.000202400018553673,8.98338172110479e-05,0.00236354449823233,0.000823236202776092,-0.00127854420793845,-0.00114622217873155,0.000538425049881376,-0.000259025305930156,0.00168161189176689,0.00100523561084154,-0.000577536869245436,0.00219092509200737,0.00230365616489392,0.00159879805691295,-0.000825283082626776,-0.000116052930669055,-0.000806979408371963,-0.000789836989634527,-0.0011315906017822,0.00126895317339297,0.00170612818089808,0.000913666791902019,-0.00152422090594098,-0.000541551245622181,0.000703043170835415,-2.62077152988316e-05,0.00118299998298362,0.00307878721618775,0.00207175297290535,0.00548959274437907,0.00225326747137385,0.000574417965117019,0.00157078098180262,0.00183126325972555,0.000469729843884277,0.000722640353347438,0.00177506865178609,0.00243594774077259,0.00140949843174574,0.00254304053077716,0.0034203783792994,0.00213107172315328
-0.0671839499421818,-0.0919789640177766,0.0909362921716921,0.0811166058814561,0.0895642090961184,0.0794511248652756,-0.0501415114120667,-0.0483657200873899,0.107161283201283,-0.00849349081524386,-0.045919375494493,-0.0140756943877976,-0.0411862822556151,-0.0388810788017597,-0.0344353427772016,0.105570771213371,0.107652200349863,0.0920666559187228,0.111632663787168,0.00939788120124912,0.0993442477894377,0.0911651773913945,0.0997279624033757,0.105782835699073,0.106138883950411,0.0938596775495196,0.107801771100648,0.0704854578858943,0.0921489512358537,0.0918482788169717,0.0942400435766121,0.0912317372779804,0.0845842815677057,-8.38956534186412e-07,0.000695685058145659,-0.00127480266749673,-0.000369365876669291,-0.00114730788932212,0.000193601943081856,-0.000752009232664638,0.000580900602014069,-0.000590314343194413,-0.000198508343786265,0.000261761824769578,-0.00103719205261327,0.00105883990830964,-0.00214390228609288,0.000385825984734951,0.00151126173848242,-0.000929649060746219,0.00130640295996006,0.000736298948161573,-0.000200614385714063,-0.000738446997889476,-0.00116709191190776,0.000473565520039261,-0.000357436470919224,-0.000239164258742129,-0.000126953648576471,-0.000131652966621837,0.00237632727990592,0.000366641971977043,-0.000607389011186002,-0.000368963262852491,0.000774402308246055,-0.000252951176010141,0.00191204031167946,0.00112633388573232,-0.000690226813343167,0.00173137468701748,0.0026210790612866,0.00158581228061981,-0.000864550997737469,-0.000610428752238841,-0.000588950716382623,-0.000416047489453031,-0.00118815726680885,0.00150655381763638,0.00174583475003231,0.00125082046501304,-0.00110170057175449,0.000253884228246448,8.99621854445327e-05,0.000590416409088927,0.000261667161401324,0.00254035246349576,0.0024115780100382,0.00444045759961125,0.00229925137319438,0.000916365170151764,0.000336753930212238,0.00122703232065537,0.00105680478923597,0.000461812319984972,0.00216218659412421,0.00238247291337012,0.00112117263727004,0.00214898528271053,0.00291518541955912,0.00153713191001129
-0.0744318180123316,-0.10177953225509,0.100617827442349,0.0895642090961184,0.0992969803206461,0.0882736512013519,-0.0558303718508529,-0.0539466117373521,0.118536119275166,-0.00962007140177179,-0.0506033446921867,-0.016081541102624,-0.0460187946112653,-0.0426491465051776,-0.0387189698094858,0.116524119676073,0.118981628751533,0.101496952540831,0.123345854577379,0.0100034831668977,0.109864522787265,0.101276569354223,0.110087658125244,0.116709648152483,0.116940401339356,0.103998433582403,0.119839201214979,0.0780445218440961,0.101384401016568,0.10190431125519,0.103906240169639,0.100559657627245,0.0936094814571731,-0.00034864602406486,0.000921582768303187,-0.00192226616098426,-0.000351272048403185,-0.00142748403535511,-0.000257153456781749,-0.000878475286926573,0.000709999990933791,-0.000325836221107391,-0.000409992193806168,0.000637854754817517,-0.00116034385791197,0.00146115895539844,-0.00257412607171468,0.000517947282657135,0.00177876816067393,-0.000709298505770517,0.0016896635653225,0.00072987093131315,0.000222861230718775,-9.75584542001139e-05,-0.000822824595281457,0.00134780353062519,0.000501009249510595,0.000267709793654619,0.000444164149981151,0.000535320976514039,0.00273646669794394,0.00111645255049267,0.000115782510672001,3.20878919840174e-05,0.00167317269628727,0.000399975388558305,0.00136832777292975,0.000690984887429279,-0.00124997111820501,0.0012434920343627,0.00211278841330777,0.00244052043586819,-0.000647256197744248,-0.000141607021542586,-0.000330058355187809,-0.000183710548050825,-0.000790103085377796,0.000911496608641335,0.00140726370659641,0.000886118161071098,-0.00102646487027927,3.4930101549504e-05,0.000481891696446374,0.000353178368807726,0.000233693276090501,0.00294128932148534,0.00179107706686981,0.00501883304074657,0.00195001848230021,4.99185389342746e-05,0.000771824769775707,0.00118290607150582,0.000743032976669455,0.000451910497269291,0.00181555149572104,0.00242252648423163,0.000942290809763161,0.00161707422629521,0.00302721149773653,0.00138485397266411
-0.0655310505942577,-0.0902186595094167,0.0886524879816232,0.0794511248652756,0.0882736512013519,0.0797555926675666,-0.0491452850163127,-0.0481264222964769,0.106360878768786,-0.00833876553270627,-0.0448086508750766,-0.014909194658712,-0.0412388297386743,-0.0370531062649483,-0.0345973897903599,0.103416398893098,0.105933651666671,0.0897405843522618,0.110070616578775,0.00943803823318803,0.0980996944683079,0.0903273119664145,0.0986332460038654,0.104207592570006,0.104166779840207,0.0925799850982669,0.10778360946601,0.0699247875565845,0.0898241495524962,0.0911921156834542,0.0935785266959069,0.0895177322302005,0.0837105280150735,-0.000820506550967798,-0.000306740029679644,-0.00115569619194863,-0.00118520275528965,-0.00101268896834359,-0.000691627725524403,-0.000300192620029025,-0.000609055096561412,-0.00106014883209347,-0.000817486963394847,-0.000828977002688076,-0.000888018754452472,-0.000268858218050479,-0.00204380285283868,0.000705525251193451,0.000703138272636429,-0.000841077202387359,0.000266205330672429,-0.000913863110474981,0.000224136379114571,-0.000130367519065121,-0.00172003879982403,0.00094403350013939,-0.000296496611981649,0.000111538529391149,-0.00058444111033371,-0.000724625070058701,0.00078565946932179,1.97949379230936e-05,0.000538355790019328,-0.000208427050306055,0.00148854391939871,-0.000284597010839444,0.00115007499444264,0.000548831849113616,-0.00176321997782459,9.83763472921957e-05,0.00186551313628535,0.00303811085840257,-0.000494102291694229,-0.000246897953747691,0.000340553990101926,0.000161420754211767,-0.000523024972355016,0.000687060103957168,0.00109486641234889,0.000905016508334044,-0.000418136944971016,0.00118082294754069,3.32883684973913e-05,0.00123898872631617,-0.00108405134178651,0.00258939231580062,0.00142898971551765,0.00391536348064749,0.00166307338747124,-0.000286283265296492,-5.9900278431296e-05,0.000641609384564722,0.00122998032397044,0.000206456589219426,0.00186126242266628,0.00238042154343513,0.000325178939737745,0.000503728242044881,0.00241725425387735,0.000394090654398735
0.0422220607881248,0.0573367046494621,-0.0569021394966578,-0.0501415114120667,-0.0558303718508529,-0.0491452850163127,0.0319144458775533,0.0305510318661428,-0.0659167102937239,0.0056748138440842,0.0284009416983977,0.00920346603397343,0.0261138763292032,0.0241391473906252,0.0222563578448876,-0.0652171055667566,-0.06648028010348,-0.0568078844910991,-0.0687891741727665,-0.00499132215305986,-0.0613341562008771,-0.056921949311895,-0.061077747106911,-0.0649728805701143,-0.065072352792735,-0.0582108815023596,-0.0670263667247478,-0.0434985870119842,-0.056598643808919,-0.0570481629337618,-0.0573717874874016,-0.0560299715991305,-0.0522013817960102,-0.000201368777073141,-0.000732886408709229,0.00143166340761153,0.000194767772993891,0.00044140148352598,-0.000364405439340626,0.00043734794533481,-0.000286113023266658,0.000389258603430395,-0.000187947588936097,-0.000765555139080978,0.000209408552233339,-0.00104575151405568,0.00140550115846532,-0.000353477501653055,-0.000838734831426591,-0.000120511158028116,-0.00110718954301747,-0.000426748472196457,-0.000416235522416046,-0.000509977046468753,0.000234469683024969,-0.00132895496314076,-0.000913092634842108,-0.000438263277581018,-0.00060956785985525,-0.000938413467452518,-0.00191886628786923,-0.00114585309625957,0.000119191234210824,9.84428769764226e-05,-0.000954643922450323,-0.000541439390956888,2.94362431314687e-05,0.000274765450888385,0.00091793287203481,-0.000381703818448229,-0.000293787142400538,-0.00175699568565278,5.32142690664273e-05,-0.000639570685271186,7.43838173777017e-06,-2.2366583168599e-05,6.3726606442267e-05,0.000378176143563708,-0.00013198209001821,0.00033329031854141,0.000654026522449175,0.00107825565453498,-0.00102716686998226,0.000734700476817851,-0.000910133501888967,-0.00186428967646639,-0.000164047971740566,-0.00321727612105285,-0.000398124002729212,0.000842060624602642,-0.00121185725219432,-0.000524170711856931,0.000475089613164639,-0.000186506815525403,-0.000211722914133893,-0.000757837616994877,-0.000523898933769605,-0.000600200184284402,-0.00158917162695059,-0.000813932049295483
0.0403466777923084,0.0550889059651913,-0.0545549701653718,-0.0483657200873899,-0.0539466117373521,-0.0481264222964769,0.0305510318661428,0.029600449108087,-0.0641005103738196,0.00540980132197048,0.0271971617321913,0.00908497562242711,0.0253120654541918,0.0227436056238842,0.021506324323791,-0.0629109239927566,-0.064375149974621,-0.0546971926954006,-0.0666955689903986,-0.00505525624633209,-0.0595001285547211,-0.0552276282974054,-0.0594032559486823,-0.0629409738404944,-0.0629148088592799,-0.0565407750279468,-0.0654227412730444,-0.0423332369446207,-0.0543933349959535,-0.0554166638232152,-0.0559201086099512,-0.0541917585591176,-0.0507655819439854,0.000267500104966949,-0.000403736435923273,0.00121502069175775,0.000350054619175123,0.000586029934268824,0.000154442414825262,0.000271161681506909,-1.23442124179865e-05,0.000373712365138047,0.000259715383248878,-0.000336511854425601,0.000498004859833496,-0.000590148543991366,0.00147853039665986,-0.000265415155270837,-0.000523943469708966,7.35056733102859e-05,-0.000659546314158716,0.000132080303659827,-0.000354832045195668,-0.000407436114477649,0.000528184224147032,-0.00126148273764346,-0.000570449449180742,-0.000439065786832622,-0.000262102351319417,-0.000420160210922902,-0.00099450644743988,-0.000867910636698316,-0.000324402452680272,6.52820086721481e-05,-0.00119287724355837,-0.000366860663610947,1.62539566050193e-05,0.000209480310214039,0.00113861846227785,-4.43619413573245e-05,-0.000312455313731378,-0.00196441755605618,-4.31760201575684e-05,-0.000518165425008785,-0.00020363549609325,-0.000109280643451095,-5.83296428654472e-05,0.000338205147314483,-0.000166602071304443,0.000163726301190369,0.000420505141331513,0.000349819735027927,-0.000587668625494244,0.000273642698009335,-0.00012014418235879,-0.00165720602085957,-5.87218098672988e-05,-0.00279993029744377,-0.00033636931452072,0.000920059247487801,-0.000762925306456236,-0.000304334329787088,0.000167552542011019,-7.64437953650982e-05,-0.000269475965372196,-0.000995144538966151,-0.000126128929329417,-0.00017970240863428,-0.00131453878936707,-0.000401127111102824
-0.0894558690385285,-0.122516248599919,0.119392953012711,0.107161283201283,0.118536119275166,0.106360878768786,-0.0659167102937239,-0.0641005103738196,0.145248486199079,-0.00985670293014673,-0.062162325924637,-0.0197899537107308,-0.0540566034538088,-0.0521118024687952,-0.0444896585073755,0.139822935659443,0.144739818012272,0.123629644766489,0.149765765344136,0.0142069583874477,0.133192778360067,0.12211467629922,0.134212240134841,0.142280645605635,0.142777068369321,0.124021182564519,0.1449180442278,0.0944297480621923,0.123789385140161,0.123939133973996,0.1268374403777,0.121645380174572,0.112648346737896,-0.000805290440194669,0.000695604975484334,-0.0019053631036088,-0.00169281745767503,-0.00163541794949033,-0.00136654944028669,-0.00145578782414478,0.000282692567568822,-0.00102013639749551,-0.000691563609125605,-0.000181916213862643,-0.000627592501479599,3.51783481864391e-05,-0.00239136037816298,0.00154154166941068,0.00217735873419961,-0.000974154411779399,0.00136215127509957,-0.00015785874160602,0.00132138181593279,0.000200536918305162,-0.000242451074731836,0.00069424213025306,0.000901559003538299,-0.000479794889754122,0.00049182442997837,6.43992597661613e-05,0.00440944052055108,0.000376111261370785,0.0010942750819614,0.000916039137339021,0.0019239882964485,0.00063865192088492,0.00154876778792405,0.00143720452828867,-0.00124387297673091,0.000796246631639071,0.00288922674266266,0.00277991871173072,-0.000850532267297878,-0.000495363255391824,-0.00110142542708799,-0.000168970935631265,-0.00235666551380801,0.000757146492645902,0.00130099088860725,0.00137754216967614,-0.000626096286286444,0.000441997905899114,-0.000303949722025602,0.00143906866034543,-0.00206708491644324,0.00287291215491741,0.00236175219453244,0.00389694637365249,0.00182430579062949,-0.000850191044757248,-0.00186850713156359,9.62256006902998e-05,0.000763445273809686,-0.00126360374029791,0.00255566902559502,0.00242076061049188,0.000201255251016614,0.00106457277257013,0.00272963449820145,-0.000539149415776535
0.00678347845934016,0.00936613865996328,-0.00985441355497492,-0.00849349081524386,-0.00962007140177179,-0.00833876553270627,0.0056748138440842,0.00540980132197048,-0.00985670293014673,0.00172612395762314,0.00401133395314684,0.00144261894717049,0.00502061532847799,0.00339638335890971,0.00468256600197916,-0.0108791114856466,-0.0100357972063866,-0.00834911505672223,-0.0106946198687273,-1.74054958567761e-05,-0.00962177889768067,-0.00911628790054498,-0.00938907823172034,-0.0099236065048801,-0.0097617814943119,-0.00996828513853083,-0.0108438805693871,-0.00700831292973963,-0.008436638145626,-0.00879392708404722,-0.00910059341633816,-0.00895253915990893,-0.00867587239967895,0.000124068884204726,-0.000137042279351394,0.000502033136311316,-0.000620121569147694,0.000432618934656746,-7.70487122432111e-05,2.20268864603401e-05,-0.000540248350273448,-0.000606517617497502,0.000140745892500748,-0.000465118897650374,0.000574056058264601,-0.00112153844376793,0.000542588600842336,0.000266706097560635,-0.000606250282660959,0.000153509288909104,-0.000758698584314237,-0.000821705559846975,0.000441696702442498,5.29504099995e-05,0.000321905775654156,-0.000630022566328592,-0.000107636170511665,-0.000551713184758122,-0.000273440237875534,-0.000509884814463736,4.85273508124878e-05,-0.000592324361712483,5.36839904951115e-05,1.3642439893719e-05,-0.000518624493593064,-0.000142140164610104,-6.11588450116477e-05,0.000430621042379422,0.000578820850414867,-5.71450936150838e-06,3.63146324776066e-05,-0.000763636920480354,2.16151836461514e-06,-0.000140928556277413,-0.000601786561423651,-0.000269723870123002,-0.000776753646605001,-9.64671223126237e-05,-0.000166513575119431,0.00013287721855885,0.000196760466617333,4.87872813028748e-05,-0.000549152698045558,0.000329381753342527,-0.000965336336628558,-0.000663091391660012,-1.52533551798802e-05,-0.00145752276359082,-0.000380123154110913,-0.000284596396821154,-0.00121429716355854,-0.000538607757845419,-0.000277437262544311,-0.000900032193183914,-7.19925283329964e-05,-0.000396261664672185,-0.000498339581172941,-0.000233555091458532,-0.00068136701008042,-0.000995622517375969
0.0390319109500534,0.0531231118697936,-0.0514596784980106,-0.045919375494493,-0.0506033446921867,-0.0448086508750766,0.0284009416983977,0.0271971617321913,-0.062162325924637,0.00401133395314684,0.0273436800455939,0.00849666727836701,0.0230133509713671,0.0233319355893449,0.0189383957631735,-0.0599518725556851,-0.0618964125371026,-0.0532225899898582,-0.0639665611884614,-0.00613570536946532,-0.0568217670517172,-0.051882261368534,-0.0572426060348325,-0.0610390796786801,-0.0614495415435169,-0.0522112545796708,-0.0612716428645423,-0.0400711499957712,-0.0537807197202929,-0.0528578289850735,-0.0541380916228676,-0.0520751694896369,-0.0476724040845053,-0.000576400829729086,-7.5314767234286e-05,0.000637140618480549,0.00129853360733723,-0.000143445992435942,-0.00049059502487045,0.000596777039293804,0.000514832800922049,0.00144154576728167,-0.000637869847048702,0.000423118642008823,-0.000910243511141262,0.000594901766898631,0.000330266937486838,-0.00126243614974973,-0.000752644644723322,3.92141538710436e-05,-0.00036125999684142,0.000238163562421592,-0.000839533259773445,-0.000242661534461433,0.000126670588223722,6.49706955506784e-05,-0.00052850797857715,0.000546348166875481,-0.000118980426734855,-0.000116257469611862,-0.00287796771815294,0.000242751377730452,0.000449523147088644,-6.99835086815809e-06,0.00012245477847088,-5.82311242346265e-05,-0.000921523750367726,-0.000804124015620892,0.000102675126087544,-0.000622501138342049,-0.00154099301815469,-0.000841628108947736,0.000801414071406137,0.000324196114785655,0.000799069653150535,0.000247577178585231,0.00154844921249527,-0.000557665725793927,-0.000611781118344964,-0.00064951713298382,0.000450190061922608,0.000403890052832482,-0.0004713313898322,-0.000674787830737274,0.000118540938496275,-0.00160051115126286,-0.00153414720173367,-0.00185438893770009,-0.00122869158665319,2.29988997301821e-05,0.000493992876538961,-0.000536301264041113,-0.000315921457491738,0.000397474418649394,-0.00152284611120735,-0.000710192282261346,-0.000837213830783757,-0.000987333147979342,-0.00173206064327946,-0.000124097037818703
0.012401935194871,0.016861362731462,-0.0159081401400261,-0.0140756943877976,-0.016081541102624,-0.014909194658712,0.00920346603397343,0.00908497562242711,-0.0197899537107308,0.00144261894717049,0.00849666727836701,0.00378696895578438,0.00807195312845992,0.00674858824833041,0.00705564904237686,-0.0182644617716149,-0.0190383780231454,-0.0157568373667623,-0.0197545876760906,-0.00152798834279238,-0.0176999582671707,-0.0166794084085292,-0.0177559024967903,-0.018746955608866,-0.0186224918673052,-0.0161307011851424,-0.0201724332004064,-0.0126674113983089,-0.016070732226256,-0.0170300757467307,-0.0169063615638021,-0.0156624008489168,-0.0148419359681607,0.000131046226166005,0.000513568438194714,0.000531243951406733,0.00111216756499401,-0.000427194286498873,0.00018648995779604,-5.59222279719911e-05,0.00118941939195226,0.000979485712537821,-0.000206120224540948,0.000655364330162571,-0.00100799635791056,0.000967771021333883,-0.00010149140442638,-0.00108539788464156,0.00021492444524343,-0.000547237899657055,0.000379928142816927,0.00120069218138365,-0.00106012359379731,-0.00113959991217869,-8.87599131997067e-05,-0.000880522391172299,-0.00117016899414678,-0.000395011446077646,-0.000308689020421507,-0.000414558118687579,-0.000627151001064492,-0.000249123687241637,-0.000755008601435191,-0.0002499532750146,-0.000686354262453619,-0.000580601251107088,0.00014415064146748,5.90628565074433e-05,0.000609820028194155,0.000787591047143082,-2.93876892448827e-05,-0.00120811515220369,0.000367879688569147,-0.000145605128928499,-0.000206122082166162,-0.000190900773045411,3.46092648692146e-05,0.000133578437476011,6.63746810372768e-05,-0.000176621000772719,-0.000220852037279117,-0.000422522228106921,-0.000740620269837806,-0.000935428409491106,0.000325572433032485,-0.00105818586330048,5.89462454346007e-05,-0.000738534771602702,-0.000472120821936267,0.000707650533043946,-0.000523827250153496,-0.000718711210532677,-0.000434183035994378,-0.000290527761844001,-0.000611213836197334,-0.000369487445196811,-0.000382092949972212,0.000604645970543601,-0.000940524846806243,0.000191495318571523
0.0343039967846683,0.0471437622143871,-0.0464806778646762,-0.0411862822556151,-0.0460187946112653,-0.0412388297386743,0.0261138763292032,0.0253120654541918,-0.0540566034538088,0.00502061532847799,0.0230133509713671,0.00807195312845992,0.0222827957819685,0.0191408640761193,0.0192448312821865,-0.0534740964661673,-0.0536414855802889,-0.0452595694827753,-0.0560401221083102,-0.00398100915006861,-0.0500409362149414,-0.0462790083694279,-0.0500474431046553,-0.0530620567101238,-0.0528898344181112,-0.0474497139730353,-0.0553130281778906,-0.0357588675937501,-0.0458594378225039,-0.0465569371646359,-0.0478937396723351,-0.0457799669213696,-0.0429078466782024,-8.47270662280593e-05,0.000624937819029507,0.00079762590182683,0.000727816567833059,-5.05729880495849e-07,-0.000475298997901558,-7.05479873676939e-05,0.000787649057296059,0.000961573258421722,-0.000159616062112825,0.000631561480545931,-0.000231618866982091,5.97197276546422e-05,0.000703918943251684,-0.000714875039200684,-0.000424638186638922,0.000100875502826688,-0.000274935060746534,0.00035458377582145,-6.63584299354003e-05,-0.00031483375454758,0.00131877093036419,-0.000919070594091344,-0.000159681064599296,-0.000458267886661227,0.000230277562360495,-9.13260835930728e-05,-0.000563711182386431,-0.000102771260174962,0.000247135992594177,0.000403628536502632,-0.000547526784801877,0.00019240265860727,-0.000378497487332558,0.000374490742020797,0.00143440880435592,0.00044187129702224,-0.000615213652736877,-0.00241648616870981,0.000418017117302107,-0.000162085264604832,-0.000903247930991795,-0.00046965526687631,-0.000408825256978909,-0.000150581047309951,-0.000317909696454639,-4.35658379820906e-05,0.000256847741779306,-0.000156629513680048,-0.00119286261407458,-0.000391799212802926,-0.000769676036850564,-0.00214553317328316,-0.000608080989086677,-0.00312399596920825,-0.00114857604048664,9.90783780444694e-05,-0.00138258961465448,-0.000971786608768447,-0.000771589115272966,-0.00101837459363212,-0.00104037764784837,-0.00101016496382358,-0.00100740525635923,-0.00020976211888511,-0.00199469886807551,-0.00102910824258891
0.0332895739178455,0.0450908255731983,-0.0437726376430091,-0.0388810788017597,-0.0426491465051776,-0.0370531062649483,0.0241391473906252,0.0227436056238842,-0.0521118024687952,0.00339638335890971,0.0233319355893449,0.00674858824833041,0.0191408640761193,0.0203784708591934,0.0156645045445819,-0.0508188336239688,-0.0521473075025268,-0.045281002970352,-0.0538528227789646,-0.00516218651881816,-0.0477526872330719,-0.0434170703816994,-0.0480324261166633,-0.0515189573377107,-0.0520194809850099,-0.0437545397687267,-0.0508619367670676,-0.0335288155465588,-0.0459220108501026,-0.0442424248898322,-0.0454381260105117,-0.0440911631908579,-0.0399728449052039,-0.000788806587118379,-0.000580998893333545,0.000812851145275319,0.000585310103567366,0.000135410871435406,-0.000613544484568785,0.000914425586163057,-0.000480781347806161,0.000635537473872397,-0.000794383052966987,-0.000364690322828802,-0.000698856610858594,-0.000469784826525547,0.000264607890969393,-0.000996370181982621,-0.0015378817066885,9.94014885562287e-05,-0.00124180520537396,-0.00103768737543847,-0.000609712904508392,-0.000120280363071956,-0.000444362456114112,0.000171965690514672,-0.000781604100212189,0.000492989122378496,-0.000684827179262282,-0.000787332423038035,-0.0037487132713753,-0.000127820582141389,0.00067566477131006,-0.000339285566949148,0.000219631977246671,-0.000333301164848957,-0.000719560531249652,-0.000529054705572237,-0.000105388616862708,-0.000828395749609681,-0.00127420931350881,-0.000474512823058891,0.000662973163187718,0.000183794499528021,0.000863903958902621,0.000144816652831696,0.00143302295430085,-0.000323694376082825,-0.000381517475696794,-0.000285225994340356,0.000564567093872092,0.0012204926266896,-0.000683790487852212,0.000115104448477759,-0.000607746817983192,-0.00133171971082328,-0.00142190068346616,-0.00176537662284051,-0.000902392703633967,-5.69186248116625e-05,0.000389793326881795,-0.000255064099295102,0.000152051640581593,0.000451419935955489,-0.0011275796670697,-0.000184897213620006,-0.000954520279577922,-0.00122519513117312,-0.00145667204770752,-0.000360239191807868
0.0288457583204506,0.0394837169284698,-0.0392532203547625,-0.0344353427772016,-0.0387189698094858,-0.0345973897903599,0.0222563578448876,0.021506324323791,-0.0444896585073755,0.00468256600197916,0.0189383957631735,0.00705564904237686,0.0192448312821865,0.0156645045445819,0.0170604177631464,-0.0445174035218064,-0.0442500025976706,-0.0370811922267449,-0.0462716492872541,-0.00252874107965313,-0.0414357632311646,-0.0387189642974009,-0.0411991198491618,-0.0436082967936748,-0.0433620730714008,-0.0397569914039083,-0.04625449091627,-0.0296891033865217,-0.0375338302120059,-0.038658022517291,-0.0393044163222644,-0.0377295554226092,-0.0356677061819052,-0.000267091868835166,0.000671831515982434,0.000766934168863379,0.000738350848799734,-0.00041519361778281,-0.000860311622925402,-0.000381376954896095,0.00125606623247881,0.00124645825161067,-0.000394763033766281,0.0006472525594958,-0.000525034010468257,0.000221339298932975,0.000596317387625501,-0.000712600833650466,0.000190934910889425,-0.000294911274895115,9.52892968598851e-05,0.00079445187511438,-0.00012932759205159,-0.000562395216333125,0.00136748908212298,-0.00128779578157053,-0.000338337514553623,-0.000702535992883866,0.00026353847655764,-0.000204192500077565,6.27622129419232e-05,-0.000345937951224622,0.000379873066211402,0.000765869061104443,-0.000496410416657247,0.000124349645598786,-0.000462108216418457,0.000295443075959976,0.00120449578123477,0.000233971772881705,-0.000516915531921621,-0.00207262450625558,0.000585253280715793,-0.000143983444284768,-0.000886657200891878,-0.000233167760350846,-0.000679152588599947,-0.000467243355957268,-0.000551068883027674,-0.000227999867848088,0.000347289519596702,-0.000409214700188913,-0.0014394044651002,-0.000610193323384353,-0.00125562424279603,-0.00226147847447456,-0.000523864958003636,-0.00329026667815421,-0.00149033906443228,-0.000230123040009632,-0.00236302899971278,-0.00181142111370569,-0.00101804075930618,-0.00168530986070494,-0.00108720714375838,-0.00123079491989785,-0.00136798234215321,-0.000369684519568948,-0.00233334225040635,-0.00159863592190669
-0.0874376497373674,-0.119815998355105,0.118247317862622,0.105570771213371,0.116524119676073,0.103416398893098,-0.0652171055667566,-0.0629109239927566,0.139822935659443,-0.0108791114856466,-0.0599518725556851,-0.0182644617716149,-0.0534740964661673,-0.0508188336239688,-0.0445174035218064,0.137559605420919,0.140345890567056,0.120142564248167,0.145579617048159,0.012592793762736,0.129510682576864,0.118649054970651,0.130052969858888,0.138099059401589,0.13854960728723,0.122038800247371,0.140386702262874,0.091853014797751,0.120380933197558,0.119710772429194,0.123101166787853,0.119062478461866,0.110221226714566,8.94462740487956e-05,0.000712799766817109,-0.00154624412553675,-0.000596646634345146,-0.00145411050910776,0.000302183418576934,-0.00101293869640263,0.00079011634579504,-0.000837122390606208,-0.000242453299420491,0.000197914958021618,-0.00127287975447512,0.00122123656352646,-0.00261467443779025,0.00047475908796242,0.0020764134787885,-0.0013246002600877,0.00171358842636116,0.00103442249986172,-0.000324900419072595,-0.00101933769459866,-0.00170132978157723,0.000341511911893287,-0.000694813709541036,-0.000479266396095198,-0.000326298949456089,-0.000334569314909829,0.00321434644613435,0.000137564672686543,-0.00093764664472521,-0.000433778997899997,0.00075192339436155,-0.000567250007147155,0.00187078859914866,0.000901700235725622,-0.00129810457917647,0.0016289775985487,0.0028455497326115,0.00262033953662538,-0.000707743018681516,-0.000369790071960052,-0.000424346281491481,-0.000159484603720328,-0.00144550762190045,0.00106836861891306,0.0015404932725167,0.000875145518316651,-0.00126710432610915,-0.000388819534206256,0.000234549083622424,7.25339314432805e-05,0.000209159302923254,0.00311779749787934,0.00260937961796145,0.00549030291834967,0.00212171652718132,0.000408855814038627,-0.00017611783586257,0.000533687103647153,0.000673231963222831,-8.86896462884632e-05,0.00219947619470267,0.00238906317597175,0.000991064890079188,0.00225611572107934,0.00314964542482165,0.00132629509348527
-0.0897852602484666,-0.122270301091949,0.120597610227942,0.107652200349863,0.118981628751533,0.105933651666671,-0.06648028010348,-0.064375149974621,0.144739818012272,-0.0100357972063866,-0.0618964125371026,-0.0190383780231454,-0.0536414855802889,-0.0521473075025268,-0.0442500025976706,0.140345890567056,0.146133558915626,0.125204243781108,0.150468376858481,0.0134404071837475,0.133897641683149,0.123429460063113,0.134304390318794,0.142283466650209,0.142966167864829,0.125959779157782,0.145388901301732,0.0946945729338706,0.123650159258207,0.124389983282179,0.125253642024507,0.121993134980441,0.113206211248039,-0.000303358494061712,0.00178542262595112,-0.00163920332648071,-0.00128641579257808,-0.00119318023306525,-0.000430169871020664,-0.000917806312186253,7.1196751100112e-05,-0.00157582611654222,-0.000573509661796322,0.000645628495738888,-0.00123254351352378,4.90594407044155e-05,-0.00325668795144414,0.000346232306940412,0.000232123933866183,-0.000496774437679471,0.000412191038331122,-0.00109241549014468,0.00099251223811777,-0.000255898224690844,-0.000537788712004206,0.000948848332393748,8.13543255261524e-05,-0.000740377851707331,-0.000202200423038372,-0.000595023830848567,0.00262876612572554,0.000888542375353404,0.000152542502010226,-0.000544857192416573,0.00139767874464692,0.000182125606353208,0.00143753747091512,0.00194312473179728,-0.000141327828529418,0.00248168862981092,0.00250211033599673,0.00106530676289142,-0.000337557744714621,-5.75288461288749e-05,-0.00215989331972193,-0.00140502977318261,-0.00257109970179086,0.000778961206948429,0.00162846806712868,0.00124043533733673,-0.00135694712811227,-0.000163159641021457,-0.00106565828594861,0.000329763651253645,-0.00178236091801407,0.00215091344847599,0.00169777712145305,0.00389407342702401,0.00119512379947919,-0.000918153442351782,-0.00114666311476004,0.000326968341695812,-0.000401112852506875,-0.00158600194073794,0.0013305751281198,0.00272698507041958,-0.000508044991159093,0.00196408214663553,0.00214882686829609,-0.000143756066439016
-0.0769835148023755,-0.104602404930661,0.103233094854795,0.0920666559187228,0.101496952540831,0.0897405843522618,-0.0568078844910991,-0.0546971926954006,0.123629644766489,-0.00834911505672223,-0.0532225899898582,-0.0157568373667623,-0.0452595694827753,-0.045281002970352,-0.0370811922267449,0.120142564248167,0.125204243781108,0.10777903846422,0.128748791178372,0.0117252697524343,0.114464631678485,0.105307677322475,0.114773828723922,0.121858777514934,0.122640482049964,0.107475347659008,0.123573472926025,0.08075814024329,0.10638627176543,0.106164818063959,0.106855059791988,0.104546357518691,0.0965932001201878,-4.91521109702153e-06,0.00212663114268221,-0.0015469550039069,-0.00067600361031512,-0.00126752179684967,-0.000260112632573279,-0.0011706790939272,0.000915881539041773,-0.000869844357350771,-0.000331395007246041,0.00124606742697935,-0.00121184187222165,0.000781061960361838,-0.00283193368325031,0.000111255137340073,0.000831713306348614,-0.00050910913210206,0.00104898997623035,3.3774770464944e-05,0.000789396739736826,-0.000390789440340782,9.86963066603259e-05,0.000552914356491825,0.000224113891498807,-0.000835232936546515,0.000248630446519466,-8.01116888596028e-05,0.00334959532620219,0.000980255820962548,-0.000135425751308637,-0.000207988173806692,0.00100488828587774,0.000342015073381143,0.00108085205224607,0.00161690090241998,0.000203591860639617,0.00250037106427087,0.00204866935217585,0.000466039975081008,-0.000130584183119897,9.03083525803421e-05,-0.0022316222493502,-0.00126274901119654,-0.00251680367793868,0.000384389740076578,0.00118431780459063,0.000753898657179156,-0.00133368725641415,-0.00105292465919377,-0.000937951905810204,-0.000487361263218333,-0.00121123226530516,0.00154635854203844,0.00143929955436214,0.00315439941820149,0.000600512445861656,-0.000924935535127447,-0.00137953743509871,-0.000245671661378357,-0.00100759980720199,-0.00187346362764701,0.000766403868388461,0.00185226925477235,-0.00054638666191253,0.00199376667910284,0.00148647420050829,-0.000230690112031686
-0.0927272708029746,-0.126817805021623,0.124781470962372,0.111632663787168,0.123345854577379,0.110070616578775,-0.0687891741727665,-0.0666955689903986,0.149765765344136,-0.0106946198687273,-0.0639665611884614,-0.0197545876760906,-0.0560401221083102,-0.0538528227789646,-0.0462716492872541,0.145579617048159,0.150468376858481,0.128748791178372,0.15549831317038,0.0140590851491389,0.138342707906668,0.127072588192853,0.138990089868555,0.14733716306915,0.147888684642118,0.129951781739538,0.15025413105659,0.0980114145903175,0.128071459694534,0.128329026719968,0.130682717915849,0.126484098750509,0.117279986841862,-0.000394242756166224,0.00112787064104304,-0.00161508255406769,-0.00122436191802748,-0.00148006858500505,-0.000497568118335153,-0.00104116625134899,0.000320199881469105,-0.00127964192010369,-0.00066120823806764,0.000192089118355215,-0.00132053164565653,0.000308372293364741,-0.0030243335132539,0.000544285725487571,0.00118867375623853,-0.00103205605168341,0.000937123686246827,-0.000341867834888339,0.000533246771347931,-0.000561503424767978,-0.00112644193416404,0.000607911477370802,-0.000291090060104454,-0.000691508545692413,-0.000326002920660253,-0.000662195050318075,0.0029675357922629,0.00036305216705562,2.91785899273425e-06,-0.000271976153798882,0.00131297460169855,-0.000163933761214971,0.00151413376459653,0.0014164185144997,-0.00096368981304921,0.0017154927593702,0.00265954692326921,0.0022206694389281,-0.000408934629826997,-0.000165467649888429,-0.00126029392229726,-0.000658154772971439,-0.00216196257142583,0.000670249144902301,0.00141864389329523,0.00101602602460275,-0.00114524135161812,-0.000122368909129678,-0.000638249767782357,0.000364040674846969,-0.00148137153348061,0.00260126505352857,0.00204122636154053,0.00446385155479338,0.00141658649251012,-0.00070581661181289,-0.00130764209161814,-2.99832597875014e-05,6.53572226800551e-05,-0.00129874658712763,0.00175100011750399,0.00255790766609213,-0.000142641863100749,0.00172624254031896,0.00242674755556159,-3.20223235238656e-06
