0.0602458391369704,0.0778559049751608,-0.0758030632819159,-0.0665877553265278,-0.0731866299016141,-0.0644111376786681,0.0419457776405889,0.0403208260203906,-0.0892157659578717,0.00731301493098029,0.037094721756053,0.0125198429815972,0.0335881816288618,0.0317562007513806,0.0294278180360691,-0.0884179472561378,-0.0889543039869804,-0.0766444527867593,-0.0923333614243209,-0.00793791724006868,-0.0821102220082857,-0.0757541312034679,-0.0824786599327387,-0.0871371592038721,-0.0877324686764575,-0.0754075403449776,-0.0909300357569287,-0.0577229576732353,-0.0785102619608336,-0.0758109495401514,-0.0784674480031502,-0.0754871370428946,-0.0696344131940714,0.000312493514995343,-0.00197752699149231,0.00181450394481053,0.000689923200270539,0.000880088212482273,0.000448930873066548,0.00127415132020777,-0.000966922487017069,0.00207493629915594,-0.000249164357097227,-0.000555735186762385,0.00056037243439008,-0.000450205818313252,0.00209493279274169,-0.000700933339285417,-0.00259874193570087,0.000414910762494911,0.000895843277311689,0.00154809398771548,-0.000969693134694525,-1.29629999666043e-05,0.000630791732681852,-0.00053479080687092,-0.000378161733669551,-0.000150149245454798,-6.15438591848883e-05,-0.00211583141770399,-0.00420498176678273,0.000678600225999825,-0.00020701977036927,0.000884309377238503,-0.00158417680351187,-0.000428188131442624,-0.000986146802980855,-0.000681458029040224,0.00103372229823473,9.99026214937188e-05,-0.00169718836515726,-0.0030875190512032,0.000554779674206976,-0.00027313947187597,-0.00126141986875133,-0.00021038248273051,-0.000254963475888521,-0.00138310409690184,-0.000540282082050465,-0.00240134803871863,9.55197447385713e-05,-1.11614800873385e-05,-0.000705564860838866,-0.00133260647365513,-0.00137435903529557,-0.00380274266791508,-0.0012618995661286,-0.00430728108795887,-0.00336441753912787,0.00018567405133171,-0.00174906943393319,-0.00226913046695747,-0.000363550280137663,-0.00162228110476342,-0.00337802133664697,-0.00104354240981507,-0.00299890462705358,-0.00273322776711681,-0.00406799122052127,-0.00219293504401411
0.0778559049751608,0.106133413575372,-0.102843219820516,-0.0923448561263639,-0.101504236101532,-0.0895147464793097,0.0573405936078733,0.0555067753823513,-0.123022077314959,0.00982122099343393,0.0531873189683083,0.0167857219130058,0.0471838457025241,0.0448882148342109,0.0396095995620099,-0.119256581625203,-0.122559202861428,-0.104621535806081,-0.127062532772844,-0.0113041425501837,-0.113037057979659,-0.104379478885832,-0.113026745064496,-0.120713277552092,-0.120265607458379,-0.105864846400465,-0.123817133962722,-0.0803366916387666,-0.105571665008041,-0.105465376588406,-0.107671579399623,-0.103340647102372,-0.0957904955338723,-7.53687431930946e-05,-0.00065626793115907,0.00133335842738823,0.000642938413463968,0.00115017486277116,-0.000271393287657836,0.000644672490285776,0.0007621729525718,0.00152198708171366,-0.00101231805745805,0.000560357762101274,-0.000490257569741865,-0.0010337094617439,0.00178382920460164,-0.00149237041286959,-0.00263854643631766,0.000563795194011714,-0.00110211571723495,-0.000614649682947861,-0.000575871681626127,0.000431186946340032,0.00116893326089787,-0.00121552254384513,-0.000209312119254342,6.3579260493527e-05,-0.000402954524289325,-0.000928943712515325,-0.00431805013447301,-0.000609440466744498,2.39718575419132e-05,0.000335798547776602,-0.00119737270751775,-0.000338766019905248,-0.00128227790540309,-0.00146483038008229,0.00119144677473192,-0.00131878867754489,-0.00272359425417911,-0.00266892863107886,0.00114779476218363,0.000211813874567641,0.000658568471510394,0.00053952624251196,0.00157159182230543,-0.00108883315843144,-0.0010954949832868,-0.00132734286048346,0.000848093168905044,0.000551451370629083,-0.000543375587327362,-0.000296025123658251,-0.000325924080298041,-0.00369709966110634,-0.00251238379044417,-0.00525340279159735,-0.0025661546675533,0.000650978616339243,-0.00110746647684907,-0.00106538122374729,-0.000177851303121325,-0.000940913619087713,-0.00269360166045699,-0.00205315080449656,-0.00141732283426732,-0.00230563246844323,-0.00354202825039171,-0.00161922888956549
-0.0758030632819159,-0.102843219820516,0.103254656837448,0.0903685973583953,0.100676586789371,0.0889940870341701,-0.0569280319952513,-0.0541110845819897,0.118725738467553,-0.00956310690156536,-0.0495653229065556,-0.0157627905738239,-0.0461482198122778,-0.0418547771282898,-0.0390381303884753,0.119090306836881,0.120003512477085,0.103285455065734,0.1247984157838,0.00929828738497199,0.111346433346409,0.10358777020177,0.111311758031434,0.117834298903218,0.118951470502603,0.105746854012164,0.122156930990408,0.0784726274149384,0.103133059074529,0.102908814992755,0.104306753215624,0.102064733532611,0.0946336948927955,0.000812051700996426,0.000908044188933545,-0.00205752150157855,-0.000696325001061323,-0.000219279875807785,0.00160239369777735,-0.000466662822153802,0.000573777588346687,-0.00175893739472303,0.000156573547202742,0.00100479583311925,-0.000829540592799271,0.000505439535681234,-0.00214262007211356,0.000391111362669233,0.000407987418465446,0.000127500108381855,0.00123478499066802,8.77290627796463e-05,0.000251732490398779,0.000389058814860986,-0.00102548249013488,0.00175074485207896,-1.4904325532457e-05,0.000215866835939256,-0.000620602092084203,-8.91837800183772e-05,0.0021543076919429,0.00108081587041022,-0.00132171216105102,-0.000578851556857826,0.000440361313345301,-0.00023064846033641,0.00180577076288254,0.0011241614467121,-0.000705613674572206,0.00203675381832823,0.00177384416808614,0.00130351854264493,-0.000637385053119712,0.000206461542276285,-0.00065318254725674,-0.00134169001268141,-0.000359596637573696,0.00108965277244146,0.00183953425343143,0.00156260907832669,-0.00131771252481546,-0.000141219119766049,-0.000487731268361003,0.000362128287138278,8.7669702881557e-05,0.00258422163479602,0.00216021855702454,0.00461035994641232,0.00176617108412052,-0.000561628004563297,0.0016638339913239,0.0021913293265002,0.00136696388147201,0.000169701485524618,0.00102856670665072,0.00228983138426434,0.000687969622695159,0.00227907043063147,0.00287543303165152,0.00157959046060326
-0.0665877553265278,-0.0923448561263639,0.0903685973583953,0.0818074042325518,0.089763960806018,0.0793495677876093,-0.0501709012596554,-0.0488224344363992,0.10788640679123,-0.00866887885390658,-0.046338253940317,-0.0142060610828219,-0.0416661434557735,-0.039389019505464,-0.0345284785012012,0.10450258216738,0.108450526480105,0.0920976034242984,0.11211816410505,0.00969053462475665,0.0997336096812601,0.0916627970545625,0.0995378508534629,0.106089323783454,0.10571243435332,0.0944945173749958,0.107798746919357,0.0706888685383894,0.0915908166515751,0.0923014374437922,0.0940647574649262,0.0909866161319588,0.0847626618593301,-9.73688521045339e-07,0.000585069652686007,-0.00141760351847103,-0.000363633822997546,-0.00132819014501203,-4.21941767739196e-05,-0.000865828796055294,-0.000197428455841993,-7.46720212139239e-05,9.08615405655468e-05,-0.000205095987917616,-0.00056054881247833,0.00153725295300894,-0.00227460172059329,0.000497044129116891,0.00151479163548629,-0.000639029595426194,0.00151152170013835,0.00117594368428733,-0.000393075890371779,-0.00136541770975115,-0.00134814813498221,0.000624517645882188,8.61171775067027e-05,-0.000406458242888237,0.000131522176251969,-0.000155987036815269,0.00248032044059259,0.000866016233727615,-0.000634458256740631,-0.000744448435342879,0.000737007116507457,-0.000185695274338151,0.00180929514910975,0.00146683377760836,-0.000380875363945119,0.00253309016839171,0.0031669504369822,0.000630251576286372,-0.00113530247657038,-0.00102218933868748,-0.00142968393131921,-0.000884353851119123,-0.00167308853692253,0.00157233328170566,0.00173090170877539,0.0012743108573047,-0.0014919289382834,-0.00027969137271184,-9.82055447556943e-05,0.000395671560490831,0.000164363821391561,0.00214340419107844,0.00237756742908021,0.00418071920628829,0.00206213314065976,0.00104885744291423,0.000234380760562734,0.00138117000925621,0.000130849453389136,6.44611426104792e-05,0.00183286084483918,0.00263815480118254,0.000817821836534093,0.00217215926113191,0.00272529360989551,0.001403992405204
-0.0731866299016141,-0.101504236101532,0.100676586789371,0.089763960806018,0.0997815438504774,0.0887775865132014,-0.0559206862671935,-0.0539276274119962,0.118601347061668,-0.0093701751244176,-0.0505236341326157,-0.0160831780103602,-0.0462999467374149,-0.0425410467309506,-0.0385166439924599,0.116181777351887,0.119307953319704,0.101614283782664,0.123660104284261,0.00983869758515603,0.110197379486561,0.102047142201809,0.110173357833948,0.116962881889792,0.117238414110807,0.104998116200743,0.119863524785252,0.0781337286351341,0.10083095914455,0.102375195817225,0.103542741233708,0.100531072209571,0.0937084101296283,-1.59865337471964e-05,0.000513606051330068,-0.00237595326640695,-0.000636558532926375,-0.00115788491388694,4.09348232094104e-05,-0.000954228263652768,0.000471908366752584,9.02799760803313e-05,-0.000375689506168531,0.000694127791939764,-0.000800487933348889,0.00146546380420525,-0.00231876702681171,0.000721570085088112,0.00121215950183413,-1.87310196653398e-05,0.00250044776426193,0.0013527697262074,0.000287814992165278,0.000189113619881471,-0.000457278611142598,0.00195065188297646,0.00148716635278375,0.000230669194339436,0.000737883478826609,0.00017087857658201,0.0026337680904036,0.00211612958774915,-0.000102026782175559,0.000391956915193091,0.00136545035659008,0.000539656726469716,0.00144933231673111,0.000988564181845354,-0.000940034571961656,0.00216924357650782,0.0021570849407957,0.00101878065357988,-0.000820314854152868,-0.000348937254804327,-0.00153496689423498,-0.000913022265125581,-0.00122318904800373,0.000710549204846093,0.00161143505651253,0.00081063221940328,-0.00136955127029739,-0.000228839018635804,1.31234017121761e-05,0.000325459654494229,-0.000492129558095274,0.00204883549986355,0.00188027660703754,0.00423459088406871,0.0011544611787172,-0.000109467461354269,0.000490578325541877,0.00148731459651952,0.000755328940966204,-0.000522482938661876,0.000816151779392907,0.00257416027470311,1.01795521091507e-06,0.00113108335277174,0.00240514330224965,0.000691316078949733
-0.0644111376786681,-0.0895147464793097,0.0889940870341701,0.0793495677876093,0.0887775865132014,0.0808507043672994,-0.0490951071088913,-0.0477848598321034,0.106103578774015,-0.00770929595912085,-0.045015766142999,-0.01526931757471,-0.0415515435520556,-0.0373640757133719,-0.0345896027857607,0.103537203582443,0.106098172618485,0.0896527054213578,0.110271847422413,0.00897951642224559,0.0979559304448219,0.0906726031838434,0.0989528991697868,0.10399443451288,0.104957857781918,0.0934450014151449,0.107143183297083,0.0699642314123613,0.0892935953465835,0.0916083373857314,0.0930685368967243,0.0895694691985366,0.0837929855567049,-0.000221755874827035,-0.000854467818208748,-0.00229413277392435,-0.00241159837203438,-0.000265304740548679,-0.000732944968928093,-0.00115302713087412,0.00025872190548934,-0.000433893927943165,-0.00162243237060579,-0.000397152393071597,-0.000839898642988404,-0.000803342151187526,-0.00193745807114695,0.000965783286241668,-0.000129014771264464,0.000390136197374793,0.00103043077424795,-0.000920469892226984,0.000401747484274138,0.000427322100390673,-0.0012078566840523,0.00161719871313377,0.00232076305901791,-0.000660663497849409,-9.12452690295368e-05,-0.000968543532555152,0.00131825201333925,0.00106249723730021,-0.000382298134525714,1.95065529784706e-05,0.000809383105968442,-0.000395910821036624,0.00155328133187841,0.0009708816405379,-0.00151054340210682,0.00185758671704321,0.00203038794780474,0.000838770263250092,-0.000794660054471331,-0.000868572252311774,-0.00142751570928619,-0.000483032277982374,-0.001192782880004,0.000581806700983926,0.00117886765938285,0.00132829372763925,-0.000886629690627766,0.000761622827385285,1.17162928654268e-07,0.00170141434123615,-0.00162181119060947,0.00143244068342274,0.00112369920325008,0.00307165497658871,0.000944873822522788,0.000765365622070118,-0.000381817142153948,0.00189603026373538,0.00158971725806414,-0.00116316748873775,0.00123063484435719,0.00217447559968032,-0.000539172261344254,-0.000402678114119759,0.00233332438929643,-0.000626678769869256
0.0419457776405889,0.0573405936078733,-0.0569280319952513,-0.0501709012596554,-0.0559206862671935,-0.0490951071088913,0.0319850480266559,0.0305744032791936,-0.0659107076692407,0.00570647195813275,0.0280774580831775,0.00905060519741962,0.0260862643481037,0.0238288267233405,0.0221113245928801,-0.0651622362773607,-0.0664794216024438,-0.056912789906709,-0.0688458375275812,-0.00499247738594017,-0.0615359975882536,-0.0572374392735131,-0.0610566320908477,-0.065150800316796,-0.065061893535231,-0.0585151707423935,-0.0671363700120114,-0.0434313504758131,-0.0565422460889009,-0.0570635343472146,-0.057352691078425,-0.0560397662916109,-0.052203914132153,-0.000196653743984303,-0.000694705179945613,0.00153031410785842,7.48468017426494e-05,0.000502665101561198,-0.000612747475036378,0.000315762102141766,2.68694307224744e-05,0.00044907138213917,-0.00044017258728278,-0.000740040878088072,9.23427209783864e-05,-0.00114636362858168,0.00125930069427621,-0.000365716821639725,-0.000769064499043329,-0.000239798888029808,-0.00130661455670489,-0.000735132157425563,-0.000433539542522036,-0.000616163637240364,0.000147576447302961,-0.0015240435702743,-0.00090351138509774,-0.000695966638122438,-0.000669655808218286,-0.000797770508840032,-0.001636343229414,-0.00148489118264213,-8.0849836982131e-05,-0.000120777646820787,-0.00101266979065137,-0.000659543744960729,0.000103990110990797,0.000304183425296636,0.000868257210195559,-0.000379676245318445,-0.00015484424359402,-0.00150266529239456,1.29929551393352e-06,-0.000811802828618379,0.000165558507837356,0.000201519349431724,2.05837769638339e-05,0.00048182578326206,-0.000235769580552854,0.000459147990382493,0.000629710270284704,0.00099088272438265,-0.000778249355485981,0.000752493005148261,-0.000644607033777718,-0.00162568321915148,-0.000333019467887286,-0.00293214829010604,-0.000135678020160189,0.00116974530722699,-0.00113063016488337,-0.000509345714452712,0.00041938903248178,6.74492918063177e-05,0.000246109613160056,-0.000881073227987844,-0.000266367337193752,-0.000610446722189817,-0.00127337275168956,-0.000676766779005142
0.0403208260203906,0.0555067753823513,-0.0541110845819897,-0.0488224344363992,-0.0539276274119962,-0.0477848598321034,0.0305744032791936,0.0299758781846153,-0.064625177584,0.00568119406859744,0.0279084138647617,0.00909601128463901,0.0255321908403448,0.0237142864160264,0.0215908019814657,-0.0622265350818139,-0.0648354748424209,-0.0547310463599443,-0.0667561354374347,-0.00535901089365894,-0.0595760256257282,-0.05465998789972,-0.0592095366595385,-0.0631624987700972,-0.0624458475754814,-0.0566318171084657,-0.0641156567967405,-0.0422656440737214,-0.0541987197080556,-0.0551276113075887,-0.0559512669241317,-0.0540251271194513,-0.0507408156585318,0.000427633361516727,-0.000489516871260702,0.00149432713451742,0.00050235272059892,0.000887963448968614,0.000331795665748864,0.000553949615029418,0.000654471027929532,0.000209862443686314,-9.28650831029237e-05,6.33553771518836e-05,0.000234321949098955,-0.00101371420208564,0.00161456678521934,-0.000261573758740904,-0.000754266577689525,3.01769740387684e-05,-0.00054937063358799,-8.99714207348719e-05,-0.00018643004332343,0.00014756805000552,0.000789629743461902,-0.000980659415461226,-0.00123220450389479,-0.000455958153510428,-0.000779469120424997,-0.000492028463731952,-0.000958577172468162,-0.00116009255158043,-0.000522958504860167,0.00039622376298638,-0.0013433760086497,-0.000420921110513001,0.000176834732695242,0.000535205869107459,0.0010190727956312,-0.000260389888070434,-0.000629549218152611,-0.00155238444139878,5.24746107029871e-05,-0.000400477813192171,0.000123253745856054,-0.00036352028314582,0.000313812150930019,0.000253028932324026,-0.000118831061202231,0.000610127762712239,0.000543530726505994,0.00058370859710405,-0.00139181537265362,0.000133532225877356,-0.000789736734853881,-0.00158086992205708,-8.87417897105364e-05,-0.00296710222181385,-0.000471650732298719,-0.000134651570034606,-0.000496992546225942,-0.000657217654039462,0.000851597928825399,9.07449715021208e-05,-0.000298896558978032,-0.00119123424396512,-0.000604407266010034,-0.000433350746449125,-0.00157948604153108,-0.000579473648013088
-0.0892157659578717,-0.123022077314959,0.118725738467553,0.10788640679123,0.118601347061668,0.106103578774015,-0.0659107076692407,-0.064625177584,0.146058720416302,-0.0101275184649862,-0.0627265982935188,-0.0199692498969933,-0.0545240687977111,-0.0528536187215816,-0.0446884997715956,0.138724395735387,0.145552166453776,0.123612085457654,0.149957556307897,0.0145920152247907,0.1334337950856,0.121875278903466,0.133977534352777,0.142518704825028,0.142205611154149,0.123937358470755,0.144363975854397,0.0944301599325563,0.123337836956633,0.123840120712559,0.126757360208917,0.121373558227992,0.112641809729599,-0.000906613565572283,0.000702113334542966,-0.00179471995273641,-0.00159434932996686,-0.00191266245992219,-0.0017765894460569,-0.00143803170119443,-0.000470351868142334,-0.000547361152603074,-0.000421737987196034,-0.000727200621783852,-0.000217189237148393,0.000560122316662478,-0.00264796446605809,0.00160366165894068,0.00236972827029561,-0.00111220471831292,0.00130792663565452,9.1833160485409e-05,0.00107816235276919,-0.000624501872103781,-0.000578834803579099,0.000345552864502414,0.000761953513988989,-0.000386313689375537,0.00068662340606234,0.000176579023120971,0.00461641865104024,0.00031952081297549,0.00109033241522729,0.000333386848600281,0.00196418997764236,0.00064897215748372,0.00142156122244904,0.00133318667974392,-0.000995939362929803,0.000761845634392888,0.00352664520876756,0.002748625539562,-0.00111691534089121,-0.000936112300680508,-0.00113187033203733,-5.19184970608142e-05,-0.00262029769559436,0.00091461794188437,0.00120060911146042,0.00114632155667557,-0.000971018476159445,-0.000103585454322599,0.000143440368000503,0.0014667581178778,-0.00151269466226436,0.00307780185633285,0.00226227989191283,0.00413082145884406,0.00216516850112894,-0.000390818617610151,-0.00191858007950874,0.000184656319329968,-0.000308315089473842,-0.00107855460555944,0.00278323721672094,0.00264152747650019,0.000752947018944298,0.0012383530810393,0.00298329671442759,-0.000152337665258969
0.00731301493098029,0.00982122099343393,-0.00956310690156536,-0.00866887885390658,-0.0093701751244176,-0.00770929595912085,0.00570647195813275,0.00568119406859744,-0.0101275184649862,0.00210780953284748,0.00467849778643267,0.0012676058518327,0.00492792721397998,0.00400117779613331,0.00470549351470397,-0.0106247458189414,-0.0100869660712344,-0.00840456944918082,-0.0106688404893407,-0.000323873809710944,-0.00954167706151915,-0.00888860599856282,-0.00917810469008422,-0.0100911227944851,-0.00924378850410143,-0.010367837001897,-0.0102825909108559,-0.00721742953729412,-0.00863488678475758,-0.0088939296588968,-0.00935111367424468,-0.00887909031486182,-0.00877378621007605,0.000461220008786193,-0.000429129641837444,0.00059050571305625,-0.000709991066832935,0.000881340250845118,-5.12276834895625e-05,0.000109709016241002,7.53702214391104e-05,-0.000346262538815696,-0.000352577439914763,-0.00014488713772015,0.000522999837687752,-0.00150092839034612,0.000631945642890212,0.000395954958047601,-0.00106881668634889,0.000165111385303898,-0.000357814916362885,-0.000888884627274513,0.000573124243772601,0.000475668322353105,0.000640362947006813,-0.000752663664025625,-0.000607273132163827,-0.000553255354330351,-0.000718232120252809,-0.000645125262425792,0.000327833358980439,-0.00103241625255424,-0.000455729473943446,0.000213612256001619,-0.00089407226218215,-0.000215157440234947,0.00018255034599298,0.000430682611340709,0.00066509778292975,-0.000396432629200564,3.24286204131524e-05,-0.00052996950595581,-0.000119740745632562,-0.000414863956326176,-0.000244115212443338,-0.000367464130521101,-0.000492788722961867,-0.000168778291523735,-0.000114868302020051,0.000353472828585386,3.58584884430412e-06,-9.23884829541525e-05,-0.00100901846805228,0.000375747382495486,-0.00129352625178455,-0.000665525374567967,-0.000172275171991875,-0.00182085549264617,-0.000490263070763761,-0.000976320684528762,-0.00132596247992612,-0.000719781348658787,8.98671774201938e-05,-0.00109162038317001,-0.000185831722840771,-0.000555171454082185,-0.000583903016628244,-0.000744681103546405,-0.000892513086799302,-0.00119623704692609
0.037094721756053,0.0531873189683083,-0.0495653229065556,-0.046338253940317,-0.0505236341326157,-0.045015766142999,0.0280774580831775,0.0279084138647617,-0.0627265982935188,0.00467849778643267,0.0289475371718931,0.00896878380885473,0.0242047806077126,0.0238768377497799,0.0195816638796034,-0.0575528797801138,-0.0613463830822031,-0.0513700164828413,-0.0633370764009646,-0.0066243488542343,-0.0562679121442262,-0.0516627714296653,-0.0562850813248252,-0.0609096105258182,-0.0595256006836184,-0.0528063522893332,-0.0611436603060606,-0.0407792812833186,-0.0518080497004578,-0.0536429583531965,-0.0544582862761729,-0.0509587886698592,-0.0474587131551588,2.34861163832278e-05,0.0011814050160704,-0.000387819272736248,0.000909836998606842,0.000402541885714427,-6.17547811261438e-05,-0.000393464491811362,0.00273932515869132,0.000955696377065326,-0.0012235965786263,0.00221487117476306,-0.00186485611193685,0.000211362906893924,-3.35446019029482e-05,-0.00183630747743358,-0.00113710621617589,0.000328800758896039,-0.000624227196310605,-0.000523159361851054,-0.000421452889761417,0.000470310780234037,0.00108108157606572,-0.000613381862091576,-0.000190289420135073,0.000314283933145636,-0.000495637188208887,0.000368765574103478,-0.00190679157915385,-0.000494622644172122,-0.000442442474460553,-4.15773727175304e-05,-0.000338404469772105,-9.96802432767662e-05,-0.000634667028765901,-0.00135105609564189,0.000696516330797886,-0.000866165791821263,-0.0021299772061691,-0.00123235463694848,0.00121707389566498,0.000732645198469918,0.00146740055232209,0.000345992806609625,0.00238304083787543,-0.000536767668197325,-0.000584440301746913,1.48598071569037e-05,0.000370131106780935,-1.97690575992618e-05,-0.000736450707507325,-0.000322324036999178,0.00068669690181925,-0.00187300852183219,-0.00190971566712124,-0.00255176496727013,-0.00120843044831071,0.000155170073308171,0.000142387769010823,0.000259800334117621,-4.01295294800217e-05,-0.00052526326325098,-0.00171850688659583,-0.00144169097658463,-6.7401357203919e-05,-0.00039313076714511,-0.00156927354780518,-0.000187336466556052
0.0125198429815972,0.0167857219130058,-0.0157627905738239,-0.0142060610828219,-0.0160831780103602,-0.01526931757471,0.00905060519741962,0.00909601128463901,-0.0199692498969933,0.0012676058518327,0.00896878380885473,0.00424972410953007,0.00836050737670855,0.00752482460423538,0.00739312190854258,-0.0180744306287601,-0.0193463899067547,-0.0155295974039875,-0.019867793891106,-0.00149802680527608,-0.0174841235454805,-0.0164030223494713,-0.0178280449549413,-0.018407542269153,-0.0187146802986569,-0.0157439070938281,-0.0195952200097008,-0.0125442474346584,-0.0158755543531611,-0.0170134218751863,-0.0167535049246936,-0.0155754239888036,-0.0147035702059023,-2.8163827749008e-05,0.000598820637443277,0.000880439601561061,0.00168185254085982,-0.000692210743689963,0.000809200249878474,0.000557219139862445,0.000544552990093753,0.000527978763944033,0.00045370061932755,0.000632091944515005,-0.000915097870883803,0.00117069202800915,0.000234100355112388,-0.00115574856512777,0.000290081397240687,-0.000919234250432234,0.000553933347162349,0.0017359699150572,-0.00101208281404017,-0.000859503525447354,1.88469900703107e-05,-0.000660175422133019,-0.00210480011402177,0.000309951420349605,-0.000440453520557988,-0.000645075941915967,-0.00139092222202232,-9.76951202016731e-05,-8.8542079147633e-05,0.000283505142599316,-0.000382999796796849,-0.000324672524171595,-8.35012195352959e-05,-0.000254276857256618,0.000547924708656017,-4.58773828722391e-05,-0.000538606473403206,-0.000399509589674035,0.000638322884304415,0.000510571688472785,0.000390451530346956,-6.23266573375353e-05,0.000483051468073193,-8.16480111539261e-05,0.000270330182457146,-0.000652189402267057,7.65198811605496e-05,3.81722733414616e-05,-0.00097088714302331,-0.00107020121155879,-4.45241448140808e-05,-0.000931451018392476,0.000518299469723062,-0.000657210637062192,-0.00066470167164636,-9.00752487921369e-05,-0.000463959778062701,-0.00132478994912449,-0.000107625966113442,1.6216745099095e-05,-0.00100875839221776,-0.000138317590336456,-0.000655716561031726,0.00085244623511129,-0.00137901715580893,0.000260115927761234
0.0335881816288618,0.0471838457025241,-0.0461482198122778,-0.0416661434557735,-0.0462999467374149,-0.0415515435520556,0.0260862643481037,0.0255321908403448,-0.0545240687977111,0.00492792721397998,0.0242047806077126,0.00836050737670855,0.0227697343717546,0.020312209335621,0.0193778494911835,-0.052720937247431,-0.0543005864347858,-0.0451994194502427,-0.0564947743612363,-0.00405037385023656,-0.050059946769725,-0.0467662246750434,-0.0500153742916521,-0.0531448172219037,-0.0528341394805982,-0.0484210075432465,-0.0549121980314874,-0.0361759700861879,-0.0452782713880676,-0.047451136910815,-0.0475986146181907,-0.0456057890166596,-0.0430371492502639,-0.000292792265934421,0.000883934710736436,0.00119849305278926,0.00121005484043082,-0.00014337702323421,-0.000174256444429725,0.000406623477267323,0.000949026418877506,0.00032767362800495,9.50850233207809e-07,0.000834648005086332,-0.00056431883996659,-8.15638015807957e-05,0.00082737821481912,-0.000886294557872091,-0.000183518009839321,-0.00069651123656385,-0.000607640314692369,0.000149480959683919,3.1147595505296e-05,2.46680231018746e-05,0.00132491290709125,-0.00143071448804338,-0.00184393946093183,0.000373462601463372,-0.000348981320150669,-5.26652875038199e-05,-0.000956238731197464,-0.00109096423923791,0.0006733308973445,0.00070880362343811,-0.000258151791941327,0.00023390445275181,-0.000471483341351739,-0.000481390420799434,0.00113748049473373,-0.00158628043014717,-0.0011526605357526,-0.000418334086710872,0.00075244442189647,0.000441937991258701,0.00104831665978132,0.000339956276958331,0.000735439458161731,-0.000211522631047829,-0.000287819915286321,-0.00029679018716098,0.00072424452978171,0.000434699571636966,-0.00110042273225679,-8.1159428880577e-05,-0.000543257915006652,-0.00135329026621354,-0.000408642036580168,-0.00280778431517813,-0.000663111339382375,-0.000651504263542055,-0.0013357829233074,-0.00150705100066504,-0.000164128549549425,-0.000279413212394353,-0.000721767257053098,-0.00107817160337463,-0.000210287279214028,8.41746233188236e-05,-0.00190604808566794,-0.000532009278333057
0.0317562007513806,0.0448882148342109,-0.0418547771282898,-0.039389019505464,-0.0425410467309506,-0.0373640757133719,0.0238288267233405,0.0237142864160264,-0.0528536187215816,0.00400117779613331,0.0238768377497799,0.00752482460423538,0.020312209335621,0.0205829024975133,0.0165037117345417,-0.0481266891303798,-0.0525441186008535,-0.0438436184623204,-0.053660808495761,-0.0054080594322483,-0.0476156406293256,-0.0433889622601536,-0.0471510323832013,-0.0509856518714742,-0.0499562771818349,-0.0438818164878331,-0.0508675740606227,-0.0337382173053779,-0.0435303185548144,-0.0445130060308092,-0.0448888519245775,-0.0427921912748236,-0.0398529603820493,4.02285400549496e-06,-8.39930521532592e-05,0.000404444831026916,0.000377699981783852,0.000686452447027849,0.000664217011617433,0.00052519350995986,0.00116205384025394,-0.000280164157472308,-0.000628423541317354,0.000853627874229184,-0.00107591128848998,-0.00093101556917932,0.000855132360045475,-0.00110046753432223,-0.0013249378161336,0.000221908132753889,-0.000891735159854867,-0.000771994519648797,-0.000329771217283203,0.000793451868811721,0.000319479316089781,-3.21345841674357e-05,-0.000533883771572162,0.000360767906624225,-0.000814291660151851,-0.000666069448351634,-0.00278349383439895,-0.000362080669145419,-0.000123053290424523,0.000368608788700542,-0.000542748498092395,-0.000490015916185386,-0.000299899922461843,-0.00075154223091154,8.34268936195483e-05,-0.000862795067328299,-0.00195341435126054,-0.000628618622924953,0.000950980651037067,0.000811266750075492,0.00108105469896536,0.000226968676600743,0.00174225570064797,-0.000379366754726993,-0.000199157745110242,-6.27134075862518e-05,0.000842744217273681,0.0011916270750099,-0.000722493609551521,0.000265692462774885,-0.000416952009255429,-0.00146723588781693,-0.00079979427596761,-0.00198165544843919,-0.000930328778579266,0.000120799341359794,0.00026303800782939,6.93025532572256e-05,0.00137574147845221,0.00010536612478902,-0.00119803767891718,-0.00095315423752544,-0.000737056047000456,-0.000606011699871747,-0.00138093133372077,-0.000430413591160337
0.0294278180360691,0.0396095995620099,-0.0390381303884753,-0.0345284785012012,-0.0385166439924599,-0.0345896027857607,0.0221113245928801,0.0215908019814657,-0.0446884997715956,0.00470549351470397,0.0195816638796034,0.00739312190854258,0.0193778494911835,0.0165037117345417,0.0174002052026206,-0.0443853525480587,-0.0444304022205692,-0.0368760778318332,-0.046451069691292,-0.0026272708728148,-0.0411331069473941,-0.0387080461572875,-0.041178328048976,-0.0432965441506815,-0.0432167339469275,-0.0400244825645368,-0.0457393647612892,-0.0298021322785888,-0.0375724965192946,-0.0389851198885914,-0.0393354275490957,-0.0376434829069803,-0.0357274245938138,-0.00021575116131825,0.000547327019928559,0.00146827637369259,0.00141226678250443,-0.000442758198119541,-0.000251610641174062,0.000470663009194092,0.000815708409451735,0.00105764677235757,3.63348250633994e-05,0.000723105898931128,-0.000357019813848513,0.000293788657706585,0.000973644828895317,-0.000676881202356282,-1.80040278055352e-05,-0.000976142252480698,0.000575623575233435,0.00140277263665354,-4.0066174015293e-05,-0.000142797993324604,0.00163873327480739,-0.00154039740466763,-0.00216340209487524,0.000185243128018511,-0.000184159984845801,-0.000531848349773941,-0.000518803118228383,-0.000795423606262501,0.000734536042995753,0.00136219750137753,-0.000432800472104807,0.000354090880875724,-0.000562797236492042,-0.000300568056904136,0.0012593205775045,-0.0013798177470724,-0.000924239033110407,-0.000594643226023435,0.000726536490105064,0.000268165284281935,0.000340354543078649,0.00013663013709648,-5.70623963193584e-05,-0.000719950315000919,-0.000312345088880308,-0.000929700508858715,0.000447911668868338,-0.00014046407737962,-0.00161406465825827,-0.000782625625696381,-0.00146814670649166,-0.00183434574271996,-0.000153966241649462,-0.00322333565817849,-0.00155029070931938,-0.00145274102281168,-0.00249747079754762,-0.00284762850354151,-0.000645700627193751,-0.00126848786749891,-0.00139047029788332,-0.00104050225976506,-0.00127349057751697,-0.000432708001734693,-0.00283147032668455,-0.001398443991819
-0.0884179472561378,-0.119256581625203,0.119090306836881,0.10450258216738,0.116181777351887,0.103537203582443,-0.0651622362773607,-0.0622265350818139,0.138724395735387,-0.0106247458189414,-0.0575528797801138,-0.0180744306287601,-0.052720937247431,-0.0481266891303798,-0.0443853525480587,0.139174680557463,0.139146253783709,0.120100979993922,0.145388939236379,0.0121519421496013,0.129302272820997,0.119906288859489,0.130333137020118,0.137604506557128,0.139161457060174,0.122363255953788,0.142840272500758,0.0917723940615359,0.121233148593667,0.119948171058779,0.123349088020668,0.119420814523256,0.110526145324924,5.50220839167116e-05,0.000932697740705291,-0.00219689539423924,-0.000823444236236957,-0.00119824026314667,0.000615436906412635,-0.00114832477249976,0.00198243923245685,-0.00164154596570214,-0.000702739241864586,0.000916979373461518,-0.0020346554736232,0.000490589541510405,-0.00246310061040255,0.000276817379992188,0.00207079988685777,-0.000835410465505791,0.00132268094495822,0.000284914282771299,-2.54342589504858e-05,-8.55366304621406e-05,-0.00143966978662064,0.00141068690155078,-0.000351316562274645,-0.000375128658297519,-0.00098929994741973,-0.000272715625058613,0.00303658933850841,0.000181546603584188,-0.000867447281641953,9.31678504578485e-05,0.000847682252003932,-0.000667508569627639,0.00201324626269933,0.00131770706627973,-0.00176837734812296,0.00156777682231829,0.00201135257201459,0.00273114332852801,-0.00027831570527187,0.000268110432919319,9.63572876897662e-05,-0.000643715830060473,-0.000178349733823139,0.000982570082192832,0.00155183839990879,0.00234394106627809,-0.000662073566594216,0.000439815284968798,-0.00122006121123557,0.000781798123719491,-0.00110789268771539,0.00289873874363816,0.00262406696108219,0.00493871143131023,0.00199298466727573,-0.000681236795449215,0.000547069583577181,0.00132634697273764,0.00204820208964629,-7.84357849078219e-05,0.00205693025584415,0.0020045407664718,0.000220646902721149,0.00224930470845376,0.00305696858326727,0.000873258210670181
-0.0889543039869804,-0.122559202861428,0.120003512477085,0.108450526480105,0.119307953319704,0.106098172618485,-0.0664794216024438,-0.0648354748424209,0.145552166453776,-0.0100869660712344,-0.0613463830822031,-0.0193463899067547,-0.0543005864347858,-0.0525441186008535,-0.0444304022205692,0.139146253783709,0.14712298953386,0.125184143039069,0.150669891967698,0.0136856831703777,0.134498375652295,0.122430514947662,0.134175591235091,0.142526871302371,0.142662350713007,0.12485772151143,0.143718643511517,0.0938098943932082,0.122907577382423,0.122951158574332,0.124956783839972,0.12171652719191,0.112981521518907,-0.000162071798586607,0.00154147171043741,-0.00205302230604558,-0.00155702010373598,-0.00120942979367738,-0.000829339019742517,-0.00128417424300946,-0.000513161534583318,-0.000791682296836598,-0.000525147688187551,0.000198369439818589,-0.00070499512438628,0.00045112112728962,-0.00344972706896806,0.00053547591405567,8.32706248798447e-05,-0.000787124175541033,0.000746037370273711,-0.000703389348269081,0.000794487435558525,-0.00092265447115862,-0.000676964617139038,-0.000393316894475978,-0.000309066404853223,-0.000224746757716733,-0.000226240703308636,-0.000616275505793098,0.00300809354307775,7.63345184922975e-05,-0.000184096342011678,-0.00103566890034674,0.00116830191444539,0.000181532035754074,0.00144342045161732,0.000634402864090245,0.000259212655242043,0.00106218111061618,0.00325402068856609,0.00150693700030947,-0.000753925386594178,-0.000768821813861176,-0.00108839409331493,-0.000596832536181847,-0.00216805120543853,0.000880206257270979,0.00158301742894801,0.000576285746499296,-0.00193863509564487,-0.000934410578560026,-0.000146690952057898,0.000996861473144131,-0.000678134675585485,0.00231091824471607,0.00151617090074668,0.00354427668890032,0.00156625214927941,-0.000226841302115361,-0.00211505881689314,0.0006109742549696,-0.00144098556224703,-0.0021623728643497,0.00126077813947904,0.00292657065755927,0.00101771793300921,0.00177963096673028,0.00236600918989211,0.000148245883274966
-0.0766444527867593,-0.104621535806081,0.103285455065734,0.0920976034242984,0.101614283782664,0.0896527054213578,-0.056912789906709,-0.0547310463599443,0.123612085457654,-0.00840456944918082,-0.0513700164828413,-0.0155295974039875,-0.0451994194502427,-0.0438436184623204,-0.0368760778318332,0.120100979993922,0.125184143039069,0.107939801952338,0.128596408884482,0.0117299148829937,0.115044497254085,0.105036587841281,0.114751286713311,0.122110728581935,0.12262719519816,0.106566719741889,0.123661213240855,0.0799568922581084,0.106342206476005,0.10487572885015,0.106850845867414,0.104568856949384,0.0964448027840161,-2.85556269953265e-05,0.0020930319006381,-0.0014728202039418,-0.000245261835630519,-0.00136843461950931,9.65373750404898e-05,-0.000717956039004235,0.000473540834908292,-0.000984962891924289,3.55366671141572e-05,0.00121484953164772,-0.00106348103692157,0.000922499836950151,-0.00262744966831613,0.000116859098511433,0.000749827709922944,-0.00115762379361411,0.00130332085961314,0.000453221866670872,0.000816631789718547,-0.000235565447720509,0.000215568888140271,-0.000197695370549046,-0.00154500336713723,0.000427209902295113,-0.000326665857226882,-0.000272273059428297,0.00293017349143518,0.000111388363895078,0.000174084601832476,0.000106110783354125,0.00110815522493588,0.000511798187423933,0.000967570635220991,0.000327449087876983,0.000260634622376477,7.36112343521139e-05,0.00183154262471026,0.00210768680600861,-4.07403182423601e-05,0.00036208962817765,-0.000209317951413595,-0.000560772573253124,-0.00121342644509674,0.000238550045527872,0.00133042267320705,0.00020190914170557,-0.0012768852807696,-0.000902180493140373,-0.000954351950149586,7.67892625465684e-05,-0.0010208665250561,0.00199256068461279,0.00168437628496702,0.00282829145998251,0.00082740871457607,-0.00188705242885469,-0.00184279404846693,-0.0006256662734234,-0.000913116453038209,-0.00182272085229031,0.000413010684314399,0.00202658226291683,0.000403503501151328,0.00203029409882128,0.00120461149731686,9.7347586891387e-05
-0.0923333614243209,-0.127062532772844,0.1247984157838,0.11211816410505,0.123660104284261,0.110271847422413,-0.0688458375275812,-0.0667561354374347,0.149957556307897,-0.0106688404893407,-0.0633370764009646,-0.019867793891106,-0.0564947743612363,-0.053660808495761,-0.046451069691292,0.145388939236379,0.150669891967698,0.128596408884482,0.155773949028837,0.0141140759896954,0.138544533519204,0.127171549469371,0.138952728850722,0.147444481110469,0.148058536540844,0.12965879531042,0.150372297366798,0.0977382116465817,0.127987851602403,0.128045279313911,0.130773855970132,0.126570973046258,0.117372680966054,-4.08984537113052e-06,0.000772419032163643,-0.0020266170022283,-0.00139071902336095,-0.00135328710155503,-0.00052921617806797,-0.00148443562770481,0.000634496574387899,-0.000632323153671739,-0.000726776320232185,9.69598662196344e-05,-0.0010421053366548,0.000629281976167093,-0.00291945640779862,0.000756276341613063,0.00150485204332552,-0.000915203811033232,0.0016021708461921,0.000360799670348474,0.00025756921275753,-0.00091633940016318,-0.00120275196215924,0.000319094227602937,-0.000145685929974735,-0.000858335056977229,-0.000498938435522172,-0.000551526257354505,0.00384883330304245,6.82586645418482e-06,-0.000723563023853502,-0.000388733525735503,0.000795840699089246,-0.000355308835822575,0.00166266745001026,0.00123225717821961,-0.000929237076884868,0.00165137910269726,0.0031104864815891,0.00207684957852054,-0.000721314251224533,-0.000677498828134865,-0.000983139845600865,-0.000617633805304808,-0.00182487962765652,0.000657431865207018,0.00126609621287429,0.00134454915241221,-0.00150328770487257,-0.000896204712565934,-0.000768697501343775,0.000463024001505909,-0.00123901408912325,0.00250961979419173,0.00205740016376317,0.00419470138083747,0.0014300273590562,-0.000677627360675858,-0.00143100459714774,0.000270463297238063,-0.000274778959369189,-0.00166564400638165,0.00172249856037359,0.00230368938663984,0.000167497403245924,0.00154015288844908,0.00251481332467407,-3.62518848847069e-05
