0.055892585940703,0.0764735914694592,-0.0751210272255054,-0.0671486268547703,-0.0742059982563299,-0.0660680815658245,0.0414772669694392,0.0401012507028207,-0.0897448321053561,0.00663033357080688,0.038299380952492,0.0119608099924725,0.0339504867699895,0.0321852857670229,0.0281697068898193,-0.0875172691046845,-0.0898828904800417,-0.0768989883235432,-0.0931796258152007,-0.00828630414129961,-0.0829321611926643,-0.0763403464505427,-0.0832292867179666,-0.0883122045400258,-0.0886331898477911,-0.0780406129920727,-0.0902689826166202,-0.0587990668057269,-0.076954250762329,-0.0770246241693748,-0.0786122533862064,-0.0758641845953959,-0.0703448041001313,0.000195135650949101,-0.000619099455811264,0.00121429153423454,0.000606137575626815,0.00101809673380442,0.000297702254449971,0.000708445925568913,-0.000482165836455956,0.000466141150665919,0.000257778811723103,-0.000217972515416659,0.000649657778822703,-0.000633268439398027,0.00166297512515547,-0.000591128891265509,-0.00141140159823664,0.000531979220844168,-0.00111853171330911,-0.000440291335504292,-0.000322886505479998,0.000219202047558253,0.000469446916697847,-0.00069767282666348,-0.000260395264955702,0.000175464082180345,-0.000155107532620492,-0.00010542798442722,-0.00253638105058222,-0.000600225707610464,-4.45218410521408e-05,-0.000169582472673862,-0.000923153610312398,-0.000155188152705061,-0.00113836916945026,-0.000944790112444968,0.00069363053562546,-0.00109751546715038,-0.00184442459130295,-0.00130524801289365,0.000538322189241924,0.000286068910651158,0.00080994641772795,0.000434642384841046,0.00121061696011872,-0.000685782548316177,-0.00100232473073943,-0.000835424711078892,0.000680249248662064,2.44616503195702e-05,0.000310615635963893,-0.000473125822151617,0.000836194461350207,-0.00169756849155675,-0.00160881514231769,-0.00283913078799975,-0.00111961404923122,0.000298609667262809,0.000460824860075427,-0.000391818457549999,-0.00046431535312813,0.000479493660900624,-0.00123733594076484,-0.00159725985846367,-8.86180097991164e-05,-0.00120867722098992,-0.00171817870866115,-0.000217483009186358
0.0764735914694592,0.104642032265232,-0.102804025116513,-0.0918767632641353,-0.101527940834235,-0.0904190324291206,0.0567555366441846,0.0548769870922507,-0.122792947833724,0.00906196792752078,0.0524109059612889,0.0163782532015253,0.046473021692738,0.0440282493886349,0.038568252895119,-0.119754802235176,-0.123003322345782,-0.105222525262073,-0.127511258017934,-0.0113338747804547,-0.113493259787103,-0.104451911589889,-0.11388830051407,-0.120851212155636,-0.121284368176445,-0.106778011864361,-0.123535445720785,-0.0804601054528527,-0.105291386133721,-0.105390145586941,-0.107560160658984,-0.103816398342058,-0.0962593396908678,0.000135045238300065,-0.00068488996145846,0.00150241113786228,0.000994693412503419,0.00117410123932913,0.000182364886467439,0.000830275956872749,-0.000352107687160033,0.000962359157631265,0.0002571202121429,-7.67360764383024e-05,0.0007410750435906,-0.000546729420113846,0.00218860869735138,-0.000815397981555199,-0.00161504865448023,0.000700311229343974,-0.00123529517604884,-0.000290257397758968,-0.000402769235962966,0.000350116476964933,0.000905606041439126,-0.000843754144284916,-0.000109169656285645,0.000338634875899218,6.22550419812721e-05,0.000106258382554061,-0.00317327551829619,-0.000596520275734185,0.000156599510068825,2.10336071796732e-05,-0.00102815129679452,1.7183678746384e-05,-0.00152155768230562,-0.00126089486990351,0.000964589576423076,-0.00145894990774373,-0.00247077633710106,-0.00182089819343485,0.000706855487403823,0.000341738130185043,0.00105285288418151,0.000609875020336934,0.00166219991724576,-0.000875700313250466,-0.00131392483517487,-0.00106502241701764,0.000937281338294696,7.42355153803177e-05,0.000416387713898106,-0.000608671863300971,0.00114161343266014,-0.00232092918866479,-0.00215007509818459,-0.00386989883527445,-0.0014707586883499,0.000444663076251974,0.000638163953982156,-0.000474771844000325,-0.000575817913480894,0.000700022557865348,-0.0016365437893886,-0.00213259614959721,-8.55872903810013e-05,-0.00162896140848596,-0.00230671877613157,-0.0002544126586562
-0.0751210272255054,-0.102804025116513,0.10102414648895,0.0902746825834189,0.0997249405455836,0.0888568560452941,-0.0557271389898383,-0.0538933603406567,0.120618637510487,-0.00888312388417373,-0.051505888964265,-0.016102906549232,-0.045676096825252,-0.0432387572986634,-0.0379286019837988,0.117653452903909,0.120853784500517,0.103352658333487,0.125276550855108,0.0111203886494294,0.111512669482455,0.102598216943666,0.111905160651839,0.118728773402915,0.119160299273587,0.104899505912424,0.121371139888181,0.0790447959621442,0.103419690416197,0.103513835643307,0.105656957560285,0.101990804281564,0.0945585656714296,7.02370689659839e-05,0.000423523424975087,-0.00120836400653925,-0.00124645503593933,-0.00080459394320725,0.000176550792300953,-0.000589749732451311,-0.000167975018797589,-0.00147809377869659,-9.57652154616011e-05,-0.000301134184773536,-0.000491641351986893,9.6255880933198e-06,-0.0020159423096396,0.000837954242236927,0.00106861292731731,-0.000638988142049483,0.000717144213245093,-0.000233779748576683,0.000331663845711405,-0.000458031970973284,-0.0012949702579878,0.000644834128055462,-0.000282606370170014,-0.000498147797718294,-0.000499452736002206,-0.000526086634064999,0.00263634395444535,0.000237768726624058,-0.000502177330549838,-0.000440968111047133,0.000635286431479813,-0.000377102643104514,0.00163694681334763,0.00136425050657663,-0.000854847300205426,0.00153593874758228,0.00254370578539838,0.00167698703645171,-0.000773036316746014,-0.000405682850898908,-0.00105217051786449,-0.00072394726645234,-0.00172322558515545,0.00101814808678184,0.00139774917413557,0.00113807877209538,-0.000965352422357236,6.37001373196738e-05,-0.000449994879384106,0.000744578057906878,-0.00111288339048712,0.00231311543057338,0.00223034328787192,0.003811457663425,0.00159307806662444,-0.000256397471373388,-0.000561748110940204,0.000615521545079383,0.000678736502332901,-0.000612927885957863,0.00171862338637665,0.00218122047735309,0.000155168753506638,0.00171725028200843,0.00235745890601817,0.000329357264877308
-0.0671486268547703,-0.0918767632641353,0.0902746825834189,0.0807212761412951,0.0891400034381062,0.0793903608797999,-0.0497508052262212,-0.0481130349544915,0.107805716320866,-0.00795126611626509,-0.0460387073003322,-0.014362118783695,-0.040780885201666,-0.0386677114332189,-0.0338645810743476,0.105146049961647,0.107972392974699,0.0923386010246048,0.111928396571857,0.00993431630184823,0.0996234446659715,0.091694529480007,0.100029495958433,0.106067899791909,0.106488577369715,0.0937791035362312,0.108410016722439,0.0706276428968046,0.0924257295627713,0.0924949012928663,0.0944384777194013,0.0911121586960945,0.0844765226177919,-0.000159313285728448,0.00065177368895893,-0.00131054194076194,-0.000860278013786731,-0.00106791930853157,-0.000205008756842008,-0.000741664964470532,0.000301371673010149,-0.000829470962611589,-0.000230535781854004,4.54180402406771e-05,-0.00067357968532244,0.000488732455571826,-0.0019469613188381,0.00078143004365398,0.00143556055341536,-0.000606909879585117,0.00106882274551455,0.000253397314173862,0.000355656717000182,-0.000384806154441895,-0.000715155048592633,0.000740894967671738,0.000147343596048796,-0.000301994618681876,-1.07556664176256e-05,-0.000107785653925357,0.00281764830610268,0.000586522265133513,-0.00010524405565805,-1.87624941479012e-05,0.000941540152611563,3.74272796815346e-05,0.00184438952039884,0.00155610308652362,-0.000548831664331277,0.00171805011340228,0.00268355725537353,0.00117148604037891,-0.000942662957820651,-0.000683655449345989,-0.00120077724564008,-0.000786208089725961,-0.00166277474126243,0.00142782285846733,0.00166321066830886,0.00149232320334622,-0.00090797289725175,0.000448865989985603,-0.00050464407117035,0.00106502776403704,-0.000991319579245689,0.00212875014890937,0.00239919742155298,0.00348446679472624,0.00191997728803357,0.000214250350542928,-0.000364516218702573,0.0010483201868676,0.00103861307219692,-0.000243003782397267,0.0019519831612621,0.00231042758197544,0.000403009163722339,0.00182847520564204,0.00244013421027647,0.000603548811679965
-0.0742059982563299,-0.101527940834235,0.0997249405455836,0.0891400034381062,0.0985223835876353,0.0877070137440748,-0.0550815175177396,-0.0532507474365995,0.119152044106773,-0.00880777347469659,-0.0508412588072978,-0.0158782504188461,-0.0450709919042144,-0.0427326909373141,-0.0373895539737151,0.116189243366293,0.119330301155022,0.102102541591482,0.123708740720378,0.0110061610383588,0.110101816867935,0.101357074173604,0.110489464783428,0.117249034059754,0.117669817423462,0.103606435704513,0.119847064584315,0.078065033559989,0.102173455465388,0.102269282643518,0.104370640839417,0.100723249533491,0.0933975383675161,-0.000303498972464647,0.000876492506071506,-0.00167681040651292,-0.000741766759692201,-0.00143126409207992,-0.000475717032528286,-0.000993213137819892,0.000763490358964968,-0.000493301328091793,-0.000379182233872249,0.000381351567269784,-0.000916665230028143,0.000965734749289069,-0.00223734970995288,0.000769607519019655,0.00199568863537615,-0.000718739235848467,0.00160496138778492,0.000708481891236259,0.00044374919225634,-0.000256255030064804,-0.000534365958630982,0.000970157815409356,0.00043368959064411,-0.000193021180344934,0.000306201773632219,0.00024198314983717,0.00347907740305096,0.000873834645766336,0.000139060730720118,0.000325439520647791,0.00131122716507295,0.000286844116966189,0.00142782084756481,0.00118058079212925,-0.000972095187282063,0.00138996787932854,0.00237078631158939,0.00180125727770428,-0.000664523175156088,-0.000325683848215933,-0.00104409405742361,-0.000522812614758702,-0.00156588052990457,0.000808527137223656,0.00125549595112673,0.00103287949124241,-0.000884194264753509,-0.000115215792100701,-0.000389053249331472,0.000541398690768718,-0.00111329533922828,0.00223699397975842,0.00205785062567929,0.00375856211808557,0.00138975633738713,-0.000498475378056808,-0.000646456600962359,0.000423020347579116,0.000537471880572365,-0.000690681586866138,0.00156602863839423,0.00205729426935293,6.87102150971076e-05,0.00153792981693533,0.00221885495732439,0.000232704492374857
-0.0660680815658245,-0.0904190324291206,0.0888568560452941,0.0793903608797999,0.0877070137440748,0.0781576249432914,-0.0490240932077156,-0.0474113639765139,0.10608522716274,-0.00780966497081355,-0.0452997396863926,-0.014169672123957,-0.0401827357198165,-0.0380237999623059,-0.0333675028038063,0.103479970242397,0.106302363733243,0.0909070716174239,0.110191399250823,0.00978112594004378,0.0980868060510694,0.0902370560185476,0.0984201606018551,0.10443418387875,0.104806314210736,0.0922555553155093,0.106762589183865,0.0695253787304455,0.0909601048055249,0.091046064416504,0.0929252232388671,0.0897119200278919,0.0831733754419088,0.000116277460762619,0.000305448510490714,-0.00100441637708505,-0.00115971911870132,-0.000621110778399439,0.000245071556638353,-0.000465103693224249,-0.000261704605830898,-0.00142325602944779,-4.78942295779458e-05,-0.000344830840895819,-0.000374237692453996,-0.000112135744545914,-0.00173737439621883,0.000731097040076834,0.00081948049295753,-0.000552704197948043,0.000522442985177317,-0.000322089262284856,0.000276859016718737,-0.000411735171603371,-0.00124751593500494,0.000525702498742973,-0.000347466743158018,-0.000474359492467223,-0.000547443624049155,-0.00055446854005458,0.00220361723189413,0.000117129997759974,-0.000527066256642685,-0.000482370180376913,0.000465983344179366,-0.000424130769783734,0.00136144656958171,0.00113075200120683,-0.000795630063445423,0.00127919690645113,0.00215191734160579,0.00154244113047445,-0.000627748655550995,-0.000289350598619685,-0.000869481538850927,-0.000610433571132321,-0.00149182597352654,0.000788089562577539,0.00114289705048868,0.000900767212211867,-0.00084063479392281,-2.471651551836e-05,-0.000374833486375147,0.000572785365108291,-0.000979251262902049,0.00202213975662521,0.00187729323589432,0.00333563455226345,0.0012981535514416,-0.000316044220324264,-0.000521865230316974,0.000437962081909809,0.000506794715879059,-0.000602855349938829,0.00142480257155776,0.00184282254934506,8.13626126491412e-05,0.00145030615202599,0.00200402007796466,0.000225095250851992
0.0414772669694392,0.0567555366441846,-0.0557271389898383,-0.0497508052262212,-0.0550815175177396,-0.0490240932077156,0.030915971723515,0.0298738463139913,-0.066621244620367,0.00493378618115214,0.0283872414725758,0.00890176805047261,0.0252271624574266,0.0238744784385117,0.0208949461452888,-0.0649509795825195,-0.0667444191272284,-0.0571506045517184,-0.0691957286376441,-0.00617954462116863,-0.0615838780875807,-0.0566850743339535,-0.0617118228048743,-0.0656044584515531,-0.065778818859378,-0.057877658901627,-0.0670780330825677,-0.0436652381418491,-0.0571505711747186,-0.0572306222739577,-0.0583469313460599,-0.0563651057281951,-0.0522715523336481,0.000132837336074406,-0.000444173198118302,0.000981693933005246,0.00040242737207527,0.000785977773318372,0.000240926606275545,0.000562945130709644,-0.000498938202227183,0.000236105653067184,0.000223316723791512,-0.000290261472076187,0.000506134009441581,-0.000589033489440177,0.00122875132654251,-0.000328246983444925,-0.00115051548597219,0.000419439904064019,-0.000979195897336085,-0.00045934553025403,-0.000252592147746533,1.44495054203578e-05,0.000370180518649716,-0.000563913822124087,-0.000211616394571194,8.14501369221136e-05,-0.000157362018755415,-0.00020654397314118,-0.0019546163582052,-0.000435952502814511,-7.06988674045188e-05,-0.000231876115220048,-0.000719296203744351,-0.000124511375788975,-2.36003579244203e-05,2.4086205606764e-05,0.000998640970248345,-0.00011346753127757,-0.00054520734922676,-0.00165696767124588,-0.000117770819046843,-0.000397935686137627,0.000169652801551406,-9.61510301674389e-05,0.000561636853402439,0.000548766117332793,7.02603655045279e-05,0.000263946133911587,0.000362294557095081,0.000846678039797412,5.41204875585515e-06,0.000505480958416061,0.000639807777639281,-0.00111106847119898,-0.000374215881597452,-0.00197080588723786,0.000177530253636747,0.00120116059925658,0.00066089327819055,0.000722276653991358,0.000507346174964599,0.000948809529004636,-9.4657499572624e-05,-0.000487104550482982,0.00045863720700253,-0.000252397762923719,-0.000611351337417034,0.000445909236654791
0.0401012507028207,0.0548769870922507,-0.0538933603406567,-0.0481130349544915,-0.0532507474365995,-0.0474113639765139,0.0298738463139913,0.0288716445105044,-0.0644089047348568,0.0047626303890823,0.027455352390287,0.00861020571180057,0.0243974820320174,0.0230790830081607,0.0202176719963592,-0.0628019734303821,-0.0645371602258417,-0.0552467084064577,-0.0669049076633575,-0.00596812774915217,-0.0595482295218767,-0.0548003802861775,-0.0596786884838443,-0.0634296198569582,-0.063603933814569,-0.0559631654365559,-0.0648551445767216,-0.042217716071462,-0.0552487394362565,-0.0553235471915672,-0.05641042628924,-0.0544952755339845,-0.0505341958051091,5.56047588720556e-05,-0.000340002513558838,0.000847756315990561,0.000489279404207695,0.000631886607868553,0.000102982512572254,0.000460393766027865,-0.000288402159887764,0.000427359463578874,0.000157327100990775,-0.000137098780238793,0.000402403367689652,-0.000371816578184523,0.00113976178770716,-0.000336897902312742,-0.000919023736920199,0.000386426159814899,-0.00075863874300003,-0.000248768507205146,-0.000220314358049909,6.35524058294254e-05,0.00050352259410465,-0.000475988306499571,-6.23635663740449e-05,0.000141410179762781,8.97086804823234e-06,-3.97994002847046e-05,-0.00171158443746152,-0.000295891676252769,5.99209277656251e-05,-6.60385998619551e-05,-0.000557811526641383,1.06192244773148e-05,-0.000120069966586112,-6.25949801190699e-05,0.000905004211181282,-0.00018595558290305,-0.000615204712545883,-0.00152321970899466,-5.65715883131263e-05,-0.000325416005400733,0.000194535307037285,-2.44292485506686e-05,0.000594502259349917,0.000414480010902571,-1.61645307154311e-05,0.000172703632683225,0.00037438044240669,0.000722983998907305,3.26024876962555e-05,0.000387904557149177,0.000614416137871842,-0.00109452303585121,-0.000450275198248173,-0.00191662252019263,6.17825000996894e-05,0.00104144186962084,0.000597625131394347,0.000587902521636513,0.000402127218429696,0.00085726285875847,-0.000177573836267095,-0.000541083771876951,0.000388480258787535,-0.000322317522127274,-0.000661169381596252,0.000368535821201239
-0.0897448321053561,-0.122792947833724,0.120618637510487,0.107805716320866,0.119152044106773,0.10608522716274,-0.066621244620367,-0.0644089047348568,0.144104104339342,-0.0106471580823015,-0.0614914805088111,-0.0192107401718933,-0.0545208766065529,-0.0516762645064999,-0.0452325615858797,0.140525706260488,0.144331584314649,0.123488638951728,0.14962550900756,0.0133095261537993,0.133170643546854,0.122582697276141,0.133631464441889,0.141813376592902,0.142317771277002,0.125301557974341,0.144959568841055,0.0944178146099501,0.123569970399958,0.123687744282443,0.126226702411013,0.121825361192748,0.112962845974903,-0.000296295853536373,0.000973051513806249,-0.00194457287821014,-0.000984517515022445,-0.00161460487374813,-0.0004555082850336,-0.0011276340494108,0.000761805458981305,-0.000767858408228214,-0.000408145516471008,0.000345410088031128,-0.00103010751789083,0.000999479948648553,-0.00265940348845957,0.000932074916356863,0.00224674229840069,-0.000855012674469608,0.00178632109395731,0.000692671895441523,0.000516082113665194,-0.000333767118387347,-0.000787416745039222,0.00111501175292414,0.000392809342585956,-0.000285135456583441,0.000224478695656951,0.00016135061894624,0.00405029323953511,0.000936526264839219,5.26881307099887e-05,0.000260471164570036,0.00146093202692746,0.000224435537993721,0.00169108667220947,0.00139624413001878,-0.00119367918861748,0.00164413407524226,0.00282247207967477,0.0022109844948905,-0.000777421287234002,-0.000355084556345094,-0.00122449288374989,-0.000631999235337538,-0.00189011815390743,0.000923137651883214,0.00147133225891766,0.00118971698540648,-0.00106998348242501,-0.000177766095128173,-0.000461403277474951,0.000616901189980342,-0.00134547820023314,0.00270151599626869,0.00244497460112201,0.0045350379257477,0.00162785759623967,-0.000641818673538594,-0.000792319025203337,0.000458485799804104,0.000601130038852644,-0.000870716321709023,0.0018472728526048,0.00244584891025936,5.35091407291683e-05,0.00183378839073583,0.00264657179318517,0.000246175984544731
0.00663033357080688,0.00906196792752078,-0.00888312388417373,-0.00795126611626509,-0.00880777347469659,-0.00780966497081355,0.00493378618115214,0.0047626303890823,-0.0106471580823015,0.000800025667133415,0.00452803719663824,0.00140711519393139,0.00400734589331487,0.00382650991241476,0.00330999841386052,-0.010369058637281,-0.0106412977817144,-0.00912576784200769,-0.0110362971216232,-0.000991668262563131,-0.00981628767450524,-0.00905946643206395,-0.00985161227908289,-0.0104622880964823,-0.0104981808632778,-0.00925141440246496,-0.0106893936687059,-0.00696811897701726,-0.00913430112319485,-0.00914378130757755,-0.00932574633624378,-0.00898904136685903,-0.00834087266726304,0.000176484262118148,-0.000261833614236005,0.000342626981332536,-0.000129320263774735,0.000382445934214563,0.000302611116834584,0.00025285044943692,-0.000439202735504889,-0.000342109007543776,0.000147559911606065,-0.000304833060282399,0.000254265303312235,-0.000468174753331997,0.000298414798785648,-4.63405876949496e-05,-0.000553865539244082,9.90720089312811e-05,-0.000501169225246284,-0.000438354499209841,-8.60372492395046e-05,-5.45048102184761e-05,-0.000250598345533075,-0.000219708521038187,-0.000323983531116183,-0.000102099215454414,-0.000347123729442104,-0.000325546678312931,-0.000660523867902875,-0.0003339444442001,-0.00026639135539998,-0.000332924835818235,-0.00039059027931971,-0.00028951481755174,-5.81669862744915e-05,-4.4197644705414e-05,0.000134234483235363,-7.86489349432208e-05,-0.000161355461427437,-0.000213565299492693,2.36897068351525e-05,3.75431785350417e-06,9.85116711701334e-05,-2.70499063553647e-05,8.79201255760581e-05,-1.43961019415001e-06,-6.8319609800532e-05,-6.25342930124109e-05,5.23186596765581e-05,7.52249295562239e-05,1.4294136640123e-05,2.27331625937605e-05,0.000104916463592959,-0.000181827740455371,-0.000132007684392308,-0.000334287661963612,-5.83181018419427e-05,0.000135151871832935,9.19541562465096e-05,2.84593166602475e-05,-1.34507616314266e-06,9.12593381373102e-05,-9.35635536452017e-05,-0.000150225014144751,2.3675175558034e-05,-7.89678879268185e-05,-0.000159378068027915,1.16150919412757e-05
0.038299380952492,0.0524109059612889,-0.051505888964265,-0.0460387073003322,-0.0508412588072978,-0.0452997396863926,0.0283872414725758,0.027455352390287,-0.0614914805088111,0.00452803719663824,0.0262642084531046,0.00820341265460054,0.0232784733611311,0.022047620142252,0.0193352012657663,-0.0599812902446641,-0.061604598885196,-0.0526770534143588,-0.0638590459610105,-0.0056648320629729,-0.0568425824649792,-0.0523021919974734,-0.0570604636093167,-0.0605171907080299,-0.0607491782964131,-0.0534875247405289,-0.0618596120611032,-0.0402930094419848,-0.0527193553863118,-0.0527621542805904,-0.0538658682612462,-0.0519843537589666,-0.0481955133359817,-1.42732384064512e-05,-0.000242491976426476,0.000625513689657146,0.000619335750535353,0.000437194528171416,-6.03157951465918e-05,0.000314711456999087,6.48020124684018e-05,0.00072480382046391,5.73546348023897e-05,0.000143195027009153,0.000268275756177417,-3.13611749722699e-05,0.00104151110616957,-0.000445431566021064,-0.000573504615968951,0.000325556903000935,-0.000383227626317396,9.61996973849133e-05,-0.000172591134068483,0.000251871586279361,0.000617607382946547,-0.000337077077879645,0.000110838021418058,0.000247911945352918,0.000221507355234126,0.00025357164962623,-0.00137532774247015,-0.000156005349087472,0.000230496867735125,0.000205928259132909,-0.000352585850206408,0.000160040608568533,-0.000982558400096266,-0.000826235152469783,0.000349460758933877,-0.00091116848963548,-0.00144774536869719,-0.000730221188416182,0.000488372088385277,0.00032018171865838,0.000619549161661301,0.000439602650477372,0.000936215872702735,-0.000712090628487615,-0.000862543318810585,-0.000745316838113793,0.000515966773757747,-0.000182443774233561,0.000269801874781777,-0.000534145446273813,0.000564405170063839,-0.00120539596393878,-0.0012870671889107,-0.00196902427564815,-0.00099642741234236,-4.48013740060272e-05,0.000229858635511775,-0.000498872806545533,-0.000502832170439352,0.000202978714524192,-0.00102762590760887,-0.00124116444040123,-0.000175483374743422,-0.000991159401890098,-0.00132374053054065,-0.000279799539480608
0.0119608099924725,0.0163782532015253,-0.016102906549232,-0.014362118783695,-0.0158782504188461,-0.014169672123957,0.00890176805047261,0.00861020571180057,-0.0192107401718933,0.00140711519393139,0.00820341265460054,0.00258128898485422,0.00729896846145795,0.00687452823013289,0.00606258551215307,-0.0187450835893202,-0.0192727945741717,-0.0164778811625347,-0.0199751517232663,-0.00177229971116102,-0.0177851580026321,-0.0163427765342452,-0.0178203333536702,-0.0189359062756254,-0.018987634021791,-0.0166969375185023,-0.0193671267348021,-0.012600540727414,-0.0164748218541166,-0.0164970637047743,-0.0168253814964444,-0.0162674992551797,-0.0150793430568195,-0.000142354136314242,9.38868025197721e-05,5.08153113598767e-05,0.00035202007364821,-8.07547294657458e-05,-0.000244732484930608,-3.56685448868174e-05,0.00030319105354309,0.000533830604122819,-7.27043199196066e-05,0.000242341685026589,-6.21552262683725e-05,0.000290598757432731,0.000235214965812009,-0.000120701742309191,0.00012117870330259,7.90631863194301e-05,0.000148643388061267,0.000319605864661361,-1.68934338184388e-05,9.63023077705264e-05,0.000467579463119001,-2.26686025109265e-06,0.00028357303871385,0.000167277957426863,0.000340728595063585,0.000306574658441612,-0.000141690945679011,0.000183652312360015,0.000286230696207549,0.000299388314583876,0.000122756063555072,0.000282973987873331,-8.28215110906221e-05,-6.01742907002429e-05,0.000235356105486896,-8.10445647283009e-05,-0.000210328392346134,-0.000420820702084846,4.20826148662667e-06,-8.99737700954665e-05,3.84705615615064e-05,5.74149390690758e-05,0.000221571808696243,8.28180127156227e-05,-2.49397293865342e-05,4.86337330766771e-05,0.00013536165141879,0.000173625418644688,2.41405257827216e-05,6.80372622262263e-05,0.000178107249257639,-0.000340787974665997,-0.000162732862551878,-0.000568878587065139,-1.87307568064775e-05,0.000246253841670432,0.000152312622281612,0.000137920077958525,9.80587598030075e-05,0.000243585947660479,-7.54307236279766e-05,-0.000174372343207894,0.000101252854899133,-0.000137244226511446,-0.000216917833223703,9.52441192130879e-05
0.0339504867699895,0.046473021692738,-0.045676096825252,-0.040780885201666,-0.0450709919042144,-0.0401827357198165,0.0252271624574266,0.0243974820320174,-0.0545208766065529,0.00400734589331487,0.0232784733611311,0.00729896846145795,0.0206750644307954,0.0195295601216054,0.0171676484523683,-0.0531869577810153,-0.0546563660642368,-0.0467400887739487,-0.0566534469101808,-0.00502972081107046,-0.0504341592083483,-0.0463788150537185,-0.050574539133552,-0.0536993164994512,-0.0538709251861038,-0.0474004516012202,-0.054906814275472,-0.0357428152751292,-0.0467521427180166,-0.0468047291899688,-0.0477546179759631,-0.0461307515823051,-0.0427665281766945,-0.000180955842466507,-7.86485121390832e-06,0.00039121448286392,0.000733965202251979,0.000129301547771492,-0.000323589118422588,0.000122372504652994,0.000379431315390289,0.000998534319733846,-5.41319661969522e-05,0.000347599237554583,6.48698531030793e-05,0.000318365253543511,0.00081369677048427,-0.000357047209640305,-0.00016010034755001,0.000264751054293524,-3.65305938539652e-05,0.000416450516474869,-0.000110109947268127,0.000223694538741889,0.00088246569896296,-0.000180858738817148,0.000396469365561505,0.000321457123790806,0.000518505225964563,0.000481431847001835,-0.000881601309126401,0.000143811480195001,0.000457882252245068,0.000451633414211549,-3.60096680767191e-05,0.000422068428853706,-0.000484538019278554,-0.000391117005571226,0.000530505419701193,-0.000462988479533047,-0.00087510105210533,-0.000977267908437489,0.000180800964755631,-3.17300417162089e-05,0.000301085921939473,0.000234154043820575,0.000696882850367221,-0.000113361826421784,-0.000354500808103826,-0.00019607878553463,0.000406147014682359,0.000233702268603735,0.000134795118542817,-6.89762739915969e-05,0.000505263554981254,-0.00100448339052597,-0.00073633290674671,-0.00167062512490621,-0.000387768047612379,0.000412824831228615,0.000346017344527012,5.54750609926499e-05,-1.74191477755885e-05,0.000481250663472993,-0.000498216141311011,-0.000744150151174918,0.000106926677055306,-0.000579573243505291,-0.000842462458437295,5.82449422316666e-05
0.0321852857670229,0.0440282493886349,-0.0432387572986634,-0.0386677114332189,-0.0427326909373141,-0.0380237999623059,0.0238744784385117,0.0230790830081607,-0.0516762645064999,0.00382650991241476,0.022047620142252,0.00687452823013289,0.0195295601216054,0.0185417146094515,0.0161980559729872,-0.0503853321346153,-0.0517353524475445,-0.0442717186360428,-0.0536360780229741,-0.00477382569064869,-0.047732837200188,-0.0439576285034532,-0.0479178385763177,-0.0508327471957766,-0.0510254324440297,-0.0449394695311824,-0.0519524220481901,-0.0338488568980116,-0.0443112199827783,-0.0443484627043048,-0.0452669792159357,-0.0436675886070769,-0.0404940709620841,0.000233530293630661,-0.000505448664920863,0.000841781227773769,0.000199473149878036,0.000785419330353838,0.0003765273674454,0.000533805069413084,-0.000553932898395865,-2.45316881357373e-05,0.000234719535136138,-0.000323478731514487,0.000508455250377384,-0.00065284063377609,0.00103714629316388,-0.000338398970442566,-0.00109815901606367,0.000330645601530803,-0.000908651761821213,-0.00053430075166589,-0.000221151057379973,8.57207548004748e-05,2.86196844730681e-05,-0.000501454565484258,-0.000375371336565047,1.2644391107305e-05,-0.000338908590458802,-0.000285219908153092,-0.00172970730716317,-0.000551596446466041,-0.000223278969120466,-0.00032531404038749,-0.000745290964691305,-0.000299021705381543,-0.000718506329856194,-0.000599682657239092,0.000367482515840701,-0.000696721821101929,-0.00114056150556407,-0.000694370921346862,0.000356088031831991,0.000232512806573762,0.000532822711320971,0.000251716207988782,0.000704139690847544,-0.000490899534267054,-0.000659572440146605,-0.000584819372401862,0.000390941518072701,-5.35424226097788e-05,0.000194977535218523,-0.000339183211941446,0.000483086598571804,-0.000984551744309253,-0.00100322303115927,-0.00165329286931267,-0.000737559619956631,0.000103066038838652,0.000246686519226707,-0.000318817323883087,-0.000352969407782979,0.000214177100148035,-0.000794268921395519,-0.000993649645565774,-0.000102855387411553,-0.000742273683977748,-0.00105407578260417,-0.000186949758228255
0.0281697068898193,0.038568252895119,-0.0379286019837988,-0.0338645810743476,-0.0373895539737151,-0.0333675028038063,0.0208949461452888,0.0202176719963592,-0.0452325615858797,0.00330999841386052,0.0193352012657663,0.00606258551215307,0.0171676484523683,0.0161980559729872,0.0142758016485765,-0.0441417794537748,-0.0453621051056246,-0.0387632924643655,-0.0470146168546591,-0.00415978738217707,-0.0418596974406083,-0.0384726025140924,-0.0419925164116705,-0.0445566259721262,-0.0447123803794736,-0.0393416689047916,-0.045559409081889,-0.0296578845248691,-0.0387787235170285,-0.0388163617251135,-0.0396214398927715,-0.0382738938930438,-0.0354759387991571,-0.000291439696953286,0.000166976104148315,0.000124574070124756,0.000805604889748658,-0.000142865187427148,-0.000522046837871002,-6.29561072535173e-05,0.000697153101216079,0.00121969114991943,-0.000160008640096494,0.000572136929753038,-0.000116175351532264,0.000652909236443125,0.000581491761305579,-0.000338081588415538,0.000246893032790044,0.000181658206248773,0.000340790792323013,0.000730211017212761,-4.44120142378199e-05,0.000287194382068987,0.00101481631752062,-1.3784945712523e-05,0.000606358899518531,0.000390334276447143,0.000745176248416835,0.000715007494588845,-0.000382269115724999,0.000363393356928817,0.00063081916120845,0.000686114761952615,0.000239093521162018,0.000605431087414874,-0.000619578445355344,-0.000516631368614818,0.000305759564053687,-0.000556692387255121,-0.000925881675018298,-0.000633851520073476,0.000279326564176975,0.000110130061011176,0.000324058649684442,0.000342068993491074,0.000690038139553874,-0.000356391422854015,-0.000485833582005718,-0.00035366430899972,0.000388808964842806,-2.06818271102563e-05,0.000172859843941009,-0.000282911710488867,0.000410461217855226,-0.000878102694332185,-0.000811366425290282,-0.0014126473501528,-0.000570267049455905,7.55198841362224e-05,0.000195660996359551,-0.000203734484026095,-0.000215806031722381,0.000261981976069862,-0.000609224150977538,-0.000777988834878679,-3.62629712317257e-05,-0.000655451831171498,-0.000858295374927629,-9.43768805755423e-05
-0.0875172691046845,-0.119754802235176,0.117653452903909,0.105146049961647,0.116189243366293,0.103479970242397,-0.0649509795825195,-0.0628019734303821,0.140525706260488,-0.010369058637281,-0.0599812902446641,-0.0187450835893202,-0.0531869577810153,-0.0503853321346153,-0.0441417794537748,0.137050398406423,0.140769333062011,0.120418035163949,0.145927819463139,0.0129697605224363,0.129885947305938,0.119535788809499,0.130337389655926,0.13830571184951,0.138801249117729,0.12219852512377,0.141378343926033,0.0920805553822483,0.12049631500234,0.12060938917723,0.123093135461329,0.118810440663588,0.110161263720638,-0.000135647188399817,0.00076057113313005,-0.00169556157056139,-0.0011627071024377,-0.00131175185213265,-0.000176035161071868,-0.000929717026921895,0.00035704752424996,-0.0011493492790259,-0.000280115781897843,5.44661093578119e-05,-0.000826514188682985,0.000578267408877655,-0.00249222025527091,0.000935309218861741,0.00180156643562686,-0.000797200444598918,0.00136949239409354,0.000285701158891137,0.000455165136799691,-0.000409536795632459,-0.00107412449323345,0.000949113758037852,8.90925099471471e-05,-0.000402286169325183,-0.000111296076477436,-0.000159136705909337,0.00358789597030967,0.000650355316370771,-0.000210998921383423,-6.17293795051608e-05,0.00114236935075247,-5.2871456529493e-05,0.00174506753283196,0.00144631904242923,-0.00110084429599602,0.00167113776178083,0.00282896354702917,0.00208139011929397,-0.000810301332592938,-0.000390590734786493,-0.00120162802739694,-0.000704711967962971,-0.00190675648324115,0.00100468506951959,0.00150427245483118,0.00121722498663676,-0.00107513676388103,-8.17858845760522e-05,-0.000477736638388106,0.00070035008074631,-0.00130590627660214,0.00265747359772,0.00246214743758023,0.00442812800253912,0.00168535177047004,-0.000503384330087017,-0.000727942387203016,0.000545554952831873,0.000659700621675854,-0.000800978444035154,0.00187373937389473,0.00244057687909018,9.85314503487961e-05,0.00186766871878844,0.00264071958380198,0.000291562266175251
-0.0898828904800417,-0.123003322345782,0.120853784500517,0.107972392974699,0.119330301155022,0.106302363733243,-0.0667444191272284,-0.0645371602258417,0.144331584314649,-0.0106412977817144,-0.061604598885196,-0.0192727945741717,-0.0546563660642368,-0.0517353524475445,-0.0453621051056246,0.140769333062011,0.14461109484329,0.123701214334261,0.149907025220664,0.013323256564259,0.133433056185662,0.122776108932418,0.133862048416175,0.142083365192242,0.14257056342432,0.125494428857524,0.145251939543551,0.0945879300613538,0.123764358813976,0.123889788896727,0.126423737019779,0.122057140214555,0.113168665222478,1.37947680363674e-05,0.000592812949292848,-0.00157900618225745,-0.00137148992168917,-0.00110493668031905,7.08353313088859e-05,-0.000805115788753711,4.91296387170034e-05,-0.00152461399555061,-0.000186256221305676,-0.000166474878415631,-0.000686065663755911,0.000257387472397847,-0.00245955464935307,0.000942389305151735,0.00151420259982113,-0.000793100959254708,0.00110504550681355,-3.13206317142047e-05,0.000426047221511952,-0.000443270882981515,-0.00140820579145317,0.000859272918926473,-0.000185742508963369,-0.000514089262311457,-0.000417164359256386,-0.00041894623126546,0.0033633072715998,0.000409708556888314,-0.000455738784933743,-0.000327003491059321,0.000913573720590129,-0.000313603863872184,0.00155995453635311,0.00128026648262148,-0.0012610346254252,0.00150437688343202,0.0026534349517014,0.00233790178366446,-0.000677889563990943,-0.0002024167084673,-0.00107057579772544,-0.000643531392282201,-0.00188646707642295,0.00071414272993004,0.00128981673757831,0.000955336561515165,-0.00107846121209924,-0.000323438095650807,-0.000428414367638716,0.000475691697509191,-0.00134286117515076,0.00269270730943179,0.00227949814803512,0.00449941115755543,0.00142637640646322,-0.000786297388299401,-0.000830626423816914,0.000254458582492347,0.00041133600029418,-0.00101085019230536,0.00166828194558273,0.00228373726147527,-6.15880393269222e-05,0.00173977958778991,0.00250721686254205,0.000108815251439443
-0.0768989883235432,-0.105222525262073,0.103352658333487,0.0923386010246048,0.102102541591482,0.0909070716174239,-0.0571506045517184,-0.0552467084064577,0.123488638951728,-0.00912576784200769,-0.0526770534143588,-0.0164778811625347,-0.0467400887739487,-0.0442717186360428,-0.0387632924643655,0.120418035163949,0.123701214334261,0.105855005342203,0.128238611083018,0.0114172082506286,0.114136701715011,0.105052680578762,0.114484203881864,0.121554241923439,0.121954482122556,0.107350090960525,0.124262670879147,0.0809212216498601,0.105903076417082,0.106017865457092,0.10816379106257,0.104425246689699,0.0968303874848846,-0.000199097130546639,0.000766178677151386,-0.00164441976707061,-0.000883227806204802,-0.00131602370533087,-0.000315705780897608,-0.000931684358783064,0.000603701696068727,-0.000727913995756242,-0.000328974990044265,0.000273151969339761,-0.000838711737572053,0.000792579642646122,-0.00224392016674977,0.000749733207729215,0.001855248321521,-0.000733828027456215,0.00148996334973617,0.000538799898120244,0.000433700993978484,-0.000235739108354268,-0.000783070699467064,0.000935565888111294,0.000252962548592063,-0.000258394184579567,0.000109630583486025,0.000104525027674476,0.00339342881078638,0.000714243469372305,-1.84631526008678e-05,0.000178138447808369,0.00118011834024591,0.000111048612803134,0.0010534456467375,0.000847032733201756,-0.00125382031442619,0.00106664237056868,0.00201551896107256,0.0022279257576426,-0.00041434683183573,-1.74314565977827e-06,-0.000827814910305237,-0.000352347675258414,-0.00146501923124567,0.000275423683836107,0.000860431485128632,0.000578963786026998,-0.000852948941224796,-0.000553110004477349,-0.000287395354738773,0.000115535232175896,-0.0011609331102234,0.00224499196136471,0.0016944691969675,0.00381710249606132,0.000902764535266485,-0.00101928970273285,-0.000830183305525796,-0.000101468197371891,9.64378593983617e-05,-0.00103844938614428,0.00117854791130972,0.00175112318371284,-0.000211499632334264,0.001262098923867,0.00194241468854472,-8.77857525640289e-05
-0.0931796258152007,-0.127511258017934,0.125276550855108,0.111928396571857,0.123708740720378,0.110191399250823,-0.0691957286376441,-0.0669049076633575,0.14962550900756,-0.0110362971216232,-0.0638590459610105,-0.0199751517232663,-0.0566534469101808,-0.0536360780229741,-0.0470146168546591,0.145927819463139,0.149907025220664,0.128238611083018,0.155398553805793,0.0138146992608742,0.138318857091311,0.127280163672948,0.138764702385729,0.14728891350468,0.147793947359243,0.130095493497532,0.150571645845525,0.0980543520726988,0.128305266844483,0.128435376936553,0.131060702241246,0.126529415049506,0.117317266273574,-4.10171815103923e-05,0.000682527486773816,-0.00170742927123989,-0.0013499428016846,-0.00123926586916462,-2.25153127479081e-05,-0.000894952520782611,0.000186730550718565,-0.00143882430472421,-0.000234805052579829,-7.37075981990613e-05,-0.000774709823093121,0.000406861817774874,-0.00258622448557197,0.000969697365064758,0.00170758180354868,-0.000834841638295784,0.00127641470400368,0.000104912140457552,0.000458697753248391,-0.000432305434312154,-0.00134938394083382,0.000939524405298549,-8.73040686964022e-05,-0.000489289938904663,-0.000314674157006263,-0.000323178958390807,0.00361522870111175,0.000519393227092616,-0.000378939644733644,-0.000227685031873125,0.00104782310596556,-0.000227661075365721,0.00159918398114353,0.00131134325893837,-0.00132027967961666,0.00154926593970174,0.00273979123362477,0.00243667389525884,-0.000694393251953934,-0.00020617068461802,-0.00111580024335753,-0.00064378106349105,-0.00193958697989207,0.000724042647762867,0.00132851507728792,0.000987632230591116,-0.00110948511448789,-0.000351563841354476,-0.000438664452315789,0.000474855467003314,-0.00139394659476588,0.00278618815880961,0.0023515905842113,0.00466514200082641,0.00146376731295917,-0.000839482036639171,-0.000870752362565038,0.000248761688318344,0.000417124735945559,-0.00105331025179985,0.00172002535934579,0.00236160263624863,-6.99702622814737e-05,0.00178800740213835,0.00259100439259497,0.000106498801661269
