0.0567422954091006,0.077326888562687,-0.0757359385193614,-0.0672552382776238,-0.0745780823131901,-0.0660587939767954,0.0421609160942623,0.0404757518728057,-0.0895319856054197,0.00697296367169971,0.0384882316768397,0.012577424920437,0.0347007536555927,0.0326120934209304,0.0292338896491024,-0.0875359731257949,-0.0893448258519415,-0.0763628871705399,-0.0928838989224821,-0.0076837730832203,-0.0827586088820047,-0.0768281430431666,-0.082706168917738,-0.0879468677261702,-0.0882438099202091,-0.0782009405208189,-0.0901854160732345,-0.0585362206868659,-0.0769467110087258,-0.0771119433396219,-0.0782991696188774,-0.0754635693685045,-0.0699938016435432,-0.000253526169736601,-0.000412735852143343,0.00174921782519549,0.000572295926615787,0.000485079895976123,-0.000241313320697727,0.000685106070024108,-4.83860878880162e-06,0.000914354258244138,-0.000415244058114773,-0.000163163378294892,-0.000378608495998831,-0.00058502049221335,0.00121322461016658,-0.00133077688498176,-0.00162035668067258,-0.000305968115390311,-0.00134348293994091,-0.000451719594339477,-0.000853341604913756,-0.000572070683004341,0.000154512486467349,-0.00159934099650368,-0.00139537150970283,-0.000210971866945108,-0.000844131485480314,-0.000978347589657327,-0.00354580191865782,-0.001625361381164,3.02267978640832e-05,-0.000284360808713871,-0.000969680951271255,-0.000651306641510637,-0.00110031625613335,-0.00103899167396565,0.000817617419158861,-0.00168802738232524,-0.00177558507890948,-0.000758650127540108,0.000974230053575422,0.000197897796205212,0.00135072368808843,0.00092017652884856,0.00121279578952556,-0.000758924302410324,-0.000969431428520181,-0.000827960052251916,0.000697736260852559,0.000298673202506287,-0.000324939584288376,-0.000202819851964225,-0.000105233517816791,-0.0020533378402246,-0.0017200443886052,-0.00341148854645405,-0.00129206852799605,0.00044222877030672,-0.000945251454226083,-0.00145194136720598,-0.000738581565104344,-8.43699980765303e-06,-0.00101412053367927,-0.00150719857383711,-0.000578088732643965,-0.0012488558627694,-0.00228025303468031,-0.000905050812600951
0.077326888562687,0.10556236763393,-0.103391475333991,-0.0920041988287012,-0.101804891263858,-0.0902131465395216,0.0573619360587382,0.0551014617607007,-0.122525544222762,0.00935586954375306,0.0525739064939353,0.0168529037506823,0.0471213191543573,0.0445103847449264,0.0394698615291284,-0.119846972555776,-0.122326794035101,-0.104686013858948,-0.127169678720675,-0.0108776595295913,-0.113284473774699,-0.104857983666326,-0.113336585686848,-0.120555245924758,-0.121006555915826,-0.107034273608397,-0.123374762914932,-0.0801991812800583,-0.105523978768778,-0.10534531221028,-0.107422680591474,-0.103510564835427,-0.0959940667848747,-0.00046644231708796,-0.000376160311798705,0.00203788447307825,0.000836442202928635,0.000622601488056453,-0.000518734258084641,0.000783384079717836,2.39972097698362e-05,0.00141736074723077,-0.000532576560923728,5.81326122953904e-05,-0.000368589839025688,-0.000539270242038704,0.00157905537691666,-0.00160302911148338,-0.00206247908311032,-7.04321565163282e-05,-0.00159633603484545,-0.000579322303004945,-0.000797025337778064,-0.000275785101508913,0.000691752685413511,-0.00171292609664835,-0.0011157371016506,-9.74946586017457e-05,-0.000585701061327048,-0.000719364158499624,-0.0044636884486148,-0.00157070299516667,0.000490064598019529,-9.649906539732e-05,-0.000811837059069269,-0.000313177390498111,-0.00154482740234663,-0.00120120934532577,0.00111639087874672,-0.00202128997212436,-0.00249351037482126,-0.00144515472346898,0.00118026998830398,0.000305309183442244,0.00137586155758862,0.000975519720576989,0.00148100916219046,-0.000940297699571965,-0.00122363287829944,-0.000974007039384134,0.00095892892845929,0.000536838239233859,-0.000441372600946587,-0.000208142051998376,-0.000205761112998207,-0.00283877961253511,-0.00243614027810606,-0.004775085583812,-0.00176800596204472,0.000394501059645672,-0.00105690398995348,-0.00163359123772301,-0.000848891039172817,-4.59615861209588e-05,-0.00147430981196741,-0.00187320656261703,-0.000812026552075694,-0.00176294157680982,-0.00304491182973619,-0.00124849936989898
-0.0757359385193614,-0.103391475333991,0.102599922517187,0.0910043537549251,0.100738966855281,0.0890246743239507,-0.0568752702587556,-0.0546548133245705,0.119454608933858,-0.00998218081776318,-0.0513613217339529,-0.0160278520009406,-0.0467487194323275,-0.0438294276081638,-0.0395204255885767,0.118338885033211,0.120320787373087,0.102846365578193,0.124983182187659,0.00971989612134536,0.111252823680782,0.102845929168462,0.111166782277194,0.117998946842238,0.118338640927876,0.105587880899388,0.120302707847022,0.0785219222589233,0.102800015985789,0.103014362405986,0.104811184643189,0.101893251217039,0.0941824561673062,0.000498440987467802,0.000654840107221139,-0.00145491444849549,-0.000392751284857241,-0.000627694592002331,0.00105171671081124,-0.000617238776052336,-3.13377233288401e-05,-0.00135015259402062,0.00025754994733938,0.000249186926934663,-0.000626195641156576,0.000930236246586403,-0.00231931780930897,0.000467431062331892,0.000956216966397708,-0.000143218698186289,0.00107495782944242,0.000274210553550608,-0.000134008869816679,-0.000451173086204733,-0.00167644804736685,0.000986521016686195,-0.000187671109647832,-0.000577870995208335,-0.000181849449916851,-1.53960603369965e-05,0.00220180649679717,0.0012696064645921,-0.00118840629442039,-0.00103784780305635,0.000603599805754529,-0.000389889738328072,0.00167429436322545,0.00171481879612426,-0.000956140858001855,0.00330962384495685,0.00230684088030663,-3.81660424720363e-05,-0.000827471845776311,-0.000159826773779641,-0.00219751307165963,-0.00173080702473105,-0.00201811489839932,0.00122060897052353,0.00161959350124669,0.000939067451107624,-0.00137383533569659,-0.000328645610569502,-0.000578044829419579,-0.000645021497380903,5.53213586208153e-05,0.00189576731007097,0.00211399966356148,0.00419249904350831,0.00123767631125347,-8.90292303956505e-05,0.000444861834709856,0.00106295475588293,0.000729456404884658,-0.000689184274966289,0.000767323029396041,0.00242962615685809,0.000119220472343328,0.00230590559652113,0.00220500293366076,0.00117639791058284
-0.0672552382776238,-0.0920041988287012,0.0910043537549251,0.0811381232124396,0.0895782322013222,0.0793935277415666,-0.0501754492757835,-0.0483667521924128,0.107165228687876,-0.0084632879311211,-0.0458555328124522,-0.0140494457893209,-0.0411229192944225,-0.0389416846026549,-0.0343820352095234,0.105596390374368,0.107757453811144,0.0922199697324166,0.111827524800425,0.00938182731363473,0.0995028573455169,0.0916216359412821,0.099756031730854,0.1057979004279,0.106202535469969,0.094258787001164,0.107685589802106,0.0703920848380894,0.0922082798005593,0.0920435125963758,0.094148263617219,0.091237451706039,0.0844357829152284,3.6038455678458e-05,0.000795989003581099,-0.00128900000118731,-0.000190236871369828,-0.00112069582417557,0.000229444627608303,-0.000772092098508757,0.00058687508131386,-0.000617733625559831,-0.000168880643371148,0.000341991164586035,-0.00102871077969466,0.00106744458099063,-0.00217770112360348,0.000359809635476155,0.00143660760201272,-0.000657341302761744,0.00128451880898029,0.000701710779363008,-0.000157949680303314,-0.000718440592206668,-0.0010923599356632,0.000608397558644955,-0.000290375887042937,-0.000455473988468388,-5.83364191451932e-05,-0.000105583448468086,0.00240369322519116,0.000869086137555881,-0.000626792074106924,-0.000402842804767429,0.000764347428158106,-0.000215476102820193,0.00191237974992656,0.00165302257602989,-0.000584888498186979,0.00266185532365997,0.00261697444939717,0.000355850608823535,-0.000859651378730088,-0.000595589638478045,-0.00160545794880553,-0.00118143319670179,-0.0017269153506848,0.00151960966504368,0.00177254379362047,0.00132345715905546,-0.00114466711795113,0.00020054647993318,-0.000678957336706314,0.00016599395887292,-0.000283967837268944,0.00183325672883416,0.00239305022243663,0.00376295989866113,0.00172859538691328,0.000540506253505473,-2.68814667244665e-05,0.00102545174873297,0.000982622468545959,-0.000281671665149946,0.00146889030182404,0.00239158559972041,0.000373171663655881,0.00221348032460495,0.00226292752953953,0.00113711080083166
-0.0745780823131901,-0.101804891263858,0.100738966855281,0.0895782322013222,0.099285792699646,0.0880903692285449,-0.0558875789924492,-0.0539216575173236,0.118526100764898,-0.00954162784578084,-0.0507629789629603,-0.0160112989357847,-0.0458546004103686,-0.0431051997471832,-0.0385697341202336,0.116538143083202,0.119209927231173,0.101825390284976,0.123602971532656,0.009966254506814,0.109995104370049,0.10162423722087,0.110108717991181,0.116728231366282,0.117050778364972,0.104056326743787,0.119171887393295,0.0777218191506567,0.101496800268724,0.102058200186576,0.103647398254219,0.10055627742757,0.0930936863073904,-0.000252906505085639,0.00115951398443484,-0.00184727026287469,-0.000198582839168126,-0.00135918910099706,-0.000165024103773226,-0.00106450709777902,0.000724313401826448,-0.00039532577959098,-0.000331021430558678,0.00082778166352004,-0.00112913807130057,0.00147972590638298,-0.00264579643080876,0.000463244256836106,0.00160756824825592,-0.000353037567840151,0.0016412185508186,0.000653485420796534,0.000327709644764869,-4.86854289270414e-05,-0.000640008588514621,0.00120659136016328,0.000587138378264177,-0.000314806246199159,0.000580197521474597,0.00060174839305384,0.00282067007863128,0.0016571384875626,6.30547158302879e-05,-4.62336867220239e-05,0.0016407400624082,0.000489757853919578,0.00137099067965558,0.00160554414169376,-0.00099476259286907,0.00271820266203715,0.00210624127647654,0.000375677839208241,-0.000639788501737675,-0.000108306860300433,-0.00209065763846752,-0.00136015259625346,-0.00197218524078461,0.000943597249666564,0.00146946752415812,0.000996615359028458,-0.00112941776521195,-0.000100241806353977,-0.000759699378664889,-0.000326825686921584,-0.000714437182595205,0.00174054350189199,0.00175315138897858,0.00367687484311705,0.00101601609566598,-0.000529892974023244,-0.000283024182407155,0.000605021554981534,0.000565323927922159,-0.00102284886964904,0.000836783604587404,0.0024373487953752,-0.000215033648608405,0.00177494035957806,0.0019069069716406,0.000528229518291356
-0.0660587939767954,-0.0902131465395216,0.0890246743239507,0.0793935277415666,0.0880903692285449,0.0788600241034931,-0.049308103330895,-0.0479401890283529,0.106258050398418,-0.00799664644789705,-0.0453582308279442,-0.0145959758709906,-0.0405220366438604,-0.0380886670664959,-0.0339150461853262,0.103328123404617,0.106804990885133,0.0909791400432097,0.110367851077428,0.00928607151935025,0.0982201664665862,0.0906051360911214,0.0985781024137779,0.10422871548537,0.104491738952156,0.0923332491444388,0.106736308225034,0.0694494852545391,0.0901938174271326,0.0913309616657785,0.0923857488189202,0.0894501275121371,0.0829466654403767,-0.000403642168604148,0.0006712683159015,-0.00109247978739457,-0.00115329449838284,-0.000717177037566039,-0.000292811629927551,-0.000585640647471172,-0.000549957308080051,-0.00135833480944929,-0.000468489423063649,-4.93237991805522e-05,-0.000728512990202784,-0.000197659564027959,-0.00231429367911504,0.000500167728904074,1.57313009599033e-05,-0.000289504928358388,7.6458379345683e-05,-0.00121220791399395,0.000665312902989027,7.44659050647234e-05,-0.00095274370339031,0.000686009358652824,1.13946419717569e-05,-0.000634461824814864,-0.000299275193662839,-0.000438746221378588,0.00118534093530196,0.000587468397107927,0.000302769487931416,-0.000524807063620861,0.00133084751248433,8.6821558130392e-05,0.00116563794290818,0.00168795057500724,-0.000698797286990038,0.0019398166129476,0.00184682734083048,0.000525941791837012,-0.000474669910235165,-0.000115409495225951,-0.00182038442822503,-0.0012351848179579,-0.00208918720603837,0.00082191096834428,0.00134677835945185,0.00111789597992336,-0.000844451641483427,0.000600758970673445,-0.00107320905931683,0.00052278786747376,-0.00174657504508217,0.0014310555540273,0.00128927940404731,0.00254603863344625,0.000894555520033475,-0.000712287392855595,-0.00105744722097851,0.000295451389897233,0.000493946450221882,-0.00131742722247158,0.00101635355026079,0.00242166535479525,-0.000568556609352682,0.00116604768347401,0.00148083843597809,-0.00032480470508212
0.0421609160942623,0.0573619360587382,-0.0568752702587556,-0.0501754492757835,-0.0558875789924492,-0.049308103330895,0.0319064974098952,0.0305967772342014,-0.0659455247245306,0.005729341512682,0.0284221197283361,0.00925488259611277,0.0262283734839242,0.0243331011221599,0.0223717336008186,-0.0652623553913901,-0.0663670900870761,-0.0566506317588515,-0.0689577668794171,-0.0050135153594977,-0.0614077921335006,-0.0571230832845202,-0.061117161277705,-0.0649821082203589,-0.0650532036230498,-0.0582341035768944,-0.0665469708438265,-0.043268174390616,-0.0565650071960727,-0.0571347259066389,-0.0575755758884911,-0.0560518394442654,-0.0518339838475405,-0.000135127928936857,-0.000589166901121703,0.00134562891717435,5.59753520313573e-05,0.000487993955090491,-0.000301506565154878,0.000582650790616047,-0.000277367821539864,0.000342770454490819,-0.000131458774307121,-0.000651197427013004,0.000239517734798216,-0.00103637800151696,0.00137091700508622,-0.000379507809571851,-0.000936279004800842,-0.000290745174463275,-0.00113308368269287,-0.000467259344695397,-0.000349226792372727,-0.000479036320837401,0.000350628243275692,-0.00117824738798278,-0.000882559025985381,5.05688877178574e-06,-0.000662453003415997,-0.000893671413505775,-0.00184872829260925,-0.00148989514023103,8.055095280765e-05,5.31400282374886e-05,-0.000983037251275309,-0.0004863572806541,3.26414393275251e-05,-0.000352076664020937,0.00107767281947705,-0.00135845176213073,-0.000294851437223475,-0.000324209155279853,5.37105640333275e-05,-0.000621411651391214,0.00123770175523115,0.000781099951305667,0.00089915509382295,0.000398569893646417,-9.58340147544377e-05,0.000302175592616627,0.000590685021611129,0.000987776597036249,4.43137700033853e-06,0.00125728233932598,-1.85831891042841e-05,-0.000886571271520213,-0.000181199027588351,-0.00210823123960102,0.000421940494670975,0.00137029519811082,-0.000230121742617146,0.000109719576917743,0.000365667722966852,0.00102775701349679,0.000585897707001665,-0.000756045949511101,0.000493758562519831,-0.000500053533849949,-0.000603950679468273,-1.65319206656292e-05
0.0404757518728057,0.0551014617607007,-0.0546548133245705,-0.0483667521924128,-0.0539216575173236,-0.0479401890283529,0.0305967772342014,0.029568173714587,-0.0640849454151407,0.00533436457379867,0.0275014560468833,0.0090168691962142,0.0251543793607088,0.0233490605276723,0.0213596510074903,-0.062908816669182,-0.0645810825566154,-0.0549920549622814,-0.0668591769828699,-0.00502092265666727,-0.0595141328815259,-0.0552265207781324,-0.0594080873189786,-0.0629528312875701,-0.0630046483754814,-0.0561725801654387,-0.0645491645584758,-0.041953477581834,-0.0544891582169106,-0.0554229269546002,-0.0556654525338885,-0.0541831568502797,-0.0501581255022039,0.000175413690963837,-0.000625568630654712,0.00108115513619797,0.000322115703499291,0.000520602142602968,6.6122147603679e-05,0.000528206674021809,-2.57498794164153e-05,0.000440018883262718,0.000183110069351687,-0.000513454107853037,0.000465117077763001,-0.000606830134956346,0.00154244821595009,-0.000216825590221429,-0.000366367682988569,-0.000145011182210791,-0.000615590338688725,0.00020133769685206,-0.000453836289176205,-0.000453487658780754,0.000355846120348908,-0.000889331377034911,-0.000612317503935044,0.000195307655612788,-0.000382003574878331,-0.00048366979795451,-0.00107966327661648,-0.00110419093808894,-0.000272949719059708,0.000137589763130911,-0.00115971190346074,-0.000450877928870372,1.31108234388809e-05,-0.000568278653131066,0.0008988657485965,-0.00120167867573052,-0.000307476705100302,-0.000256732009056815,-4.86989321666114e-05,-0.000548557277224989,0.00128859605170359,0.000789198041107874,0.00110845661623349,0.000307877896664874,-0.000224220515184684,8.1256788750696e-05,0.000516839555701679,0.000478803388476241,0.000420547601892254,0.000814822306838906,0.000704854473020709,-0.000643940728399965,-2.54599023823191e-05,-0.00153811464196372,0.000430072109181428,0.00137074267883263,0.000430455253067612,0.000352533431514562,0.000333808652578706,0.00130959351052027,0.000420791878873236,-0.0010066577712581,0.000779999274533495,-0.000328568433567791,-0.000356065776502343,0.000447038309906927
-0.0895319856054197,-0.122525544222762,0.119454608933858,0.107165228687876,0.118526100764898,0.106258050398418,-0.0659455247245306,-0.0640849454151407,0.145224499845657,-0.0098127624382138,-0.0617054085212928,-0.019751150012786,-0.0539604258339785,-0.0514932733173818,-0.0444071771963215,0.139825741746675,0.14484534013712,0.123803800779491,0.149853274755842,0.0141861511159399,0.133395635012127,0.122759192253936,0.134219209991935,0.1422723129291,0.142832006789896,0.125016964448382,0.145709337592891,0.0947131668525737,0.123845815951393,0.124193065082592,0.126692444950914,0.121627814611934,0.113108444971233,-0.00075356198405298,0.00082487468433881,-0.00204970452247682,-0.00146260330076422,-0.00159842443672656,-0.00131674550244641,-0.00118552718481691,0.00029043943450856,-0.00105770908649506,-0.000648930679175466,-7.86990456532767e-05,-0.000611031146382408,4.52445482435977e-05,-0.00243051452112186,0.00151134954594817,0.00208384046030027,-0.000841544908196426,0.00133557152101543,-0.000199654630067748,0.00137819823402044,0.000227068259110637,-0.000143111118446334,0.00128132499517282,0.000901375082235882,-0.000100774745587386,0.00042031881912256,0.000100263275034539,0.00445424143410014,0.000816154383773552,0.00106586585449902,0.000873376500643885,0.00190658569755049,0.000687359656082844,0.00154993463565158,0.00137301845695073,-0.00110514968258046,0.000891594388928806,0.00288529271733532,0.00286415527198643,-0.000846172153991952,-0.000477224817318712,-0.000925215360707848,-0.00029869809512504,-0.0018503384437303,0.000774364989436697,0.00133463704036696,0.00143563099203635,-0.000681918287327029,0.000368880551228352,-0.000336427704780155,0.00146851328835627,-0.00196405415290508,0.00296593033108874,0.00234066146753631,0.00431365736143743,0.00189129411007297,-0.000837691479407664,-0.00107670445462081,0.000562241565793457,0.000666726290735825,-0.000779222538185294,0.00235318636808375,0.00242883693337108,0.000128806456620501,0.00114987971427702,0.00286285501594982,-0.000155866636668046
0.00697296367169971,0.00935586954375306,-0.00998218081776318,-0.0084632879311211,-0.00954162784578084,-0.00799664644789705,0.005729341512682,0.00533436457379867,-0.0098127624382138,0.00159802799560005,0.0044019210342865,0.00132502368805061,0.00475206177079152,0.00412621249474614,0.00442508901684529,-0.0108352240882444,-0.0103511057730047,-0.0087979864461032,-0.0108646444690302,3.85267546128658e-05,-0.00964968764907895,-0.00917107343946983,-0.00935765057799304,-0.00992602092687018,-0.00987198517255474,-0.00961445511017596,-0.00998175680109512,-0.00662542435718739,-0.00856639896946497,-0.00882969083534436,-0.00865012949748403,-0.00892241556170403,-0.00806278755720447,-3.20009205450494e-05,-0.000498195172819058,0.000424073246573491,-0.000627384121794278,0.000322137888566289,-0.00022619408283522,0.000275631924485006,-0.000562046402811658,-0.000495215085885123,9.63085106618707e-06,-0.000752916476698049,0.000512307690459023,-0.00114734741600767,0.000640326954559935,0.000340761239819551,-0.00035384272732772,-0.000158873758736689,-0.000689476633353077,-0.000712925883733943,0.000277856876080559,-2.30680770189254e-05,3.71846928627757e-05,-0.000336100374266555,-0.00027916955095432,3.71800500543972e-05,-0.000467685807410401,-0.000616639180179988,-0.000103925991309502,-0.000900847737383572,0.000142418029061943,0.000130018178917442,-0.000458200467116255,-0.000279515230826471,-6.74610416292456e-05,-0.000336687514983527,0.000184437813435915,-0.00120301956942246,4.23326186611489e-05,0.000951440134901208,-3.89653912500332e-06,-0.000189058256526874,0.000902274037230732,0.000646559378510528,0.000377144306331755,-0.000146596985938406,-0.000259340233301091,4.45174072115967e-05,0.000354403180435665,0.000265181373465161,0.000297590640618596,0.000873269577301773,-0.000352062723007251,0.000234265589818844,3.47339399376523e-05,-0.000341366377483157,0.000285239403417639,0.000113613242012194,-0.000247577428292413,-6.43586562083648e-05,-5.28518462692726e-06,0.00035015502857544,0.000565069103956673,-0.000409859718468442,0.000243612506632946,-0.000479437038066498,0.000121246384288746,-0.000302789432832716
0.0384882316768397,0.0525739064939353,-0.0513613217339529,-0.0458555328124522,-0.0507629789629603,-0.0453582308279442,0.0284221197283361,0.0275014560468833,-0.0617054085212928,0.0044019210342865,0.0263873919352135,0.00858094038507385,0.0233804496028281,0.0221098010469541,0.0194766369957205,-0.0597475089085612,-0.0615713182634014,-0.0525654285774237,-0.0638075145474385,-0.0056902318935647,-0.0568379711530553,-0.0525100309031917,-0.0570260607256085,-0.0604954331994935,-0.0607203460300006,-0.053401401741541,-0.0620564541145867,-0.0402713839512193,-0.0527271785854213,-0.0529415146849358,-0.0538343386175726,-0.0517664937815227,-0.048080081722134,-0.000109040733485692,-2.6249239125721e-05,0.000725015263212416,0.000903083277236333,0.000100501756951568,-0.000137033738751146,0.000220792219518708,0.000587509159138461,0.00118592049733603,-0.000146554885280853,0.000426582358058559,-0.000280895066790924,0.000489672122486112,0.000787874110789268,-0.000839893922111949,-0.000332151150831422,-7.24317261658563e-06,-9.88795100910794e-05,0.000607112789507003,-0.00057771109385223,-0.000157065202729229,0.000517211631601341,-0.000626905611207307,-0.000274358312285374,0.00013953303386922,0.00012507441394264,0.00015989476984612,-0.00155901792493987,-0.000312725277904253,9.35830658813539e-05,0.000179160532115264,-0.00035634663969436,1.61031267112381e-05,-0.000847139747073622,-0.000812380904778041,0.0004001596828354,-0.000820145161825576,-0.00134242952743495,-0.000771928590622788,0.000591688230666318,0.000246251616104886,0.000690409433532977,0.00051883824841623,0.000943084798666143,-0.000587133726097002,-0.000731138189704053,-0.000718328782774492,0.000408307372393594,-0.000195193415562429,2.87909826578721e-05,-0.000639960820198685,0.000494879710088105,-0.00136987817156348,-0.00118315456262946,-0.00202042896963971,-0.0010050205530639,0.000188437282492361,-0.000100928335509928,-0.000776937402496696,-0.000516719076396223,0.000121145016791741,-0.000996911718750428,-0.00115039289419282,-0.000267257552753807,-0.000742571560953801,-0.00147957069719701,-0.000272540126076866
0.012577424920437,0.0168529037506823,-0.0160278520009406,-0.0140494457893209,-0.0160112989357847,-0.0145959758709906,0.00925488259611277,0.0090168691962142,-0.019751150012786,0.00132502368805061,0.00858094038507385,0.00367879598011313,0.00782529001646365,0.0069926870438661,0.00681929323835303,-0.0182259230197597,-0.0193315905247,-0.016172563616616,-0.0199279172298153,-0.00147597232457812,-0.0178349392088343,-0.017054821691606,-0.0177289198042389,-0.0187507237832694,-0.0187255875022443,-0.0163819326922319,-0.0200026618218122,-0.0125598315063752,-0.0161909481587429,-0.0172021434802676,-0.0164920351304051,-0.0156361224063469,-0.0146666565450466,-1.21888506948914e-05,0.0001800345790564,0.00057672045903915,0.00100539318219363,-0.000528697256306108,4.95251720449266e-05,-1.2335750402384e-05,0.00116931694017127,0.00108177970633745,-0.000326234387709991,0.000389526279434818,-0.00106381368652013,0.0009437226895858,-1.03407586639927e-05,-0.00101621504032633,0.000448699301302534,-0.000850963126935891,0.000444299859624454,0.00130181691185241,-0.00121102823923439,-0.00120963454517489,-0.000351150533656919,-0.000998833886080786,-0.00134499258110881,-0.000208615019476393,-0.000442134420999967,-0.000512628674757512,-0.000765713760950869,-0.000692344820723378,-0.000673807022550536,-0.000142236372281622,-0.000631448631540565,-0.000707356612813043,0.000138634985161807,-0.000398921089423898,0.000246111392607386,-4.41649783233256e-05,-2.33557188913871e-05,-0.000133230115977513,0.000361758526487145,-0.000190242378018156,0.000696410628218633,0.000469230359907357,0.000544152584115673,8.74385087160859e-05,-1.93892860915261e-05,-0.000252521858592034,-7.53365288303851e-05,-0.000223614882829178,-0.000238243715886996,-0.000582107237691293,0.00059966272422025,-0.000558027717760321,0.00010589823057603,-0.000256060438187336,-9.26804879347963e-05,0.00095979799257831,-0.000343330616193578,-0.000683254237439235,-0.000182926110183674,0.000258123161396103,-0.000109539314896818,-0.000382684968148776,8.1244147973559e-05,0.000378144392851438,-0.000529291784843388,0.000416699376596239
0.0347007536555927,0.0471213191543573,-0.0467487194323275,-0.0411229192944225,-0.0458546004103686,-0.0405220366438604,0.0262283734839242,0.0251543793607088,-0.0539604258339785,0.00475206177079152,0.0233804496028281,0.00782529001646365,0.0217183556591185,0.0199706360608909,0.018705229926228,-0.0533818673996061,-0.0542995218042781,-0.0462009514940355,-0.0564093696797626,-0.00386303690133141,-0.0502679453347653,-0.0469207086096376,-0.0499815415038843,-0.0530629743652732,-0.0531202701349723,-0.0476497357165667,-0.0545258843649548,-0.0353532426618875,-0.046130201900954,-0.0468504613157619,-0.0469481143766978,-0.0457134266503208,-0.042257233631222,-0.000411319509269596,-0.000133015448114796,0.000829896969271482,0.00055281384590943,-0.00023184006295245,-0.00078749643748498,0.000143522619483799,0.000741948272398174,0.00119463449861213,-0.000433753751369796,2.75022032070071e-05,-0.000359921235509739,5.33964807092596e-06,0.000909961250020428,-0.00055853527961053,0.000105894215289744,-0.000587554076193523,-0.00012912962117553,0.000583629458879037,-0.00040976586436638,-0.000474195899534302,0.000721749545378401,-0.000949854647641688,-0.000553656600402295,0.000183158566933375,-0.000102988618595467,-0.000314801801511799,-0.000881177221867769,-0.00101090026713908,0.000432564926338541,0.000648150162213095,-0.000421635969610509,-9.57648369789135e-05,-0.000391327925004091,-0.000820297772823173,0.00060718244230759,-0.00161976659665588,-0.000601986739161818,0.000337677390440903,0.000404688198460874,-0.000263295347025054,0.00144437665511289,0.00114469453305428,0.00109051019516155,-0.000255570639896217,-0.000512702964028356,-0.000223390574985174,0.000587595765563683,0.000296511627600285,0.000100619140743201,0.000497208368675071,6.27080491176117e-06,-0.000823187361839801,-0.000502238246155467,-0.00170893352715645,-0.00016075918487356,0.000728540076516116,-0.000559224638706374,-0.000667069278280903,-0.00020043127246647,0.000581026771964481,0.000138617984508246,-0.00103931494393948,0.000157040816954077,-0.000725099720066322,-0.000879975816762135,-0.000283667831282489
0.0326120934209304,0.0445103847449264,-0.0438294276081638,-0.0389416846026549,-0.0431051997471832,-0.0380886670664959,0.0243331011221599,0.0233490605276723,-0.0514932733173818,0.00412621249474614,0.0221098010469541,0.0069926870438661,0.0199706360608909,0.0188200501181999,0.0167938762093073,-0.0506909860161307,-0.0515817183329935,-0.0441509402402484,-0.0536341697506757,-0.00439903804503587,-0.0477585261375252,-0.044202131094142,-0.0477404827051467,-0.0507616618828609,-0.0509343421871156,-0.0452535893036536,-0.0518424021401222,-0.0337722221259153,-0.0443881862796168,-0.0443352665363755,-0.0451927379924306,-0.0437066808181932,-0.0404775760285819,-0.000118007429615134,-0.000351478786107245,0.000924555367292681,8.22287287700667e-05,0.00046266175351676,-0.000152214032890023,0.000436654823903497,-0.000307033569994098,0.000273840362657479,-0.000117095695948434,-0.000256938045097078,0.000143126463083576,-0.000644642898783643,0.000865458158666704,-0.000466948808771946,-0.00102279718028065,3.93365396415619e-05,-0.000912563847335413,-0.000554096541988889,-0.000186641941240251,-3.8203425260404e-05,0.000242077905253597,-0.000707682808778708,-0.000459258210427191,-2.35789797120905e-05,-0.000375191888493805,-0.000444163406528956,-0.00182334830518216,-0.000835154325686256,0.000177167794231705,-7.60820434137467e-05,-0.00049820454653564,-0.000209726042209827,-0.000636332219974651,-0.000540667420199296,0.000490264041751116,-0.00108177660144218,-0.000995386465926553,-0.000382537611538293,0.000424527091138647,8.61502132272937e-05,0.000728369118538137,0.000491423807015894,0.000664930138411985,-0.00040281582457638,-0.000557143061826973,-0.000372662019148805,0.000472056553983196,0.000279466000631085,-4.67182344387085e-05,0.000160601645519673,-0.000128684824533105,-0.00103673829289935,-0.000962588942925953,-0.00197435012046918,-0.000616610001599995,0.000154253061220321,-0.000365761006919319,-0.000560574981408421,-0.000310859514742871,0.000101908124161015,-0.000457290793580737,-0.0008542370489687,-0.000228619923047314,-0.000830916620906309,-0.00113410704001453,-0.000548037963380053
0.0292338896491024,0.0394698615291284,-0.0395204255885767,-0.0343820352095234,-0.0385697341202336,-0.0339150461853262,0.0223717336008186,0.0213596510074903,-0.0444071771963215,0.00442508901684529,0.0194766369957205,0.00681929323835303,0.018705229926228,0.0167938762093073,0.0165442434917061,-0.0444383816456155,-0.0448954793947807,-0.0379972323642354,-0.0466875335263773,-0.00241504444725154,-0.0416352696755239,-0.0392513156121948,-0.0411451273542823,-0.043619084138704,-0.0435934370024854,-0.0396607224794786,-0.0450269214898577,-0.0291026237548633,-0.0378019007597898,-0.038913117663927,-0.0384009059115078,-0.037674184225463,-0.0347255097164977,-0.000580964211088652,-5.94306921276434e-05,0.000724048293470904,0.00058536591497771,-0.000637589574026168,-0.00116047086172944,-2.68257178576225e-05,0.00121198946256834,0.00147067019287044,-0.000657962247018298,6.44135669764838e-05,-0.000647189000947931,0.000168571418604455,0.000796399309650645,-0.000560828543989511,0.00070353963996321,-0.00102718442221788,0.000236406109848229,0.00101622441483344,-0.000460117766247448,-0.000715938198437305,0.000792398248887682,-0.00108185788962938,-0.000735776799169651,0.000233329111789428,-0.000120409849139907,-0.000419158874039557,-0.000240805214157814,-0.00126278978592231,0.00055778694708204,0.00100206517989021,-0.000376264351551953,-0.000153564872912489,-0.000474318660541995,-0.0011821142217021,0.000407300745406426,-0.00221282116199148,-0.000503811489814414,0.00130107833679123,0.000571861370749614,-0.00024192292363327,0.00202265442383034,0.00167591650250086,0.00132130752532746,-0.000568448005918899,-0.000739269754815994,-0.000414914714431058,0.000666259803778895,2.6697953464888e-05,0.000235518569768579,0.000490206442674745,-0.000128086101114465,-0.000536977191781012,-0.000420992958308077,-0.00132469403211455,-0.00018257263813781,0.000590737116411651,-0.00093890225388963,-0.00115037078363167,-0.000467371279449682,0.000525057946892944,0.000329743286335838,-0.00126003150971348,0.000147367987747944,-0.000866275820816679,-0.000815631102859132,-0.000448563325516188
-0.0875359731257949,-0.119846972555776,0.118338885033211,0.105596390374368,0.116538143083202,0.103328123404617,-0.0652623553913901,-0.062908816669182,0.139825741746675,-0.0108352240882444,-0.0597475089085612,-0.0182259230197597,-0.0533818673996061,-0.0506909860161307,-0.0444383816456155,0.137589695829518,0.14049314808801,0.120356388231801,0.145818746327704,0.0125698173048052,0.129751746765003,0.119349338801392,0.130086794651063,0.138117977207561,0.138634620590417,0.122791707164613,0.140548037412008,0.0918593201607164,0.120461233517126,0.120009483705066,0.122964396045435,0.119068181742975,0.110231508596051,0.000142926919663397,0.000856000469974037,-0.00161994154529867,-0.000337817256348297,-0.00141557768459609,0.000354069999553875,-0.000943500699576784,0.000798652444412623,-0.000876712206734172,-0.000199298190059345,0.000312418888538134,-0.00125966408066841,0.00123333406972389,-0.00266205194467115,0.000438289346552101,0.00197039122053865,-0.00098885307437215,0.00168264630350774,0.000985577039857975,-0.000263633968392412,-0.000990651341061011,-0.00159405373734116,0.000690775872265911,-0.000604468799127306,-0.000564160019150085,-0.000266509352766879,-0.000296919174844365,0.00325526530749213,0.000812005291831661,-0.000966018342772575,-0.000481959847987713,0.000736673994827189,-0.000513681560220872,0.00187138754656829,0.00141082681704615,-0.0011471239404658,0.00261020217086865,0.0028399244191389,0.00139787514119854,-0.000701108580844817,-0.000348812528556309,-0.00140180152975737,-0.000983692695325934,-0.00182033549515866,0.00108709771713336,0.00157844279010169,0.00096317414848576,-0.0013285770397781,-0.000465835948252362,-0.000538463470508706,-0.000357102199921717,-0.000287205295887381,0.00244142607643771,0.00258344316254719,0.00495668979310352,0.00156653800548624,2.63910181435289e-05,-0.000252975856316529,0.000501593535986647,0.000567065076372237,-0.000671624544758828,0.00142355117377306,0.00240131801028023,0.000219598919952048,0.0023486504072304,0.00254388365065605,0.0010616175171585
-0.0893448258519415,-0.122326794035101,0.120320787373087,0.107757453811144,0.119209927231173,0.106804990885133,-0.0663670900870761,-0.0645810825566154,0.14484534013712,-0.0103511057730047,-0.0615713182634014,-0.0193315905247,-0.0542995218042781,-0.0515817183329935,-0.0448954793947807,0.14049314808801,0.145364211801454,0.124141531016666,0.150236145618197,0.013577378656827,0.133664090454597,0.122798804326456,0.134419882863869,0.14227472807174,0.142734143320302,0.125525442599005,0.14534679352344,0.0947282291673424,0.123361510361093,0.12407144213792,0.126387623991217,0.122065555145309,0.113276784434674,-0.000688884058829884,0.000904964147202074,-0.00139749590747183,-0.00133613835796167,-0.00146584587955875,-0.000798157121482357,-0.000928197156371305,1.80964009563322e-05,-0.00130176152112425,-0.000898243806318812,-5.57979419663986e-05,-0.00138978563012788,-1.288453314689e-05,-0.00302367849824759,0.000522570921883715,0.000843940349571278,-0.00108651561027028,0.00057919047587049,-0.00083036026992825,0.000590935284260748,-0.000441965418271489,-0.00123530660431223,0.000514009442335339,-0.000497284422891533,-0.000779771127855,-0.000551775236010052,-0.000857965266281349,0.00224610416817704,0.000215335398102608,0.000372883003356809,-0.000262199615854286,0.00155035681102991,-0.000153203224151677,0.00142155081085603,0.00158458146222657,-0.00110621565943853,0.00161386296882934,0.00251547434838296,0.00200580491336014,-0.000350176778339984,-0.000173672948136193,-0.001367291731801,-0.000759325597536214,-0.00223877461500309,0.000656167046232715,0.00140328651033684,0.00113517868255634,-0.000971660239736815,0.000369702050793943,-0.00117159359127013,0.000624345845330947,-0.00227455570844041,0.00217315281166779,0.00181664825883674,0.00375838876516051,0.00115417377267794,-0.000898213848592967,-0.00185930152584311,-0.000330254495538484,0.00026396414131868,-0.00164539402844171,0.00159196701162427,0.00269838211344693,-0.000663825277726641,0.00136173676908431,0.00194801966861793,-0.000533106272925923
-0.0763628871705399,-0.104686013858948,0.102846365578193,0.0922199697324166,0.101825390284976,0.0909791400432097,-0.0566506317588515,-0.0549920549622814,0.123803800779491,-0.0087979864461032,-0.0525654285774237,-0.016172563616616,-0.0462009514940355,-0.0441509402402484,-0.0379972323642354,0.120356388231801,0.124141531016666,0.106279902357178,0.128474570099447,0.011918600866495,0.114288928288107,0.104826719096095,0.114942652768831,0.121870743600889,0.122316774252865,0.107492769101131,0.124219956088402,0.0810843669079013,0.10598066145409,0.105916591377428,0.108463711628542,0.104669980345128,0.0971248809319692,-0.0005516093196089,0.000881338828416528,-0.00138779776679062,-0.000660567934172645,-0.00165401207428636,-0.000781782384881823,-0.000990332138095242,0.000840706040713294,-0.000481471829848507,-0.000792326757440972,0.000254063343798708,-0.00143617133032731,0.000693891472727451,-0.00250383134242964,0.00035958371863643,0.00169621211504675,-0.00124909308187263,0.00128448230126678,0.000403337283848403,0.000220768909345016,-0.000654304062960912,-0.000888942262297601,0.000420609091968169,-0.000446940765301286,-0.0004669056924505,-0.000214600833296338,-0.000452838057844002,0.00280482302863706,0.000257632374093077,0.00017739993540407,0.000191370447990158,0.00122226947973135,-0.000132463037817884,0.00105777662181683,0.000805224148112122,-0.00116209952680305,0.000976844324989996,0.00206684503108534,0.00237028703929098,-0.000147603468209023,-7.3652704641219e-05,-0.000582101303748511,-0.000140751303056289,-0.00143442563555442,0.000210592058531878,0.000865909158777601,0.000575388550557426,-0.000788824298190522,-0.000297811753331378,-0.000631807809742254,6.6390932576526e-05,-0.00141391531277927,0.00203167288970228,0.0016061966884387,0.00366777928352207,0.000852804414984528,-0.00076261130004825,-0.00145191787574932,-0.0006245139800347,-6.67954043481278e-05,-0.00121392185984701,0.001259986898857,0.00181288009941963,-0.000396372440717293,0.00114116582392858,0.00167404701639335,-0.000230579733601651
-0.0928838989224821,-0.127169678720675,0.124983182187659,0.111827524800425,0.123602971532656,0.110367851077428,-0.0689577668794171,-0.0668591769828699,0.149853274755842,-0.0108646444690302,-0.0638075145474385,-0.0199279172298153,-0.0564093696797626,-0.0536341697506757,-0.0466875335263773,0.145818746327704,0.150236145618197,0.128474570099447,0.155538730099122,0.0140127639764886,0.138410053308271,0.127251309554304,0.139047130504225,0.147409318611049,0.147927201480173,0.130244868836778,0.150483289169968,0.0980994861237907,0.12819190434728,0.128404167481122,0.131116098512162,0.126573588409927,0.117419297178891,-0.000352543133995624,0.000813074449531161,-0.00163239267528,-0.00114863584300051,-0.00143762598578196,-0.000417848207238462,-0.000966786287998555,0.00023661244343556,-0.00130352282101499,-0.000571816645915499,-3.76776203606231e-05,-0.00113732919036116,0.000302624101518781,-0.00282756892868131,0.000749890755417378,0.00146466318407112,-0.00102807475774463,0.00106771649465724,-0.000177888176170179,0.000469812236650185,-0.000520975242905476,-0.00130588469418578,0.000742665335827973,-0.000344177443897915,-0.000608754723169841,-0.000376447800340869,-0.000581784863327823,0.00313468557397737,0.000465756928951923,-5.63925264636467e-05,-0.000193088740763315,0.00127189506509954,-0.000220975145063968,0.00155619069088579,0.0014119981889786,-0.00124870404703737,0.00174291354529149,0.00270894092644032,0.00222431376190043,-0.000530631317671874,-0.000215299488757008,-0.00122557611453299,-0.000701909581921756,-0.00203584319104188,0.0006923919362619,0.00136766174471141,0.00102946892367191,-0.0010585412610329,-6.67966545652416e-05,-0.000729112791263689,0.000363331112662118,-0.00155133198023028,0.0025652119230744,0.00218396354035668,0.00450679669503654,0.00138006877718337,-0.000733822089236785,-0.001187456178818,1.90223708010711e-05,0.000335622406279731,-0.00123554449458309,0.00165670600160495,0.00251080295671745,-0.000247039570290237,0.00163657468881665,0.00238536618355045,3.04910116544262e-05
