0.0558382915499895,0.0764062045180343,-0.0750624981400753,-0.0670799104255141,-0.0741330157747816,-0.0660204017940642,0.0414498000601768,0.0400767569619932,-0.0897016455272573,0.00662092687254839,0.0382553271936305,0.0119604707106393,0.0339508412516685,0.0321372292027431,0.0281604622865357,-0.0874410076246061,-0.0898567485399737,-0.0768352810290086,-0.0930925206210686,-0.00827759783184473,-0.0828588390480904,-0.076254157694447,-0.0831537439852343,-0.088286443206845,-0.0885578152105919,-0.0779412769698153,-0.0901978992520659,-0.0587413531108593,-0.0768828856845645,-0.0769453008347406,-0.0785372270225922,-0.0758422404058203,-0.0702809577925248,9.82232790505487e-05,-0.000499577806570224,0.00108445955073287,0.000744610380804514,0.000859959887737817,0.000135160862786601,0.000590127168162566,-0.00026731289596551,0.000694469544418862,0.000190319542876997,-6.515315636499e-05,0.000543139115006293,-0.000408206524212169,0.00159795978572313,-0.000588462436717347,-0.00118747511481609,0.000510768574988312,-0.000912673480432431,-0.000221606438674074,-0.000295060628278354,0.000245896460794452,0.000662165033659684,-0.000605804223057337,-4.38173336962879e-05,0.000255001605399311,8.18631612069431e-05,6.83809339700106e-05,-0.0023226809244596,-0.000398713416545875,0.000111173628546318,7.61509904839028e-06,-0.000753689372589056,1.12284863741386e-05,-0.00105714292545223,-0.000801518987127578,0.000736339950660313,-0.000948189505810629,-0.00175012630318689,-0.00144287271529744,0.000482226302676949,0.00020958354301423,0.000692114498392329,0.000381804796256199,0.00116139072959133,-0.000570276184504945,-0.000906069504101649,-0.000626348462104512,0.000675332517892278,0.000108647913760454,0.000267241685412845,-0.000303684586382595,0.000835999936525076,-0.00167062436878771,-0.00151620936431687,-0.00280130161847577,-0.000905623563472611,0.000484156405804605,0.000517156129804126,-0.000177803554993574,-0.000364650592982033,0.000611066072685983,-0.0010564233350121,-0.00151143280147692,2.55034074050524e-05,-0.00114754569080476,-0.00157268537302281,-8.35374826951756e-05
0.0764062045180343,0.104550263390943,-0.102711605697869,-0.0917886492002497,-0.101439750529539,-0.0903388728740755,0.0567177435540665,0.0548389430238251,-0.122743051112586,0.00905973085279641,0.0523465935709023,0.0163660840237373,0.0464565596157605,0.0439749075221876,0.0385333071815276,-0.119649712166559,-0.12295528598192,-0.105137389299372,-0.127382947655282,-0.0113266329484983,-0.113379711783758,-0.104342210451341,-0.113783244311623,-0.120806562102513,-0.121177893392264,-0.106650776433965,-0.123422098815122,-0.0803786024763366,-0.105202529026026,-0.105287934660708,-0.107466243389544,-0.103778564327406,-0.0961687953867922,0.000134403609767491,-0.000683596202568319,0.00148391786218336,0.00101888599136432,0.00117672423772095,0.000184947071950824,0.00080749922411059,-0.000365777018467045,0.000950275887200271,0.000260423331609639,-8.9152179481749e-05,0.000743203224005567,-0.000558568507538028,0.0021865647893301,-0.000805221292466546,-0.00162487898472838,0.000698909066137953,-0.0012488547673719,-0.000303234687269863,-0.000403745567488801,0.000336471886087375,0.000906072080325001,-0.000828950888000735,-5.99573530439464e-05,0.000348930890858721,0.000112017278180347,9.3568901931202e-05,-0.00317823537966807,-0.000545578634357306,0.00015212419226898,1.04201041823692e-05,-0.001031309209981,1.53644748525719e-05,-0.00144653921752932,-0.00109675675876887,0.00100756916630559,-0.00129745304327518,-0.00239478151178703,-0.00197435173459436,0.000659853310041277,0.000286783184202965,0.000947053365103734,0.000522441760643787,0.00158918647306861,-0.000780336173896734,-0.00123981823075598,-0.000857062552715629,0.000924089778670282,0.000148668135947662,0.000365679577662541,-0.000415546141760986,0.00114393869071037,-0.00228599521316175,-0.00207470177841025,-0.00383315496295839,-0.00123920802886836,0.000662494362448487,0.000707649462845654,-0.000243297106873521,-0.000498968843988798,0.000836150928469552,-0.00144555456751924,-0.00206816577906085,3.48975319266828e-05,-0.00157024164442643,-0.00215198060180845,-0.000114308332338842
-0.0750624981400753,-0.102711605697869,0.100905283285478,0.090174421741464,0.099655795409338,0.0887501416915199,-0.0557202853733103,-0.0538745260898018,0.120584448657844,-0.00890040324051304,-0.051426007970697,-0.0160782643155915,-0.0456395582236943,-0.0432015493364165,-0.037855646892677,0.117545510258176,0.120792951090143,0.103288406203632,0.125142746348499,0.0111274387988909,0.111385776306712,0.102507211650417,0.111782212169654,0.118682015424394,0.119046816351519,0.104775178379951,0.121251554388723,0.0789650361111419,0.103352400360149,0.10343630402131,0.105576304246922,0.101953478005401,0.0944775371370598,-0.000132039940628257,0.000671574239389625,-0.00145782116089632,-0.0010009675040681,-0.00115602995152654,-0.000181694527713968,-0.000793298258829319,0.000359344335208856,-0.00093356400131998,-0.000255843435332098,8.7584317906446e-05,-0.00073013299078936,0.000548745325365319,-0.00214811109212348,0.000791060387692115,0.00159630329157671,-0.000686617805556344,0.00122689196832112,0.000297901895438714,0.000396645155977334,-0.000330554573191237,-0.000890137578134988,0.000814372666215639,5.89029219516171e-05,-0.000342794469523945,-0.000110047302939698,-9.19233663219323e-05,0.00312234181477692,0.000535983896661743,-0.000149448882735113,-1.0236852566389e-05,0.00101317224359403,-1.50942697954876e-05,0.00142109987022994,0.0010774688087768,-0.000989849700673969,0.00127463557785666,0.00235266604208788,0.00193963009078489,-0.00064824889771884,-0.000281739714289289,-0.000930398151630109,-0.000513253916144542,-0.00156123848097689,0.000766612907567366,0.00121801435141548,0.000841989949310471,-0.000907838410901938,-0.000146053605835451,-0.000359248608032601,0.00040823820120115,-0.00112382098267347,0.00224579289756074,0.002038215343446,0.00376574375199821,0.00121741488075281,-0.000650843503649792,-0.000695204490574319,0.000239018398405967,0.000490193802455197,-0.000821446084241154,0.00142013253662115,0.00203179428847929,-3.42838116598445e-05,0.00154262682275243,0.00211413511428379,0.0001122980658142
-0.0670799104255141,-0.0917886492002497,0.090174421741464,0.0805847431536585,0.0890578117579694,0.079311929424587,-0.0497946623725571,-0.0481451919915718,0.107760788877338,-0.00795388199058373,-0.0459570636961573,-0.0143684070849196,-0.0407859790623054,-0.0386072423851699,-0.0338298546622034,0.105045029067985,0.107947117934172,0.0923041093463769,0.111834330370872,0.00994408148396652,0.0995403574683517,0.0916059916184434,0.0998946340090289,0.106060671587713,0.106386677437785,0.0936327694214058,0.108356950659592,0.0705674295464845,0.0923612979877534,0.0924362788399032,0.0943486988499157,0.0911111452673679,0.0844302399388649,-0.000117998036428325,0.000600155083278363,-0.00130278788093165,-0.000894518730064623,-0.00103309092448404,-0.000162372062559319,-0.000708934254275455,0.000321129544246498,-0.000834283312396109,-0.000228635539054492,7.82700862004412e-05,-0.000652486352498764,0.000490388518687906,-0.00191966831925575,0.000706934371522454,0.00142654300701658,-0.00061359882810365,0.00109641705746567,0.000266221255044414,0.000354463576259107,-0.000295401454918724,-0.000795475110570563,0.000727767485180015,5.26388386507217e-05,-0.000306339688656741,-9.83442252346669e-05,-8.21476946767755e-05,0.00279029361455866,0.000478984215399998,-0.000133555609198574,-9.14820543157421e-06,0.000905425545777561,-1.34890563318366e-05,0.00126997174838016,0.000962884435902425,-0.000884583259299784,0.00113908333064323,0.00210246969225431,0.00173335841428674,-0.000579310295685483,-0.000251777855335531,-0.000831454137789891,-0.000458671474752568,-0.00139520719469476,0.000685086780281388,0.00108848353857703,0.000752447783892433,-0.000811293532630647,-0.000130521406021987,-0.000321043997261417,0.000364823748841177,-0.00100430724689406,0.00200696206675009,0.00182145953111132,0.00336527240404506,0.00108794781915188,-0.000581628975955263,-0.000621272354513376,0.000213599775552395,0.000438063709237,-0.000734088674313213,0.00126910728671905,0.0018157213289108,-3.06378694044522e-05,0.00137857480971555,0.00188930554681175,0.000100355628741768
-0.0741330157747816,-0.101439750529539,0.099655795409338,0.0890578117579694,0.0984217796660909,0.08765116825387,-0.0550303133642922,-0.0532074097110532,0.119091278015602,-0.00879019150947495,-0.0507892110519877,-0.0158791707133777,-0.0450744136364523,-0.0426665940757132,-0.037386888763313,0.116089970120136,0.11929719860825,0.102009408641808,0.12359313131093,0.0109896501775323,0.110006510796144,0.101237887448514,0.110398037681199,0.117212402193448,0.117572685871121,0.103477770446059,0.119750123123293,0.0779872294785525,0.102072610372794,0.102155475073417,0.104268976148045,0.100691010565142,0.0933076426243378,-0.000130404919154559,0.000663258283646541,-0.00143976928286961,-0.00098857274415047,-0.00114171508750896,-0.000179444644435831,-0.000783475021390244,0.000354894653531308,-0.000922003884116304,-0.00025267538247868,8.64997806076952e-05,-0.000721091914938254,0.000541950332984268,-0.00212151150606794,0.000781264861317944,0.00157653661985721,-0.000678115568650101,0.00121169963557266,0.000294213041946506,0.000391733586459995,-0.000326461388789419,-0.000879115200755303,0.000804288469036214,5.81735400555319e-05,-0.000338549721184392,-0.000108684611449738,-9.07850995432909e-05,0.00308367854447331,0.000529346926238792,-0.00014759829016949,-1.01100918779981e-05,0.00100062635507766,-1.49073607804731e-05,0.00140350270384953,0.00106412675006936,-0.00097759261006461,0.00125885204651744,0.00232353349718556,0.00191561207900472,-0.000640221774539081,-0.000278250993522947,-0.000918877236445161,-0.000506898406059012,-0.00154190600907623,0.000757120108949596,0.00120293194823989,0.000831563773403319,-0.000896596848012637,-0.000144245056235113,-0.000354800111723572,0.000403183077560745,-0.00110990495521602,0.00221798373924457,0.0020129765722174,0.00371911337735805,0.00120233990069027,-0.000642784252036828,-0.000686595926640622,0.000236058686275357,0.000484123840673374,-0.000811274298485809,0.00140254734851955,0.00200663502775868,-3.38592827786792e-05,0.00152352481491222,0.00208795624527109,0.000110907503623795
-0.0660204017940642,-0.0903388728740755,0.0887501416915199,0.079311929424587,0.08765116825387,0.0780592194363169,-0.0490081694531539,-0.0473847520006071,0.106058737022719,-0.00782825262451719,-0.0452311845864014,-0.0141414620691899,-0.0401417758040641,-0.0379974516701243,-0.0332955214648581,0.1033858718884,0.106242123063638,0.0908461914697664,0.110067938055069,0.0097870174673739,0.097968145054138,0.0901591003182523,0.098316825894845,0.104385472615446,0.104706329293287,0.0921538657264061,0.106645482594516,0.0694528365151363,0.0909024768323702,0.0909762733826994,0.0928584872476125,0.0896720699284218,0.0830966876517021,-0.000116134290080172,0.000590675799735668,-0.00128221070669215,-0.000880390054139369,-0.0010167735390758,-0.000159807440741898,-0.000697736833814236,0.000316057391916769,-0.000821106038232336,-0.000225024303953732,7.70338318377318e-05,-0.000642180511033108,0.000482642967672438,-0.0018893476891167,0.000695768538656169,0.00140401115479017,-0.000603907204329863,0.00107909945330244,0.000262016363955476,0.000348864922113643,-0.000290735670643761,-0.000782910801220612,0.000716272599045767,5.18074227536795e-05,-0.000301501138005306,-9.67909053982445e-05,-8.08501945606952e-05,0.0027462216986877,0.000471418792200631,-0.000131446135291604,-9.00371205709671e-06,0.000891124599714852,-1.32760004180311e-05,0.00124991289587766,0.000947675942562824,-0.000870611511387196,0.00112109182449628,0.00206926176499002,0.00170598049756498,-0.00057016024979733,-0.000247801093750076,-0.000818321549656498,-0.0004514268856734,-0.00137317028295676,0.000674266024075901,0.00107129124215031,0.000740563079266379,-0.000798479375679495,-0.000128459856514958,-0.000315973196122656,0.000359061458635313,-0.000988444491712033,0.00197526265601406,0.00179269008161732,0.00331211885722831,0.0010707639842653,-0.000572442307153576,-0.000611459529512378,0.000210226026177389,0.000431144614114221,-0.000722493946744992,0.00124906208814938,0.00178704251273341,-3.01539527313777e-05,0.00135680060189792,0.00185946448826537,9.87705393432872e-05
0.0414498000601768,0.0567177435540665,-0.0557202853733103,-0.0497946623725571,-0.0550303133642922,-0.0490081694531539,0.0307689558067963,0.0297497204341889,-0.0665871961509605,0.00491483688813244,0.0283976393151829,0.00887847936998164,0.0252023395181533,0.0238560616373663,0.0209040337549381,-0.0649090826830822,-0.0667023319956894,-0.0570362550109308,-0.0691043056606897,-0.00614461448558739,-0.0615076539132108,-0.0566048763752446,-0.0617265673208754,-0.0655366652053052,-0.0657381096797868,-0.0578572563227773,-0.0669555745003235,-0.0436047965315985,-0.0570715928301934,-0.0571179247544646,-0.0582996411065477,-0.0562991025275684,-0.0521708592378742,7.29129628591039e-05,-0.00037084587694269,0.000805014449823996,0.00055273810409203,0.000638364183735692,0.000100332416751147,0.000438062348460611,-0.000198431323446881,0.000515517630733266,0.000141277728612692,-4.83643970768798e-05,0.000403182244602118,-0.00030301927838724,0.00118619520375421,-0.00043682658741487,-0.000881484814797699,0.000379152992016837,-0.000677494461847608,-0.000164502571982612,-0.000219028980082938,0.000182533506174887,0.00049153739289216,-0.000449699717242551,-3.25264199613845e-05,0.000189292423987631,6.07685437740162e-05,5.07604362939293e-05,-0.00172416915435614,-0.000295972368394205,8.25262476213803e-05,5.65282934402887e-06,-0.000559477608180911,8.33511381288942e-06,-0.000784736811938392,-0.000594982418671078,0.000546598810313998,-0.000703858666589448,-0.00129915123356181,-0.00107107119328357,0.000357965533594869,0.000155577753414358,0.000513769436363011,0.000283420785764334,0.000862121891573394,-0.000423326594898567,-0.000672592207661196,-0.00046495008714564,0.000501311860799151,8.06513626638173e-05,0.000198378462532118,-0.000225430704226451,0.000620578267303586,-0.00124013547226666,-0.00112551034882646,-0.00207945817772951,-0.000672261177656529,0.00035939828496523,0.000383894592496355,-0.000131986878536109,-0.000270686902327567,0.000453605685870886,-0.000784202646600582,-0.00112196461758728,1.89316526069976e-05,-0.000851844462346985,-0.0011674335381662,-6.20114236866576e-05
0.0400767569619932,0.0548389430238251,-0.0538745260898018,-0.0481451919915718,-0.0532074097110532,-0.0473847520006071,0.0297497204341889,0.0287642476874988,-0.0643814656053428,0.00475203072602427,0.0274569548580851,0.00858437578435226,0.024367500790747,0.0230658189647002,0.0202115783213837,-0.0627589403939024,-0.0644927875239074,-0.0551469036467432,-0.0668151947408679,-0.00594107139254023,-0.0594701854678048,-0.0547298146205985,-0.0596818472712865,-0.0633657339654083,-0.0635605055019035,-0.0559407089242736,-0.0647376412577235,-0.0421603682149723,-0.0551810708849952,-0.0552258680436281,-0.0563684395149426,-0.0544341696678879,-0.0504426762768255,7.04976884723405e-05,-0.000358561442009668,0.000778347987436621,0.000534428408078422,0.000617218085676512,9.70088607353339e-05,0.000423551337955019,-0.000191858197431156,0.000498440879486151,0.000136597840895089,-4.676230487118e-05,0.000389826653080388,-0.000292981629756797,0.00114690195902809,-0.000422356512044607,-0.000852285237493237,0.000366593380195101,-0.000655052155888424,-0.00015905335097874,-0.000211773547512251,0.000176487002440808,0.000475254997709797,-0.000434803213710119,-3.14489678054811e-05,0.000183022028089042,5.87555586813391e-05,4.90789742214228e-05,-0.00166705528278009,-0.000286168151797582,7.97925288929178e-05,5.46557685294905e-06,-0.000540944663091047,8.05900945347761e-06,-0.00075874205534226,-0.000575273360911791,0.000528492481142629,-0.000680543034599563,-0.00125611627001195,-0.00103559148270677,0.000346107765775085,0.000150424171002709,0.000496750594833456,0.000274032345935661,0.000833563719729397,-0.000409303712796381,-0.000650312291056519,-0.000449548408314177,0.000484705682011592,7.79797503350753e-05,0.00019180708755775,-0.000217963211690723,0.000600021335652121,-0.00119905543210878,-0.00108822731696269,-0.00201057519892749,-0.000649992226568273,0.000347493056617828,0.000371177913045745,-0.000127614754367556,-0.000261720278062311,0.000438579795387032,-0.000758225584469304,-0.00108479903965089,1.83045331779169e-05,-0.000823626734926022,-0.00112876178197341,-5.99572676430122e-05
-0.0897016455272573,-0.122743051112586,0.120584448657844,0.107760788877338,0.119091278015602,0.106058737022719,-0.0665871961509605,-0.0643814656053428,0.144101565197319,-0.0106362143055815,-0.0614554225101991,-0.0192139457394469,-0.0545404639499563,-0.0516269796612935,-0.0452384866333003,0.140469954448133,0.144350731048936,0.123432342780062,0.149548849977154,0.0132975799566609,0.133108911515278,0.12249879488815,0.133582662724379,0.141828107801486,0.142264054436142,0.125209074357675,0.14489877396712,0.0943652803170828,0.123508817468301,0.123609084534524,0.126166440690029,0.121837068721656,0.112903124150516,-0.000157791177261025,0.000802548754166805,-0.0017421343581295,-0.00119618230753077,-0.00138148598168441,-0.000217129705553181,-0.000948012136208215,0.000429425864817085,-0.00111563336151083,-0.000305739586548386,0.00010466554715418,-0.000872527991345608,0.000655764994242569,-0.00256704885280063,0.000945337821757468,0.00190762412073999,-0.000820526208597307,0.00146616794230864,0.000356000544728403,0.000474001319742737,-0.000395021347364185,-0.00106373765172793,0.000973196603390974,7.0390529976283e-05,-0.000409648343125477,-0.000131509400887594,-0.000109850823324515,0.00373128000831244,0.000640514753678321,-0.000178595317711555,-1.22333061512479e-05,0.00121076728998986,-1.80380465910012e-05,0.00169825145681022,0.00128760336448184,-0.00118289624213443,0.00152322280252334,0.00281149735994079,0.00231790861173987,-0.000774674361731178,-0.000336686316181045,-0.00111185008845558,-0.000613351833369027,-0.00186572075635906,0.000916122444564818,0.00145555895826829,0.00100619997791197,-0.00108489060913997,-0.000174537873149132,-0.000429311468341554,0.00048785531153645,-0.00134299542277088,0.00268378116124904,0.00243572056321421,0.00450016212567113,0.00145484257517128,-0.000777774983576548,-0.000830787521434234,0.000285633228037451,0.000585794395297624,-0.000981649522653091,0.00169709546788589,0.00242804723484376,-4.09700502519344e-05,0.00184347933873919,0.00252644667200283,0.000134199121301079
0.00662092687254839,0.00905973085279641,-0.00890040324051304,-0.00795388199058373,-0.00879019150947495,-0.00782825262451719,0.00491483688813244,0.00475203072602427,-0.0106362143055815,0.000785064718758244,0.00453605790584914,0.00141819170569546,0.00402566108219045,0.00381061523430025,0.00333907711573502,-0.0103681631560336,-0.0106546053715758,-0.00911060784281582,-0.011038281335336,-0.000981501553928173,-0.00982484060405975,-0.00904170216903425,-0.00985980843650919,-0.0104684091881036,-0.0105005866445083,-0.00924174935954472,-0.0106950567151714,-0.00696515227356765,-0.00911625248083176,-0.00912365324710852,-0.00931241308527126,-0.00899285980352071,-0.00833344053265637,1.16466519609288e-05,-5.92365567182221e-05,0.000128587877285088,8.82908617544911e-05,0.000101968225960847,1.60264607619571e-05,6.99732874601023e-05,-3.16961548634112e-05,8.23455005727185e-05,2.25668039051182e-05,-7.7254205283505e-06,6.44017619854631e-05,-4.84023681721407e-05,0.000189475261381773,-6.97758948670398e-05,-0.000140802765985948,6.0563482333012e-05,-0.000108218647181344,-2.62765923565797e-05,-3.49862932509355e-05,2.91567388604825e-05,7.85150502230962e-05,-7.18321665760988e-05,-5.19556301061699e-06,3.02363653124985e-05,9.70677986129953e-06,8.10814856121946e-06,-0.00027540779136021,-4.72767396848241e-05,1.31822167965518e-05,9.02946929912191e-07,-8.93673871819947e-05,1.33139795486081e-06,-0.000125348856653054,-9.50386993122777e-05,8.73102100964752e-05,-0.000112429897208973,-0.000207518137634102,-0.000171086085716415,5.71791327674327e-05,2.4850998722705e-05,8.20662551465004e-05,4.52718298756941e-05,0.000137709856043783,-6.76194921075422e-05,-0.00010743559234316,-7.42681634629614e-05,8.00763614269211e-05,1.28827346234064e-05,3.16877111978072e-05,-3.6008863862878e-05,9.91272170322816e-05,-0.000198091336074247,-0.000179781849443367,-0.000332159395444164,-0.000107382715720105,5.74079913393904e-05,6.1320875372017e-05,-2.10827427310822e-05,-4.32378004976032e-05,7.24560811092723e-05,-0.000125263532486608,-0.00017921547693469,3.02402152255126e-06,-0.000136068205004524,-0.000186478392502188,-9.90530957678698e-06
0.0382553271936305,0.0523465935709023,-0.051426007970697,-0.0459570636961573,-0.0507892110519877,-0.0452311845864014,0.0283976393151829,0.0274569548580851,-0.0614554225101991,0.00453605790584914,0.0262090765685685,0.00819422850743413,0.0232600336530502,0.0220175113550348,0.0192929917587265,-0.059906638687635,-0.0615616850109935,-0.0526405578356171,-0.0637785422294039,-0.00567105841966911,-0.0567673528447999,-0.052242424893394,-0.0569693949300481,-0.0604858543821326,-0.0606717738382327,-0.053398285828647,-0.0617954105020706,-0.0402442413740528,-0.0526731722230506,-0.052715933416589,-0.0538065766919093,-0.0519602165697561,-0.0481501306935182,6.72936720269465e-05,-0.000342265350864298,0.000742973214078418,0.000510139421510575,0.000589166429803028,9.25999504308933e-05,0.000404301551448771,-0.000183138524019534,0.000475787473260544,0.000130389669561856,-4.46370267652096e-05,0.000372109603991431,-0.000279666044802442,0.00109477694872477,-0.000403161028621897,-0.000813550124665158,0.000349932249250666,-0.000625280997066944,-0.000151824609678508,-0.000202148750676609,0.000168465927275478,0.000453655355772384,-0.000415042045969365,-3.00196583880672e-05,0.000174703945601887,5.60852047966556e-05,4.68484068945209e-05,-0.00159129006753472,-0.000273162229413798,7.61660755959025e-05,5.21717440884219e-06,-0.000516359522299207,7.69273930502219e-06,-0.000724258342814829,-0.000549128031200993,0.000504473273739646,-0.000649613352763104,-0.00119902762960888,-0.000988525370140483,0.000330377675931685,0.000143587613264131,0.000474174009563854,0.000261577978112066,0.000795679472399151,-0.000390701459937056,-0.000620756552133186,-0.000429117093125674,0.000462676520346946,7.44356851622247e-05,0.000183089737014842,-0.000208057103705041,0.000572751246821181,-0.00114456012301899,-0.00103876898300265,-0.00191919750780515,-0.000620451034106054,0.000331700007339332,0.000354308421813672,-0.000121814851129182,-0.000249825475648559,0.000418646987553355,-0.000723765344784832,-0.00103549651586172,1.7472619017351e-05,-0.000786194108966882,-0.00107746121608615,-5.72322978502158e-05
0.0119604707106393,0.0163660840237373,-0.0160782643155915,-0.0143684070849196,-0.0158791707133777,-0.0141414620691899,0.00887847936998164,0.00858437578435226,-0.0192139457394469,0.00141819170569546,0.00819422850743413,0.00256191326147565,0.00727221465987392,0.00688374192567117,0.00603192495735013,-0.0187297207986137,-0.0192471685510558,-0.0164579915105116,-0.019940265637803,-0.00177304791522135,-0.0177482277849608,-0.0163335158428406,-0.0178113959400963,-0.0189108117173795,-0.0189689391566762,-0.0166948940318623,-0.0193202424755371,-0.0125823017481968,-0.0164681883498608,-0.0164815575729308,-0.0168225455583217,-0.0162452838334244,-0.0150540661947121,2.10392657005865e-05,-0.000107008748966098,0.0002322894618257,0.000159494325546786,0.000184202001245054,2.89512357149506e-05,0.000126404274100006,-5.72579850497282e-05,0.000148754240412544,4.07661347626425e-05,-1.39556995169082e-05,0.000116339509976225,-8.74371697486589e-05,0.000342280372185287,-0.00012604769134758,-0.000254355227141143,0.000109405793255576,-0.000195493166572204,-4.74677366637815e-05,-6.32015039218507e-05,5.26706196687437e-05,0.000141834667051121,-0.000129762273614195,-9.38560120206365e-06,5.46209267490571e-05,1.75349552201006e-05,1.46470841999576e-05,-0.000497514454615598,-8.54037616152098e-05,2.38132093786094e-05,1.63114175951013e-06,-0.000161439030735768,2.40512341396525e-06,-0.000226438285374677,-0.000171684055931015,0.000157722812938534,-0.000203100641111677,-0.000374874191314513,-0.00030906097538901,0.000103292085215466,4.48924520802999e-05,0.000148249793406006,8.17819628080071e-05,0.000248767994494412,-0.000122152225872459,-0.000194078605644827,-0.000134162816012168,0.000144655120634586,2.32722054030005e-05,5.72427318658324e-05,-6.50487416408486e-05,0.000179069818888583,-0.00035784500701418,-0.000324769565646075,-0.00060003422435392,-0.000193983085891549,0.000103705510148179,0.000110773997048465,-3.80852306314626e-05,-7.81075605272472e-05,0.000130889353197403,-0.000226284150279496,-0.000323746433699182,5.46278814810352e-06,-0.000245802409833819,-0.000336866634328353,-1.78935921440522e-05
0.0339508412516685,0.0464565596157605,-0.0456395582236943,-0.0407859790623054,-0.0450744136364523,-0.0401417758040641,0.0252023395181533,0.024367500790747,-0.0545404639499563,0.00402566108219045,0.0232600336530502,0.00727221465987392,0.0206428167785913,0.0195401029767184,0.0171221460779803,-0.0531659491424662,-0.0546347698038107,-0.0467174470481037,-0.0566021864493125,-0.0050329514412618,-0.0503798954575966,-0.0463641119883862,-0.0505592037857596,-0.0536799915396159,-0.0538449913553985,-0.0473899155561651,-0.0548421965238558,-0.0357159629891177,-0.0467463916676247,-0.0467843413755493,-0.047752265568569,-0.0461136577196974,-0.0427322823602699,5.97217941612353e-05,-0.000303753684665261,0.000659373935497753,0.00045273858012662,0.000522873476622241,8.21806124171665e-05,0.000358809577593313,-0.000162531793927182,0.000422251909974273,0.000115718235783098,-3.96144725669589e-05,0.000330239865140607,-0.000248198046837007,0.000971592745868069,-0.000357797386291351,-0.000722009538514176,0.000310557904341405,-0.000554924436057089,-0.000134741318384275,-0.000179402991607072,0.000149510156436388,0.000402610096336121,-0.000368341552645765,-2.66418491522479e-05,0.000155046273507167,4.97745026458854e-05,4.15770284049297e-05,-0.00141223825363657,-0.000242426040165299,6.75958756862919e-05,4.63013841811711e-06,-0.000458258795739346,6.82715297697846e-06,-0.000642764859849294,-0.000487340194995126,0.000447709986788348,-0.000576518917299875,-0.00106411314960583,-0.000877296585257658,0.000293203609836577,0.000127431148058464,0.00042081999306622,0.000232145247768103,0.000706149690418353,-0.000346739767143507,-0.000550909081256425,-0.000380832876774164,0.000410616200291942,6.60601886270794e-05,0.000162488496431828,-0.000184646537289267,0.000508305328538892,-0.00101577432191138,-0.000921886791363066,-0.00170324957850418,-0.000550637940089962,0.000294377152634313,0.000314441670365011,-0.000108108255141812,-0.000221715135814576,0.00037154086653008,-0.000642327333912864,-0.000918982541927666,1.55066015121611e-05,-0.000697731619218142,-0.000956225377893545,-5.07925248932235e-05
0.0321372292027431,0.0439749075221876,-0.0432015493364165,-0.0386072423851699,-0.0426665940757132,-0.0379974516701243,0.0238560616373663,0.0230658189647002,-0.0516269796612935,0.00381061523430025,0.0220175113550348,0.00688374192567117,0.0195401029767184,0.018496294785542,0.0162075021609033,-0.0503258897388544,-0.0517162478127957,-0.0442218586697948,-0.0535785674886204,-0.00476409738524985,-0.0476886636042178,-0.0438873983329998,-0.0478583935027325,-0.0508124726254071,-0.050968658354618,-0.0448584047398906,-0.0519125940533924,-0.0338080603148989,-0.0442492571034548,-0.0442851795848068,-0.0452013984617227,-0.0436503230223177,-0.0404495765624318,5.65315296057456e-05,-0.00028752753762134,0.000624150993441573,0.000428553843794331,0.000494942220656117,7.77906255015841e-05,0.000339642412680688,-0.000153849546037807,0.000399695733945101,0.000109536710408191,-3.74983163213245e-05,0.000312598859016051,-0.00023493961341774,0.000919691460197622,-0.000338684291389171,-0.000683440679828708,0.00029396828427787,-0.000525281057384497,-0.00012754360340872,-0.00016981950515441,0.000141523508354835,0.000381103161756163,-0.000348665201387005,-2.52186744429674e-05,0.000146763892882512,4.71156101295355e-05,3.93560348479589e-05,-0.00133679822863799,-0.00022947594022056,6.39849874112835e-05,4.38280213678485e-06,-0.000433779176300223,6.46245488873016e-06,-0.000608429154120905,-0.000461307083090266,0.000423793871707586,-0.000545721988083958,-0.00100726953812535,-0.000830432484138331,0.000277541034772641,0.000120623933361954,0.000398340308271485,0.000219744335068118,0.000668428045249259,-0.000328217356612601,-0.000521480197882881,-0.000360489254393066,0.000388681589517111,6.25313348599443e-05,0.000153808561441232,-0.000174782947096087,0.000481152285068259,-0.000961512910962781,-0.000872640736451863,-0.00161226408759972,-0.000521223540742979,0.000278651888362115,0.000297644584312535,-0.000102333245543078,-0.000209871386825803,0.00035169361187114,-0.000608015000280152,-0.000869891628437851,1.4678257992427e-05,-0.000660459657025804,-0.000905144998059047,-4.80792508845223e-05
0.0281604622865357,0.0385333071815276,-0.037855646892677,-0.0338298546622034,-0.037386888763313,-0.0332955214648581,0.0209040337549381,0.0202115783213837,-0.0452384866333003,0.00333907711573502,0.0192929917587265,0.00603192495735013,0.0171221460779803,0.0162075021609033,0.0142019322973278,-0.0440983978763918,-0.0453167084488124,-0.0387496997782551,-0.0469485785352372,-0.00417457223522122,-0.0417875108164967,-0.0384566266685218,-0.0419362377766173,-0.0445247693889948,-0.0446616281800682,-0.0393074775346226,-0.0454887581569109,-0.0296245392367981,-0.0387737078392153,-0.0388051851540445,-0.0396080280801359,-0.0382488878400307,-0.0354442123216855,4.95361313640223e-05,-0.000251947930185441,0.000546916487449234,0.00037552317531127,0.000433696435086916,6.81645564981189e-05,0.000297613938428337,-0.000134811694924481,0.000350236063315922,9.59822759759813e-05,-3.28581507731572e-05,0.000273916843440386,-0.000205867409462258,0.000805885800445219,-0.000296774378230863,-0.000598869472162145,0.000257591677571816,-0.000460281043925378,-0.00011176093654563,-0.000148805478538602,0.000124010921867041,0.000333944197435599,-0.000305520217450733,-2.20980323501875e-05,0.000128602843900132,4.128536887202e-05,3.44859890717938e-05,-0.00117137839932556,-0.000201079829237326,5.60672736760428e-05,3.84045972052075e-06,-0.000380101907909482,5.66276937020415e-06,-0.000533140120467763,-0.000404223420566898,0.000371352217896488,-0.000478192546327542,-0.000882626677670584,-0.000727672024976427,0.000243197190192549,0.000105697529331588,0.000349048362493201,0.000192552445057628,0.000585714550584152,-0.000287602656544101,-0.000456950515335734,-0.000315881123073635,0.000340584845507873,5.47935008939692e-05,0.00013477578189729,-0.000153154727776245,0.000421612911687752,-0.000842532126723401,-0.000764657288701476,-0.00141275720281799,-0.000456725617798264,0.000244170583088834,0.000260813060094468,-8.96701916520129e-05,-0.000183901208048966,0.000308173882416329,-0.000532777215391542,-0.000762248364395594,1.28619218545605e-05,-0.000578732197045349,-0.000793139365590129,-4.2129765536318e-05
-0.0874410076246061,-0.119649712166559,0.117545510258176,0.105045029067985,0.116089970120136,0.1033858718884,-0.0649090826830822,-0.0627589403939024,0.140469954448133,-0.0103681631560336,-0.059906638687635,-0.0187297207986137,-0.0531659491424662,-0.0503258897388544,-0.0440983978763918,0.136929866623182,0.140712840885757,0.120321632481923,0.145779958151714,0.0129624577514119,0.129754334809541,0.11941161162495,0.130216146661973,0.138253792143476,0.138678752162669,0.122053587325245,0.141247072166642,0.0919871106845728,0.120396179874651,0.120493920035944,0.122986826356423,0.11876656211187,0.110057768524294,-0.000153814564413808,0.000782323125955295,-0.00169822953410593,-0.00116603642729647,-0.00134667012570072,-0.000211657658309456,-0.000924120577088105,0.000418603584125598,-0.00108751745518972,-0.000298034415772203,0.000102027792834205,-0.000850538764316761,0.000639238572764982,-0.00250235474490007,0.000921513660025393,0.00185954866609244,-0.00079984751718233,0.00142921795323595,0.000347028710153385,0.00046205565984967,-0.000385066120512338,-0.00103692960779698,0.000948670351777357,6.8616565863175e-05,-0.000399324490471667,-0.000128195134639144,-0.000107082391002174,0.00363724524492973,0.00062437266485864,-0.000174094404243562,-1.19250055019377e-05,0.00118025384276208,-1.75834563594205e-05,0.00165545255842957,0.00125515351417843,-0.00115308519391838,0.0014848349314723,0.00274064272335384,0.00225949327240266,-0.000755151216820648,-0.000328201233848508,-0.00108382952721331,-0.00059789429751197,-0.00181870133957137,0.000893034561288213,0.00141887633409497,0.000980841983704124,-0.00105754947379249,-0.0001701392143601,-0.000418492070640753,0.000475560506889484,-0.0013091495959975,0.00261614519560004,0.00237433615724146,0.00438675019203747,0.00141817800510135,-0.00075817369758818,-0.00080985022704053,0.000278434772560267,0.000571031354938815,-0.000956910242732583,0.00165432570244213,0.00236685621012786,-3.99375335357845e-05,0.00179702044446348,0.00246277580986663,0.000130817069407465
-0.0898567485399737,-0.12295528598192,0.120792951090143,0.107947117934172,0.11929719860825,0.106242123063638,-0.0667023319956894,-0.0644927875239074,0.144350731048936,-0.0106546053715758,-0.0615616850109935,-0.0192471685510558,-0.0546347698038107,-0.0517162478127957,-0.0453167084488124,0.140712840885757,0.144600327732943,0.12364576950283,0.149807434722656,0.0133205727869596,0.133339069981983,0.122710607414326,0.133813640353758,0.14207334262052,0.142510043050003,0.125425573224983,0.14514931827151,0.094528447215382,0.123722376423366,0.123822816861259,0.126384594938368,0.122047737057874,0.113098344813392,-0.000158064013805209,0.000803936440300002,-0.00174514668065619,-0.00119825062499101,-0.00138387470751575,-0.000217505144278787,-0.000949651342908977,0.000430168384588935,-0.00111756240188061,-0.000306268240517905,0.00010484652423209,-0.000874036678497796,0.000656898876744313,-0.00257148753403685,0.000946972404304171,0.00191092259142599,-0.000821944979526404,0.00146870309162127,0.000356616104863243,0.000474820914882732,-0.000395704378324246,-0.00106557695928526,0.000974879356525147,7.05122421611806e-05,-0.000410356665607184,-0.000131736793642301,-0.000110040766257523,0.00373773176030847,0.000641622267006543,-0.000178904126671204,-1.22544587469265e-05,0.00121286082632659,-1.8069236156737e-05,0.00170118790146241,0.00128982975798712,-0.00118494158667419,0.00152585660532953,0.00281635871681121,0.00232191650487014,-0.000776013850284286,-0.000337268480105387,-0.00111377258717224,-0.0006144123793228,-0.00186894677198562,0.000917706510836222,0.00145807576359875,0.00100793979714329,-0.00108676649225177,-0.000174839666386027,-0.00043005379031059,0.000488698861597815,-0.00134531759462082,0.00268842168418633,0.00243993216485507,0.00450794335085716,0.00145735814180455,-0.000779119833411344,-0.000832224035187625,0.000286127116125458,0.000586807291716737,-0.000983346891720294,0.00170002991371896,0.00243224556854131,-4.104089151898e-05,0.00184666689675597,0.00253081514805466,0.000134431164848277
-0.0768352810290086,-0.105137389299372,0.103288406203632,0.0923041093463769,0.102009408641808,0.0908461914697664,-0.0570362550109308,-0.0551469036467432,0.123432342780062,-0.00911060784281582,-0.0526405578356171,-0.0164579915105116,-0.0467174470481037,-0.0442218586697948,-0.0387496997782551,0.120321632481923,0.12364576950283,0.10572781234758,0.128098295722659,0.0113902402455403,0.114016421478401,0.104928167990918,0.114422220135439,0.121484978973194,0.121858395558704,0.107249698253647,0.124115203830229,0.0808299868962942,0.105793317881263,0.105879203130813,0.108069744650364,0.104361356583302,0.0967088532453059,-0.000135158383968162,0.000687435093341176,-0.00149225114222121,-0.00102460777860677,-0.00118333240172393,-0.000185985684519635,-0.000812033920630086,0.00036783112294545,-0.000955612378715783,-0.000261885798371445,8.96528339293699e-05,-0.000747376851635846,0.000561705276703128,-0.00219884394384043,0.00080974319674007,0.00163400386417922,-0.000702833949797316,0.00125586799685605,0.000304937570987761,0.000406012893035361,-0.000338361420894581,-0.000911160335256253,0.000833606051243512,6.0294057268605e-05,-0.000350890392055846,-0.000112646336817583,-9.40943594935766e-05,0.00319608348711386,0.000548642455919557,-0.000152978480452319,-1.04786206598564e-05,0.00103710076264803,-1.54507575740378e-05,0.00145466258924187,0.00110291584711004,-0.00101322740132944,0.00130473918748917,0.00240822995490896,0.00198543915817547,-0.000663558867172577,-0.000288393680743922,-0.000952371759809616,-0.000525375651801689,-0.00159811091305948,0.000784718330097198,0.00124678071350265,0.00086187558343906,-0.000929279216106156,-0.000149503015856537,-0.00036773313493983,0.000417879736130453,-0.00115036273997802,0.00229883274195086,0.00208635274060642,0.00385468092106487,0.00124616708488681,-0.00066621475101343,-0.000711623430201133,0.000244663397404583,0.00050177091761638,-0.000840846525185797,0.00145367240970453,0.00207978003685828,-3.50935069961836e-05,0.00157905969540052,0.00216406554090643,0.000114950256914531
-0.0930925206210686,-0.127382947655282,0.125142746348499,0.111834330370872,0.12359313131093,0.110067938055069,-0.0691043056606897,-0.0668151947408679,0.149548849977154,-0.011038281335336,-0.0637785422294039,-0.019940265637803,-0.0566021864493125,-0.0535785674886204,-0.0469485785352372,0.145779958151714,0.149807434722656,0.128098295722659,0.155202051406347,0.013800251144218,0.138140655249392,0.127129458129237,0.138632315061687,0.147189452016742,0.147641878177241,0.129942190782274,0.150376194597264,0.0979324487549292,0.128177661284462,0.128281718616689,0.130935747193784,0.126442717585764,0.117171054682283,-0.000163755952710267,0.000832886464986687,-0.0018079900062654,-0.00124140003760052,-0.0014337085064799,-0.000225337578512024,-0.000983848610805801,0.000445658894446448,-0.00115780620412856,-0.000317297064040859,0.000108622083234864,-0.00090551103660767,0.000680554028750244,-0.00266408767486899,0.000981073202710554,0.00197973556397327,-0.000851543497836516,0.00152159158955275,0.000369457972107882,0.000491919377545378,-0.0004099538275927,-0.00110394874806169,0.00100998509377399,7.30514119872404e-05,-0.0004251337487249,-0.000136480680393679,-0.000114003371682534,0.00387232875244476,0.00066472730309924,-0.000185346525129655,-1.2695745974948e-05,0.00125653635725608,-1.87199154972728e-05,0.00176244825647959,0.00133627696632789,-0.00122761173628663,0.0015808032207313,0.00291777675223179,0.00240552950804652,-0.000803958373006202,-0.0003494136328011,-0.00115387991690338,-0.000636537578104139,-0.00193624818099613,0.000950753434463575,0.00151058156783309,0.00104423605210482,-0.00112590132331828,-0.00018113570224702,-0.000445540173589159,0.00050629707384247,-0.00139376293883381,0.00278523266354232,0.00252779495209237,0.00467027592436855,0.00150983810423397,-0.000807176203642214,-0.000862192705788679,0.000296430650907723,0.000607938421903082,-0.00101875754779188,0.00176124856920359,0.00251983155883063,-4.25187879832759e-05,0.00191316599988061,0.00262195066243223,0.000139272076823315
