0.0618223772132969,0.0776342580749718,-0.0758074625929512,-0.0657058639069367,-0.0730512474912856,-0.0649558477298946,0.041347019614362,0.0407202000490641,-0.088949205299376,0.00702652531447753,0.0370675043897754,0.0122706056942445,0.0337916515575548,0.0309410245661195,0.0299674196652253,-0.087869516654336,-0.0885970731712785,-0.0776484312360396,-0.0900865519279339,-0.00808692769611636,-0.0835799609629328,-0.0772233555472883,-0.0825536169888368,-0.0861868572995948,-0.0884852130842304,-0.0785066735780693,-0.0887658450259371,-0.0573805952985389,-0.0784794842581167,-0.07726156640367,-0.0782280172483447,-0.0765251071237399,-0.0688000529071354,0.00111466685817117,-0.00126020855798241,0.00199468463148694,-0.000339613758801259,0.00138055886288292,0.000428218694346752,0.0017198073217273,-0.000626890609165811,0.00199328199650347,-0.000117359250790456,-0.000417557881870726,0.000302868934394115,-0.000848056964048924,0.00202172256783162,-0.000511653409213507,-0.0020998942634773,0.00117411016187995,0.00124569719545316,0.00116574213829085,-0.000846076257432901,-9.65715571716528e-05,0.00108573109366087,-0.00111757924778864,0.00225223382810669,-0.0018673048845277,-0.00127159363183882,-0.002064029384606,-0.00378391363347189,-0.00133541524084575,-0.000331650585064442,-4.83718935984463e-05,-0.00150311919310131,-0.000632270156440813,-0.000457520729003212,0.00065802274396293,0.00148865084677523,-0.00207596964614515,-0.00241373478174555,-0.000864760067627567,0.00102815313706638,0.000429734847981587,-7.78369493650343e-06,0.000941330695771901,1.28122104175865e-05,-0.000362688779823326,-0.0016263627997542,-0.00100673575331408,0.000837424812963637,0.0011159467953391,0.00241683506601289,-5.35425304729494e-05,0.00251649419889622,-0.000399177010137579,-0.00172414770175591,-0.00147971664878956,0.00212633820900132,0.00291913096503027,-0.00144327633074878,0.00131765603283356,-0.000399001218415499,-0.000445449484191319,-0.000377225542951689,-0.00120605416423895,0.00120856903424958,-0.00278465781777003,-0.000387229085425628,0.000505065104994213
0.0776342580749718,0.107286309900034,-0.103231845730366,-0.0920875072720928,-0.1015613870518,-0.0890674990666429,0.0577103943624983,0.0561960649621161,-0.123045057514589,0.0100495989464559,0.0519996260689711,0.0166255964877123,0.0472021204547482,0.0437915883964819,0.0398051798690901,-0.118969760418466,-0.123085434829564,-0.103982707136749,-0.125997955617468,-0.0120131340929507,-0.11404295487378,-0.105393373693801,-0.113025206503122,-0.121979681745535,-0.120104247922094,-0.106214769250573,-0.123610991622103,-0.0805918135567102,-0.105492059796237,-0.104765032784912,-0.106654582738324,-0.103272537278199,-0.0957293311028385,0.000122448929243568,-0.000448478552820753,0.000631772552920723,0.00125924579678678,0.00108154839831671,-0.000371158021528507,-0.000115587057502218,-0.000165729304511013,0.00149440667110168,-0.000768266225123873,0.000407859114958387,2.4368480958225e-05,-2.82656421992448e-05,0.00217090032163999,-0.00134263595075587,-0.00261876193105523,0.000691501001785489,-0.00113269133066165,-0.000444938599455957,-0.000147755693883058,-2.6918146071126e-05,0.00105377561468128,-0.00142932937107019,0.00125666938566559,0.00116745991758931,0.000466812852367623,-0.000376565831257829,-0.00464012396385967,-0.000656310956932687,-0.000178850249516031,0.000506499174784339,-0.000866210639921822,-0.000548755785368073,-0.00160278548037402,-0.000615894533989786,0.00191373984848101,-0.00192127481767851,-0.00270799457517296,-0.00300190716706304,0.000936457948160404,-0.000240329876703814,0.000743111533885183,0.000213491239010715,0.000864383310904332,-0.00117884691154734,-0.0012965217143315,-0.00263529837708124,0.000651420150332916,0.000262162350104681,0.000968676384257993,9.82324304949725e-05,0.00280401545785766,-0.00173002991107626,-0.0037294766974543,-0.00317035521496798,-0.00109216151416431,0.00186911568626774,0.000370171902178033,0.00177512675796771,0.000165888561150593,0.000314052739542725,-0.00152256341947133,-0.00166708069944249,6.72139645330465e-05,-0.00201247715120852,-0.00152084035729659,-0.000154848008832592
-0.0758074625929512,-0.103231845730366,0.103821398505244,0.0897132772103941,0.101282915033578,0.0886174403819433,-0.0571380807001623,-0.054492134776417,0.118551848666374,-0.00989967265420687,-0.0490086726475283,-0.0154309515513092,-0.0460288789069128,-0.041486709580147,-0.0392036397698433,0.118919661307878,0.119950723080598,0.10297285542598,0.124134676466934,0.00979569858700284,0.111987617493534,0.10448062615405,0.111769421621091,0.118390773324309,0.119163329954483,0.105863125421626,0.119734705766443,0.0788380482725047,0.102898926199855,0.102002238158318,0.104195816566367,0.102152527876982,0.0951668524573845,0.000756074962520404,0.000826338499143358,-0.00176845348974279,-0.00210697948304986,-0.000497093161796806,0.00137934374598452,-0.000891670592604514,0.000627210241325136,-0.00151048496458225,-0.00023504442558267,0.000531717057806369,-0.000976917754105905,-0.000104181834663417,-0.00212443242497899,0.000742048043182679,0.000314027090639186,0.000116909505656307,0.000939162129881784,0.000309892989245831,-5.65163268612236e-05,0.000527332037374935,-0.000519004077169877,0.0010345797407109,-0.000639206089178187,-0.000699340165211694,-0.000227204554614963,-9.64892342424427e-05,0.00208306267817111,0.000512755416813367,-0.00112017669993839,-0.000557466443510985,0.000292315671920984,-0.000307142253459202,0.00146962385901829,-0.000399388546225058,-0.000544638639157154,0.00168810792421885,0.00189804023068844,0.000656702914640129,-0.000422778188595516,0.000392188013378043,8.79678787792103e-05,-0.000164063580227688,-0.000155232968813244,0.00166837252986056,0.00176692488831218,0.0019864277612935,-0.00160896047672355,-0.000519535652850939,-0.00139719984526878,8.61947615178165e-05,-0.000591733102100748,0.00205853247399272,0.00201509371942126,0.00285534887621815,0.0012899861819225,-0.00014542743243503,-0.000228390516005024,-0.000351396142597914,0.00157164632187805,-0.000694594148101537,0.00141074240440508,0.00190729948741697,-6.80682074339865e-05,0.00261613023402596,0.00108096558279639,0.0008666009275241
-0.0657058639069367,-0.0920875072720928,0.0897132772103941,0.0841095967962371,0.0886981387479234,0.0800798776094647,-0.0506315464516834,-0.0483396322575666,0.107809499134275,-0.00819272824865405,-0.0460079093664896,-0.0145360365202602,-0.0414579001074743,-0.039415939100998,-0.0336754869596181,0.105706242777589,0.109511672796805,0.0913788578418027,0.113104814377165,0.00902567566309515,0.0997554624781064,0.0919773173332367,0.0993841977981528,0.105645181870305,0.105624365727539,0.0942994341595334,0.108562791134637,0.0709499926724493,0.0922274865950849,0.0925155037119778,0.094512693545185,0.0903129229766592,0.0839185721335413,0.00116377303429924,0.00120009944863233,-0.000127660795443171,-0.000719398000184459,-0.00052530661559929,0.000116450625241895,0.000298512478674604,-0.000399163391412617,-0.000649351312149977,0.000955670157647776,0.000590367813950037,-0.000635250082508195,0.00256657847192376,-0.00204732250445138,0.000169664312313963,0.00212121917165749,-0.0001683266265414,0.00187104384762086,0.000582832487699236,0.000206630044065299,-0.00157294824515249,-0.00219048523860597,-0.000315130293157906,0.000323770080270023,-0.00114900544581666,-0.00207801167439748,-0.000121271568347973,0.00293426146017949,0.00139409732571701,-0.000670065946191718,-0.00103382785971954,0.000947920097978521,0.000173707238472109,0.0027471188151819,0.000999190604168203,-0.000943218938585923,0.002040121034023,0.0029785775276229,0.00139803930619812,-0.00127971853280866,-0.000572791068774095,-0.000718224898231421,-0.000735428014479728,-0.000723415361635969,0.00159524098599241,0.00106697372813604,0.00270785269930475,-0.000965040380071326,0.000918208237855438,-0.000653431137875485,0.000544791710313985,-0.001484359570307,0.00105305158739973,0.00183480931899746,0.00445588672634016,0.00257285381937119,0.000251131707623418,-0.000633710858332178,0.00201364456587587,-0.000294980524284932,-0.00158302181642964,0.000974368646020202,0.0035404567980519,-6.88848716130821e-06,0.00146768158869906,0.000814480547296303,0.000682277195795211
-0.0730512474912856,-0.1015613870518,0.101282915033578,0.0886981387479234,0.101891045511612,0.0883704276839312,-0.056617624683084,-0.0539216022904558,0.118311202695864,-0.00988603815660994,-0.0492800074722546,-0.016444166837397,-0.0462403627718901,-0.0424080804279499,-0.0388179695778035,0.115707094141391,0.117811314355939,0.102333721779717,0.123026175087979,0.0103378063124681,0.109872386455722,0.102070401795123,0.110360097445288,0.117709225709543,0.117028560034435,0.103424344141812,0.117108673830147,0.077573925443948,0.101488374792639,0.0988049293400805,0.104314217094476,0.0997782329565679,0.0932428010194343,-0.000453210564419159,0.000756504851347914,-0.00161037294050778,-0.00149996069448721,-0.00234300239166886,-0.000564029462845198,-0.00141263037879007,6.40722664368186e-05,0.000532632216336033,-0.00089648653322806,5.6947534188603e-05,-0.000761956027404533,0.000913959787671837,-0.00240067425700734,0.000691515571160526,0.00130557175707485,-0.000175126002998875,0.00242352802993534,0.00117733657776755,-0.00019571063569811,0.000192783508290519,0.000756730757693006,0.00123654350379582,-3.67372051334598e-05,-0.000664502319218167,0.000546841704266245,-0.00019926837871939,0.00251826957385559,0.00191396322556609,-0.000265879207328936,-0.000168385464030171,0.00111727932918465,-4.21871433421807e-05,0.000893314492824308,-0.000203330590200617,0.000873892700922801,0.00110844971544854,0.00194248676607641,0.00048691194824523,-0.00131638016144247,-0.000196665669682992,-0.000697245960650821,0.000156932368126408,-0.00100113696992029,0.00106642663044713,0.00162425461234728,0.00212977311314205,-0.00197157799220771,-0.000212331096392357,-0.00105460674760132,-3.33851760364959e-05,-0.00165662988233965,0.00154683953165931,0.00156126365688589,0.00149296658110408,0.00137757076609979,0.00027576418666748,-0.00246180936194113,-0.00152164337221736,0.000996220584689425,-0.00249297883391325,0.00146011228804648,0.00133015933144524,-0.0013966604155404,0.00107496439634141,4.42102698395302e-05,-0.000889576148955177
-0.0649558477298946,-0.0890674990666429,0.0886174403819433,0.0800798776094647,0.0883704276839312,0.0817926560749635,-0.0491993412156763,-0.0479245249524371,0.10556481748534,-0.00724328090340795,-0.0442301494912924,-0.0153940365201812,-0.0414254324180618,-0.0379596769753697,-0.034380304944089,0.103688541925107,0.106416005512994,0.0901291567993368,0.110621516329351,0.00850987000463866,0.0969495279897726,0.0901761819202428,0.0987972857845042,0.103004415138035,0.105241764715118,0.0931513987577566,0.105971779140618,0.0690355989424056,0.0899551002651119,0.0903981198782513,0.0934858853393576,0.089703480376723,0.0828912304144082,-2.17600333750669e-05,-0.000770429730748668,-0.000882096287907457,-0.00141511453795402,-0.000653137981091235,-0.000783720600682523,-0.00164727658558219,-0.000360540963514425,-0.000707271484188712,-0.00123703638377098,-6.16994540653529e-05,-0.000823370949840038,-0.000151058806914311,-0.00171400261540401,0.000623292386184838,-0.00013167961037741,0.000877393044076339,0.000943361156547264,-0.000952164199911789,0.000713340258403221,0.000325897586495804,-0.00206731687123114,0.00118449249297097,0.000765078014148685,8.1801690213779e-05,-5.49585661472006e-05,-0.000932303543406786,0.00139647982713428,0.00106221085070782,-0.000308415835440969,0.000690736473964685,0.000659729848269862,-0.000297319148516638,0.00172497595008155,0.00104225928913209,-0.0017519494410927,0.00259907401558267,0.00247284860177079,0.000156858363089744,-0.00150211504347194,-0.00105249396859774,-0.000657578922099715,-0.000878634889538208,-0.000841272017001467,-0.000202779856883338,0.00134830340994788,0.00157045358726876,-0.00123690090404229,0.000733724645767955,-0.000825237737795353,0.00186404841129398,-0.00205034726439589,0.00107423433723579,0.000925480575486151,0.00236392974483965,0.00106015255037601,0.000619276104512299,-0.00151544845049614,0.000838036989053906,0.0015081218845253,-0.00199184968688409,0.00119073144586083,0.00273408234610967,-0.00170266960304799,-0.000848399740961481,0.000113016511184597,-0.00194849018950892
0.041347019614362,0.0577103943624983,-0.0571380807001623,-0.0506315464516834,-0.056617624683084,-0.0491993412156763,0.0334301886309164,0.0309984350428597,-0.0649010274524421,0.00565230021303969,0.0266502351760561,0.00919530224119157,0.0255488317535169,0.0232854997226389,0.0217475914433297,-0.0646104587768212,-0.0666916124517631,-0.0562642624325011,-0.0683630778890017,-0.0055315132464027,-0.0617217233327454,-0.0579428145109415,-0.0609987536239695,-0.0658592549552611,-0.0649337155293333,-0.0585457974097709,-0.0659176275265678,-0.0427013129376176,-0.0576214091833327,-0.0551535304560584,-0.0574391489899226,-0.0552751224532282,-0.0513611362263476,-0.000945198454454752,-0.00112633428570835,0.000444475228330773,0.00112664952125349,0.0011386835510202,-0.000461951928063325,-0.000382118632100896,-0.000108822463982132,0.000430598591283257,-0.000535243017149437,-0.000671975354833814,0.000377256324307585,-0.00110462097688458,0.00129554580932349,7.7631577100699e-05,-0.00123864676615791,-0.000663050507565185,-0.000758693136670427,-0.000284151090591661,-0.000118871343709764,-0.000942620786025996,-0.000141377448029999,-0.00105545360022691,-0.000622581507270059,0.000857798888718401,0.000662140962705472,-0.000351436744559556,-0.00164051450207175,-0.00147633277907185,-0.000512496853390439,-0.000154444261002616,-0.000482336075219911,-0.000745677002380246,-0.000655797899684755,0.000838620910833991,0.000726548615789011,3.87439759564226e-05,-0.000480850634001729,-0.00148676546217841,0.000961843789987621,-0.0014754828851328,-0.000159501381251121,-0.000409497100516426,-0.000697336643742774,0.000244035196622546,0.000414179565243156,-0.00126974712930349,0.0012169163082487,0.000247642564473001,0.000641955656811806,0.00140999046036551,0.00152386170998699,-0.000246914910329433,0.000192391919000962,-0.00123742403384855,0.000124289367370294,0.00221653758064669,0.000875621389222559,0.00142089117852439,0.000384951185937999,0.00189075911152423,0.00095071167580026,-0.000211577619600305,0.000715643048432177,7.15715195460956e-05,0.0011943886158848,0.000356933217499238
0.0407202000490641,0.0561960649621161,-0.054492134776417,-0.0483396322575666,-0.0539216022904558,-0.0479245249524371,0.0309984350428597,0.0315373556901754,-0.0634914765002172,0.00584581221888595,0.0256697175929458,0.0085572756724964,0.024976361005319,0.0230146927731961,0.0215311040733,-0.0618982590794428,-0.0657340988553444,-0.0546224260192939,-0.0663351800578135,-0.00555533107792212,-0.0590637237063494,-0.0548605118523006,-0.0591202524597976,-0.0638585129882335,-0.0619234422819453,-0.0553923164005125,-0.0650098841770342,-0.041780729970617,-0.0541693269062702,-0.0529644228536814,-0.0553061814689445,-0.0543372032000167,-0.0503061473217187,0.00039282017421098,-0.00022996262364966,-0.000386259649790892,-0.00030708153146867,0.00186659279435782,0.000506850403374994,-3.15847832261517e-05,0.000462271551137228,9.42153330014129e-05,0.000343251694565771,0.000221580239493801,0.00102494084775888,0.000563202913624185,0.00167158240895589,-0.000344240016622752,-0.000259478177264109,-0.000505037222017948,-0.000143134683656829,-0.000492627736503381,-0.000190097464942273,-0.000341349231173817,0.00161985998506744,-0.00168213064345975,0.00171893122437839,-8.97180540525728e-05,0.000295201710217588,-0.000212672643354138,-0.00169146334227658,-0.000855436114732623,-0.00116181149330066,-0.000791817536427741,-0.000819391714902751,-0.000212500540083884,0.000192005350230293,0.000292305650559107,0.00156148198465827,-0.00146815942644381,-0.00143046345749828,-0.0020855566582858,0.000367214055224668,-0.000477176004197995,-0.000506060867045195,0.000289087410489065,-0.000850204986260334,0.000622859730874797,-1.11763255611663e-05,-0.00124852762434663,0.00110134813321247,0.00100170447281392,-0.000186231791849951,0.000517822042660692,0.00117927672488473,-0.00083541864299381,-0.000774560273929658,-0.00133415982235485,-0.000715366484647136,0.00109678204982906,0.000293257914423319,0.00176140574045974,0.000846024133663398,0.000822795384506972,-3.52128451913601e-05,-0.00127868093596021,0.000539582742715342,-0.000425212338250391,5.43449914893633e-05,0.000955470506236204
-0.088949205299376,-0.123045057514589,0.118551848666374,0.107809499134275,0.118311202695864,0.10556481748534,-0.0649010274524421,-0.0634914765002172,0.148519876595752,-0.0101176234326766,-0.0637371051137774,-0.0208319412266904,-0.0556040039130052,-0.0541431576167608,-0.0452292150403168,0.138432474547606,0.145400193133063,0.123759295684643,0.149509841885794,0.0138548849060794,0.134073991349312,0.121305007275431,0.133710547371494,0.14227637817697,0.142042030297929,0.124229931363936,0.14373568122802,0.0940809030289902,0.123063233409286,0.124337978055534,0.127015763642399,0.121845602213564,0.111923045416402,-0.00165250632064694,0.00100735951308097,-0.00200672005791416,-0.00132940970497102,-0.000859655412471199,-0.000887621572129702,-0.00169030935552279,0.000601440777249167,-0.0009070169256373,-0.000226620161835055,-0.0001747982817283,0.000219854929222241,0.000433225704905697,-0.00304601569811903,0.00185135221286154,0.00253834894457044,-0.00122380714395367,0.00209753417250347,0.000327494915157181,0.000930654033032081,-0.00122068529297271,0.000277101253156417,0.00039997912939921,0.00072118120202721,0.000222241131561842,0.00115884348762576,0.000642437435801811,0.00344603015919256,0.00110837180899158,0.000404223937006552,-0.000497949914580883,0.00234293949179889,0.000639826152275132,0.00183675435378875,0.000977146161580705,-0.000677484749255204,0.0015919079447765,0.00230072726478787,0.00275946441443802,-1.32570525074799e-05,-0.00140638291067311,-0.00160518617383247,-0.00025696014713589,-0.00282088638939983,0.00104924212814133,0.0011573040775546,0.00110510073443242,0.00048895320304611,-0.000296218491870331,0.000697987786503619,0.0020185030723976,-0.00222193051676861,0.00231047793010734,0.0028757786525119,0.00390459829472368,0.00142480795742115,-0.000460614007849009,-0.00144088993187983,0.000376975306057261,-3.42162879338776e-05,-0.000914481042657977,0.00258507175016916,0.00239197291262944,0.000991738659714529,0.00175167471851531,0.0033727396840248,-0.000627558872811526
0.00702652531447753,0.0100495989464559,-0.00989967265420687,-0.00819272824865405,-0.00988603815660994,-0.00724328090340795,0.00565230021303969,0.00584581221888595,-0.0101176234326766,0.00256924847915215,0.00406920436398761,0.00108472645718616,0.00482749409811089,0.0038609642163294,0.00472799408480319,-0.0110574310160767,-0.00979428373559232,-0.00840683808621033,-0.0105640077367396,-0.000483126384545958,-0.0096425501978567,-0.00955306934432288,-0.00939215082301412,-0.0107942542691688,-0.00883694193521242,-0.00902018964574891,-0.0102983893911174,-0.00749621989649109,-0.00818297629187217,-0.00748048713904885,-0.00935361430279192,-0.00863036047714269,-0.00858660881660619,0.000587722519137459,-0.000367854857947068,-0.000148797613095163,-0.000253821119534961,0.000983905188220668,0.000242698321263369,-4.47653995044554e-05,0.000112138123878215,-0.000596307378017762,4.08582035871345e-05,0.00019814126715638,0.000701965351380414,-0.000732859898324906,0.000641482155177308,3.78308147831188e-05,-0.000914994875147549,0.000143109986149314,-0.000545009840422326,-0.000958809777106552,0.000564185158681094,0.000429261177780925,0.000371191659729637,-0.000601134157547063,0.00095737480299813,-0.000187525121282219,1.9659079053523e-05,-0.000556091400607191,-0.000130663775927328,-0.000982707747944275,-0.000423450484245978,0.000525033474515874,-0.00105987988233407,9.00927331316371e-05,0.000677126947765404,0.00118339209688387,0.00014776049083283,0.0001613125725982,0.00021333950611222,-0.00090226622115138,-0.000576809214337034,-0.000502578071866031,-0.00115311639092807,-0.00073471348113115,-0.00108162683088143,-0.000652408294703632,-2.32326797086898e-05,-0.00122518660363319,-3.94411827906502e-05,-2.56424432475577e-05,-0.000435771237233025,0.000297941029780133,-0.000371936251003541,-0.000671259702580251,-0.000276629464355612,-0.00059590848489213,-0.00106446786551466,-0.000753986182385508,-0.000618674577143507,0.000579614952406127,0.000125360758814412,-0.000441982175763708,-0.000923437378617852,-0.000386683262698964,0.00021373060462932,-0.00107443272077013,0.000126960122635501,-0.000392358058303869
0.0370675043897754,0.0519996260689711,-0.0490086726475283,-0.0460079093664896,-0.0492800074722546,-0.0442301494912924,0.0266502351760561,0.0256697175929458,-0.0637371051137774,0.00406920436398761,0.0300570975329207,0.00899590257617347,0.0236083290068856,0.0241579912313281,0.0186762220578488,-0.0592900922507851,-0.0601072156169982,-0.0520696650986019,-0.0638180975073524,-0.00685430095028891,-0.0563299892643504,-0.0522856204860404,-0.0566748827780068,-0.0607295287022684,-0.0597046787095842,-0.0526687023959519,-0.0613497766730076,-0.0404031195629393,-0.051692433005877,-0.0534115414862507,-0.0547341703083363,-0.0513315236051753,-0.0471740219050752,-0.000282227500277453,0.00163591129655694,-0.000248705405684133,0.00138575213836081,-0.00201966981258576,-0.000993110700856263,-5.30336074693234e-05,0.00166785719320587,0.00153048670412751,-0.00119564134778552,0.00237215834761154,-0.00275547994719159,-0.000574856919997581,-0.000144327453959155,-0.00161354140887662,-0.000954927611608509,0.000720868417207347,-0.000169062256827646,0.000877039045476757,-0.000897305642996404,0.000774973035780442,0.000793095129864274,-0.00017680592451795,-0.000657755696491153,-0.000708229488778526,-0.00052584119357821,0.000944324848573549,-0.00102782023354237,0.00015046150439265,0.000197675369718072,0.00140770190465042,-0.00161345942530964,-4.03695760841896e-05,-0.000825742761458958,-0.00174961189329541,0.000442288836795642,0.000125735015557055,-0.00138761898831338,-0.00129530657464371,0.000160844221330251,0.00140942746949145,0.00149228468660764,0.000360645736571009,0.00239537832112904,-0.000784812531718297,-0.000176012585326927,7.07363193265389e-05,-0.000175904107394757,-9.43804710068496e-05,-7.82034032402136e-05,-0.000344147631123445,0.000961129887266292,-0.00209309126927222,-0.000974405123678771,-0.00335267319027246,-0.00056186884743063,0.00016687813127053,-3.70769428490987e-05,-0.00105923316872186,0.000165575681465483,-6.28290345681124e-05,-0.00140716890548878,-0.000998307227780065,0.000517052798334856,-0.000971719055527461,-0.00088585937409094,1.02206955094103e-05
0.0122706056942445,0.0166255964877123,-0.0154309515513092,-0.0145360365202602,-0.016444166837397,-0.0153940365201812,0.00919530224119157,0.0085572756724964,-0.0208319412266904,0.00108472645718616,0.00899590257617347,0.00547272766685023,0.00878399251769192,0.00816146386977216,0.00735710701858616,-0.0179369137179579,-0.0189573372600152,-0.0156685284179005,-0.0194141788653698,-0.000863849202951281,-0.0178990770690402,-0.0163625047689721,-0.0172999484275302,-0.0180993750856294,-0.0178846551593205,-0.0166453441356905,-0.0189722306166412,-0.0121815553055169,-0.0170318484905033,-0.0171579659153791,-0.0173880211933245,-0.0151991587319018,-0.0135173831141138,0.00028585133257028,2.10626791997969e-05,0.000592590802541086,0.00135765832073783,-0.000439394765387613,0.000396920218618207,0.000260922393227871,3.82892777603487e-05,0.00110242234590735,0.000129983673661485,-5.17637448214707e-05,-0.00100754760330729,0.00141235958062661,0.000347232033375483,-0.000790073565510923,-0.000189028588153964,-0.000997923367746405,-1.93469952715228e-05,0.00205180698109201,-0.000896331744055365,-0.000427297547246627,-0.000352359194848073,-0.000690843545205327,-0.0013382345962454,0.000583743213060742,0.000341676144412695,-8.87511889707548e-05,-0.000601408844230228,-0.0018588969938818,5.75877496720373e-05,0.000599734895649578,-0.000576296093632116,-0.000478629763149219,-0.000843892536261958,0.00036563865326557,-0.000451759146742436,-0.000617360740368514,-0.000114707007215647,0.00018846624446426,0.000963365152213975,0.000843881954211639,0.000768787894814288,0.000317483200019561,0.000590980536412306,0.000359436381620018,0.000302708457952221,-0.00116712562905609,-4.77792993690631e-05,0.000174893609458734,-0.000525090529688228,-0.000748781475587088,0.00154596774870364,0.000507418033425802,7.1995037122291e-05,0.000736119430407765,0.000365342787130941,0.00111503672491428,-0.000330397621361499,-0.000342163129967761,7.83538570769342e-05,0.000849184488799224,-0.000412750799350135,0.000408207081605757,0.000634760148743762,0.0014408155609811,-0.000407770487269749,0.00140139918796911
0.0337916515575548,0.0472021204547482,-0.0460288789069128,-0.0414579001074743,-0.0462403627718901,-0.0414254324180618,0.0255488317535169,0.024976361005319,-0.0556040039130052,0.00482749409811089,0.0236083290068856,0.00878399251769192,0.0234752247755732,0.0208413921369362,0.0198429105248168,-0.0522711969894174,-0.0540685934597847,-0.0453331076381003,-0.0566227156665427,-0.00386929707059706,-0.0500917248019571,-0.0471760743122501,-0.049922075424984,-0.0526291744040679,-0.0533336265227324,-0.0468562625517738,-0.0542633725085344,-0.0361126478858018,-0.0453242332525987,-0.0467188790197849,-0.0475721093059164,-0.0457719771383113,-0.0419955114163422,0.000428079412277917,0.000720651412321376,1.60873827816761e-05,0.0014890622542705,-0.000328088719117864,-0.000326685972640895,0.000599776064588673,0.000790880180712467,0.000598073616747477,-0.000139721192579058,0.000383954317715917,-0.00069103650920067,-0.000180078171794625,0.00103262025835863,-0.000850750077971131,-0.000260836947389352,-0.000899347254658847,-0.00106287671427446,0.000116384959957562,0.000342151386919099,0.000318741048998683,0.000863654183266332,-0.000301049594093056,0.000304824170074469,0.00128682152302028,0.000585960862645217,-0.00020294926718243,-0.000408850643722587,-0.000537789218674387,0.00121492898218964,0.0011578165497179,-3.19968977847227e-05,0.000142866458232231,-0.000413769248899829,0.000268601751620312,0.00110323194068896,-0.00164615424335618,-0.000558768347383929,-0.000449940390268363,0.000391622027434641,0.000472833942878689,-0.000294371535125152,-0.00021114759352023,0.000405497467450807,-2.05400532704444e-05,-0.000929872845790877,-0.00243583140209194,8.53487306260789e-05,0.00057048835532225,-0.000134486848912559,-0.00107554996402133,0.000601248292959632,-0.00100481864029795,-0.00113214278577072,-0.000993976120611696,-0.00147844144132091,-0.000302016854764482,0.00029503709593695,0.000592526879485199,-0.000149963560806138,0.000437142579020472,-0.00198480978708396,-0.000971118640897479,0.000422761137987113,0.000177556829667294,6.22642494253219e-05,0.000535492130949295
0.0309410245661195,0.0437915883964819,-0.041486709580147,-0.039415939100998,-0.0424080804279499,-0.0379596769753697,0.0232854997226389,0.0230146927731961,-0.0541431576167608,0.0038609642163294,0.0241579912313281,0.00816146386977216,0.0208413921369362,0.0220976385461041,0.0167790047868917,-0.0480494131623049,-0.0524450468213154,-0.0440444385764402,-0.0542562809935296,-0.00494162274218628,-0.0474912596111208,-0.0431933327069915,-0.0472420179280613,-0.0507349205650436,-0.04928959143576,-0.0445433067573037,-0.0510213241219512,-0.0325317632191302,-0.0424710456246193,-0.0432385113999552,-0.0446922549908044,-0.0433001304010892,-0.0389118724903071,0.000521210862891206,0.000139124344294572,-0.00020905990681199,0.000271835083218673,-0.000532140890980758,5.61802312086107e-05,0.000770136116844591,9.0695947676376e-05,-0.000413045456690783,-9.08085312081844e-05,0.000786832442295481,-0.00118040946834564,-0.00170204650931464,0.00167092369032186,-0.000259891085207093,-0.000489484393896971,-0.000169692093896293,-0.000228102735994983,0.000307824595440202,-0.000248470129606922,0.0010575282306885,0.000101768816526934,-0.000174086152159604,-0.000607547230063269,9.12576764679724e-06,-0.000150910673257363,6.43349278345789e-05,0.000465090134682881,-0.000902778404439779,-0.000608079316285836,0.00114570809421456,-0.00214007909594887,-0.000791530122642144,-0.000800190595854944,-0.000935244613265799,0.000152988985338501,-0.000514605425093104,-0.00122998022527948,-0.00103663518196637,0.00022588584796657,0.00147942912710231,0.000611518457540228,0.000252263952014404,0.0011400063268257,-0.000102135677287444,0.000265906710366572,-0.000935116924604368,0.000639424134424559,0.000943133649086174,-0.00105978881103044,0.000467767830326447,-0.000138649538431617,-0.00145332164860038,0.000531293551810923,-0.0020977926565719,-0.00113576760841206,0.000547248892623935,-0.000242661698548607,-0.000541271982534583,0.00145773807046079,0.000400568639942673,-0.00147959328473107,-0.000899230394764516,-0.000636892694522476,-0.000464636567067622,-0.00115695709856083,0.00025072947908922
0.0299674196652253,0.0398051798690901,-0.0392036397698433,-0.0336754869596181,-0.0388179695778035,-0.034380304944089,0.0217475914433297,0.0215311040733,-0.0452292150403168,0.00472799408480319,0.0186762220578488,0.00735710701858616,0.0198429105248168,0.0167790047868917,0.018107888079677,-0.0433330728879363,-0.0440155516983022,-0.0375832799214069,-0.0460632066420172,-0.00288946146429248,-0.0415922880104571,-0.0399367316455635,-0.0410745635763437,-0.0433120465767658,-0.0438592325305222,-0.0392468951733656,-0.044912061868263,-0.0291341861814554,-0.0373392149724896,-0.037777980540093,-0.0390495607334828,-0.0380801520401711,-0.0343398699343659,0.000577704151135033,0.000790022948074606,0.000220028519430377,0.00140865418634239,-0.000311361544182119,-0.000322185444000199,0.00102793295050383,0.000670208909720363,0.000810357080905254,0.000235604610607228,0.000804001231462467,-0.000502896853072707,0.000265913653863778,0.00133958978524451,-0.000565834102857428,0.00026920752527044,-0.000817311298987979,0.000625189309845244,0.00118086943070398,0.000346325915429154,-0.000229644923409316,0.00120758308430889,-0.00073182181420281,0.00132780280836168,0.000585585895779217,0.000506732665301239,-0.000862617531203297,-0.000214578313212214,-0.000429805108981968,0.00115373399534214,0.00146994040003936,4.21125294198598e-05,0.000605996765498262,-0.000251953304096599,0.000437008521214936,0.00141774568736981,-0.00137934493946922,-0.000633286296695873,-0.000151019587162248,0.000662407230436523,0.000324326432211994,-0.000994462255932332,-0.000164323338913747,-0.000388413372244016,-0.000389722043657142,-0.000874451140552045,-0.00325241218569683,6.26892407067903e-05,-0.000148520645675122,0.000654192744843631,-0.00126592444918729,0.000780441010124389,-0.00106830332053277,-0.000747569348270111,-0.000145553730182865,-0.00108869348318993,0.000108912894458022,-0.000800370109493282,0.000717616919050316,-0.000937223282615804,-0.000454921247572904,-0.00250886203745633,-0.000704662992719766,0.00056762075198243,-0.00062901353362789,0.000123473672392396,0.00047984771578631
-0.087869516654336,-0.118969760418466,0.118919661307878,0.105706242777589,0.115707094141391,0.103688541925107,-0.0646104587768212,-0.0618982590794428,0.138432474547606,-0.0110574310160767,-0.0592900922507851,-0.0179369137179579,-0.0522711969894174,-0.0480494131623049,-0.0433330728879363,0.143351117606681,0.138807669349711,0.119618819707725,0.145600674577911,0.0118968268327948,0.129745427377828,0.120667527900805,0.131172041232205,0.137854716099152,0.137915186413194,0.124701610490881,0.141385437855599,0.0943371013175838,0.120597907616948,0.121838716726039,0.123788123081206,0.118688843923743,0.112476856535307,0.000667055328465151,0.00047098115895375,-0.00235992782019062,-0.00124437791158904,-3.58353906588658e-05,0.000131538504624421,-0.00102676643040081,0.00138399961910916,-0.00188498793375004,-0.000657506165721844,0.000865043656631361,-0.0019694870649589,0.000639972940072225,-0.00162458513918209,0.000769435048368925,0.0022774377206643,-0.00121781766025863,0.00238650750291464,-0.000404270785694896,0.00102043217499817,-0.000371613171924389,-0.00237742978986288,0.00159692450077517,0.000303771710049353,0.000786082251103125,-0.000113832633737186,-0.00151782330121331,0.00436166560880462,0.00245350130137528,-0.000454010238295227,-0.000667824655446557,0.00306465819410684,1.20676249933017e-05,0.00126337376924175,-0.00089503400079562,-0.00115331231483786,0.00109115280065249,0.00226685365327572,0.00172356667278214,0.000688221162552899,-0.000195565188079646,5.43540330364332e-05,-0.000330026029063581,-0.000369364930047767,0.00164066598383052,0.00177384453774384,-0.000289471375492313,-0.00133368433876603,-0.00010909099100151,-0.000850766474160525,-0.000820819979849522,-0.000742778125970839,0.00256045435476638,0.0024418170050869,0.00567172443313002,0.000445131938526225,0.000328771008967169,0.00091860063826566,0.00126977769071151,0.000563963349981143,-0.000778603919675065,0.00108774623439914,0.00310567636528861,-0.0024325227690075,0.00215902029506526,0.00204307979535124,0.00018726249966422
-0.0885970731712785,-0.123085434829564,0.119950723080598,0.109511672796805,0.117811314355939,0.106416005512994,-0.0666916124517631,-0.0657340988553444,0.145400193133063,-0.00979428373559232,-0.0601072156169982,-0.0189573372600152,-0.0540685934597847,-0.0524450468213154,-0.0440155516983022,0.138807669349711,0.149695426521559,0.1235427458935,0.150854885152245,0.0130443981637458,0.13416584031725,0.12129864750782,0.134136254603333,0.142169503902144,0.142862251346048,0.12433122694306,0.145514981794036,0.0936071308683746,0.122813963431569,0.123856065371099,0.124428780591852,0.122162534351467,0.112840002970635,0.000627587015222686,0.00218462761777123,-0.000289343724569355,-0.000816034098067504,-0.0011977193537305,-0.000557347483685313,-0.000379498951134831,-0.000146711075361608,-0.00143137729149375,-0.0002008008463332,0.00088666822976565,-0.00162578034466331,-0.000686023005760377,-0.00339073655527055,0.00100141230938331,6.89209603815604e-05,3.41955118067887e-06,0.000549512929982287,-7.44411540558251e-05,0.000930270489124867,-0.000932288437711423,-0.00162525339468611,-0.000302191548978575,-0.000843987918238278,-0.000586194609388232,-0.00152104408694677,8.58181020214097e-05,0.00319545823052003,-0.000403808260633075,0.0001959476339155,5.52235050993345e-05,0.000254680530346527,0.000325516138390501,0.00226591408858199,0.00111212863879355,-0.00128584955255673,0.00250909939964037,0.00345740853104062,0.00298070097941553,-0.000303332149538914,-0.000139098536676484,-0.000517116850844044,-0.00148625195287556,-0.000940272191079217,0.00112726694510301,0.00080821359462276,0.00109286887761592,-0.00123868622272379,-0.000975054588188396,8.8165945661069e-05,0.000655248667466418,-0.00161066840029352,0.00173923360656258,0.00173027925996212,0.00440585992887317,0.00212439119419065,-0.00166574668933882,-0.00136987155151395,0.000941189659039692,-0.00113376894491922,-0.00196077894082545,0.000650657795559057,0.00387906808336814,0.00188217988581575,0.00184681552210504,0.00287388498643355,-0.000274509883185251
-0.0776484312360396,-0.103982707136749,0.10297285542598,0.0913788578418027,0.102333721779717,0.0901291567993368,-0.0562642624325011,-0.0546224260192939,0.123759295684643,-0.00840683808621033,-0.0520696650986019,-0.0156685284179005,-0.0453331076381003,-0.0440444385764402,-0.0375832799214069,0.119618819707725,0.1235427458935,0.111881282407687,0.128904056233197,0.0111652893693534,0.115173858778981,0.104871880859142,0.113717000072738,0.122522259250548,0.121927002294162,0.10862987636915,0.123331337025045,0.0796285617000933,0.106057672682865,0.104390062708391,0.107572049954959,0.105030141644267,0.0963862251234284,-0.000917627866373009,0.00119036802215991,-0.00289358440530463,0.00157608691968397,-0.00164903337101082,0.00035946210846047,-0.0011278041093589,0.000148882506544749,8.77507201709843e-05,-0.000300187586126864,0.000638539985546119,-0.000301546649936249,0.00173690545179525,-0.00323625928293345,-0.000640751911404414,-0.000247910930252751,-0.00225046188270773,0.00140795560684168,0.000582823685667813,0.00156829820716894,3.00251743395231e-05,-0.000529855235116736,0.000581234144965406,-0.00244469876086939,0.00158130772193755,0.000744585146386743,0.00034504697717237,0.00375002094901019,0.00158520330265889,-0.000593320657469394,0.000277035657815721,0.00142564413224585,-0.000995317759320298,0.000361927644240554,0.00121731314521708,0.00102957053327777,0.000115506073488878,0.00155334794658661,0.000474803709392798,-0.000810615915625309,-0.000804910115420819,-0.00183128730200886,-0.0010685104363624,-0.00292227244209296,-0.00153739563853437,0.0013356356671101,-0.00145633977112782,-0.000782211336956388,0.000204131864432238,-0.000966664780279964,0.000495621360796533,-0.000530846836079847,0.00182044837726871,0.00181592815268592,0.00183673584363379,-0.000221089323333546,-0.00101162620682438,-0.00231991723815555,-0.00117562520922276,-0.000412367883602062,-0.00164569376334536,-9.622903052761e-05,0.00198305341338684,-0.000749536642432741,0.0025960147650298,0.00126249155320169,0.000148404125061565
-0.0900865519279339,-0.125997955617468,0.124134676466934,0.113104814377165,0.123026175087979,0.110621516329351,-0.0683630778890017,-0.0663351800578135,0.149509841885794,-0.0105640077367396,-0.0638180975073524,-0.0194141788653698,-0.0566227156665427,-0.0542562809935296,-0.0460632066420172,0.145600674577911,0.150854885152245,0.128904056233197,0.157665661487144,0.0132533473612707,0.137700618721139,0.12723478735497,0.138259859070996,0.147407981779433,0.147290839347761,0.129390313009958,0.151536231190345,0.0980427492664203,0.125453422253127,0.127634048140275,0.129688823118986,0.125911199835354,0.117563349607547,0.00103155244846499,5.61635503472042e-05,-0.00160587260236764,-0.000812415740570043,0.000264009457106607,-0.000251248684965163,-0.00148029235504969,0.000463443080966381,0.000669361302829422,-0.000786635751766137,0.000114563288176703,-0.00048923233848761,0.00180305397893575,-0.00299184453247229,0.000886472633465056,0.000520338248921099,-0.000720400698862628,0.00278957178232255,0.000929862331985637,0.00116904972699505,-0.000596631283597806,-0.00172774655033546,0.000250503880219054,0.000148194217035124,-0.000464621107918543,-0.000940136922988338,-1.19610280702592e-05,0.00497503254102795,0.000337084912957424,-0.00147845531500879,-0.000668341287134511,0.00120808290153831,-0.000721167985372086,0.00134855713467274,0.00190521129924575,-0.00123302848986724,0.000636195850594644,0.00263699364530927,0.00201534568354395,-0.000202153585877845,-0.000985317643866198,-0.000767200363065976,-0.000824691497916317,-0.00206637463871136,0.00029935303851173,0.000461466917997368,0.00104065166156887,-0.0010577520136176,-0.00033391164658356,-0.0004754259336073,0.000209080009020622,-0.000271738899981875,0.00342201186870029,0.00100382009930143,0.00488335701854085,0.00244729923580879,-0.000326978290642665,-0.00183756665590791,0.00118435235510628,-0.000793168795210472,-0.00242389124826467,0.00191336612542565,0.00328604052355966,-0.000618636287387134,0.0014121211358013,0.00199680964981091,-0.000288667957651159
