0.0558796609045252,0.0764567669373768,-0.0751023095651565,-0.0671247481144507,-0.074190248974925,-0.0660531013964125,0.0414822942722866,0.0401045037616568,-0.0897361590117422,0.00663067826320581,0.0382955130761599,0.0119612101297719,0.033950512687886,0.0321694701673815,0.0281630289096678,-0.0874979796571679,-0.0898771327607898,-0.0768904371607395,-0.093165113077954,-0.00828749076828944,-0.0829231548095052,-0.0763168243040816,-0.0832049454087712,-0.0883092933258617,-0.0886137025965632,-0.0780188003012315,-0.090258853827156,-0.0587874563250695,-0.0769411122450112,-0.0770010773390556,-0.0785951298929417,-0.07586247570923,-0.0703299057305941,0.000189510979523404,-0.000612041098823645,0.00109136775183545,0.00073213417276631,0.00101394371259571,0.000292408228519162,0.000602231006778645,-0.00048697992617332,0.000464984381644712,0.000258018861262419,-0.000224321006388538,0.000647229496836995,-0.000635300859296746,0.00165919338170436,-0.000579586951632918,-0.00141174552884952,0.000510206757505087,-0.00112445741617704,-0.000444062618424917,-0.000322914937498802,0.000205108826727478,0.000480367463876035,-0.000612400790210093,-7.35852680458799e-05,0.000251327240534569,5.31128261479363e-05,-0.00011078606916741,-0.0025337725565644,-0.000431140151603422,-4.13739895297195e-05,-0.000172526755751814,-0.000918898828004734,-0.000148647642492846,-0.00104981164687462,-0.000945803335561671,0.000745346693292738,-0.00108942941260134,-0.00175490521906694,-0.00130726511532715,0.00048235207722311,0.000219672438210961,0.0007830490403348,0.000460518916494578,0.00122634229485564,-0.000571473257095804,-0.000913849621101525,-0.000807176535943549,0.000665285551952649,0.000113664154190505,0.000311878808301353,-0.000473675391268649,0.000833397583809973,-0.00170092659657221,-0.0015198132112723,-0.00283195399490995,-0.00110834313152888,0.000291602293942798,0.00045534517470471,-0.000380786718943441,-0.000371885786576747,0.000491816412897475,-0.00122314758800729,-0.00152109233549643,-7.99884701946348e-05,-0.00113934514373059,-0.00170752263391503,-0.000206060324530446
0.0764567669373768,0.104619728738513,-0.102780299735179,-0.0918496147570564,-0.101506774646825,-0.0903993980183626,0.0567551951418322,0.0548753227441041,-0.122781137481457,0.00906194269159969,0.0523899858250056,0.0163772858396673,0.0464713367493034,0.0440111807055972,0.038559643766607,-0.119729249035573,-0.122993947243643,-0.105207046964632,-0.127485562385093,-0.0113339567396032,-0.113471012087393,-0.104426641360201,-0.113859018381491,-0.120844290419963,-0.121258529714632,-0.106738665920571,-0.123520415821207,-0.0804433863154989,-0.105272089971399,-0.10537225071954,-0.10753737392687,-0.103811099389612,-0.096245574140957,0.000130319291443365,-0.000678919545961037,0.00148582248709599,0.00101817148150588,0.00117048644015179,0.000177879307335606,0.000809518864225621,-0.000355977322504178,0.00096142822544602,0.000257301882759996,-8.19304018195645e-05,0.000738950624437748,-0.000548334817246475,0.0021852647892001,-0.000805783428950688,-0.0016152009217649,0.000699358125729551,-0.00124002191255783,-0.0002932643168084,-0.000402748012177871,0.00033840828904352,0.000914700416070567,-0.000830335791311578,-6.35049585908118e-05,0.000348759158038377,0.000108716705397883,0.00010184328293398,-0.00317075877467278,-0.000549799777731564,0.000159248168556155,1.86694515291703e-05,-0.00102445829240782,2.26901832781749e-05,-0.00144786845017782,-0.001114600019795,0.00100756047896267,-0.00131508494221088,-0.00239620714651339,-0.00195980125734171,0.000660300495063079,0.000286497603156823,0.00095848605234071,0.000532121337509154,0.00159802897287703,-0.000780589484397441,-0.00124031359431404,-0.000879041828241436,0.000924798369751807,0.000148431599414516,0.000371219528540279,-0.000435921765524797,0.00114447628163305,-0.00229125960243954,-0.00207596174188081,-0.00383960315571484,-0.00126405499714547,0.000640251036568983,0.000700874668114802,-0.000267439096306865,-0.000498980235025617,0.000822690643034766,-0.00146630362993887,-0.0020691439674602,2.24686787569305e-05,-0.00157122679996035,-0.00216948676293698,-0.000128856870962315
-0.0751023095651565,-0.102780299735179,0.100995953854612,0.0902336791439241,0.0997032232411502,0.0888353358101027,-0.0557456408948516,-0.0539076749857665,0.120606954494544,-0.00888442172464502,-0.051449723504062,-0.016105887346617,-0.0456789069115719,-0.0432243909317138,-0.0379187432162423,0.117626219854294,0.120848490432766,0.103347351384296,0.125248906199056,0.0111245003924869,0.11148083909501,0.102588003245153,0.111865966453726,0.118729613831414,0.119132819614577,0.104831853639466,0.121372454464748,0.07903144805886,0.103404240750655,0.103532171541452,0.105632968726209,0.101993340748524,0.0945689465018887,8.23530614145691e-05,0.000408377388671695,-0.00144738198636087,-0.00102694239378856,-0.00079609530740933,0.000187692017349948,-0.000771564989175567,-0.000156478537260584,-0.0014748320277999,-9.66069983590022e-05,-0.000286490497050474,-0.000486729479702101,1.52133674610229e-05,-0.0020080636145003,0.000812336099866971,0.00107052523567261,-0.000689045071624542,0.000731187781371015,-0.000224591320113589,0.000331878000036122,-0.000426637458798415,-0.001318389049295,0.000803270774631377,1.74316320068972e-06,-0.000350545453645079,-0.000165581731590748,-0.000513379451113694,0.00263172680660794,0.000474650844810523,-0.000508494263622672,-0.000433803018173431,0.000626583997600741,-0.000391021292518992,0.00144093413045189,0.000802110743418414,-0.000969727336787035,0.00100551918944228,0.00234572684586532,0.00220422987622133,-0.000649136822291091,-0.000258478816106504,-0.00075734382804951,-0.000362889540150016,-0.00143939932557095,0.000764603445605534,0.00120194657780333,0.000495888834736191,-0.000932111148700936,-0.000134241117785196,-0.000274113057831583,8.21309438048916e-05,-0.00113103329111309,0.00219192719207113,0.00203346551690612,0.00371419022737027,0.000829954400480133,-0.00102242258194381,-0.000815438451280379,-0.000150872614105636,0.000474077351261279,-0.00105239020315258,0.00110229085261602,0.00201279410766249,-0.000237221260210351,0.00156350177877516,0.00185897837729235,-0.000123106652404596
-0.0671247481144507,-0.0918496147570564,0.0902336791439241,0.0806382957211252,0.0891174897319548,0.079363899492705,-0.0498280610739233,-0.0481772484821007,0.107794902208598,-0.00795664712537281,-0.0459960169901977,-0.0143774879054721,-0.0407978262385161,-0.0386396680613679,-0.0338512883901965,0.105114740560146,0.107980263532299,0.0923656944222886,0.111924176779299,0.00995097083562511,0.0996202697170728,0.0916802141387628,0.0999607362952818,0.106093316680201,0.106457163093646,0.0937112761129136,0.10844216400282,0.0706241800162789,0.0924231160417298,0.092509711718105,0.0944117460591921,0.0911393504905522,0.0844969219283234,-0.000123952989544864,0.000607776857390807,-0.00130501829027019,-0.000892681640578976,-0.00104365960744842,-0.000172603754287509,-0.00071178295179583,0.000335481925600169,-0.000820024792075308,-0.00023297738580582,8.85723151390188e-05,-0.000659601689320836,0.00050514364889599,-0.00192482021246467,0.000706488083703831,0.00144145905656918,-0.000613903003075296,0.0011107489579545,0.00028071869027692,0.000356480522989289,-0.000292830419332465,-0.0007840135100751,0.000729548512310799,5.85036587495289e-05,-0.000305829759596387,-9.27809985310577e-05,-7.06677465754277e-05,0.00280564584341101,0.000485659624654651,-0.000123844741855776,2.45052766537593e-06,0.000916637369605085,-3.19870482332236e-06,0.00127029846727134,0.000991832125071952,-0.00088548778938701,0.00116755298044788,0.002104099511646,0.00170793616460558,-0.000579682550450236,-0.00025256928781224,-0.000849848672176669,-0.000474419796442458,-0.00140888970250172,0.000685411583482103,0.00108966917491363,0.000788419096207179,-0.000810846432671953,-0.000130838897902429,-0.000330015434729302,0.000398408990016011,-0.00100447608881927,0.00201426121217831,0.00182283723359349,0.00337355873534201,0.00112844019170113,-0.000544258652850672,-0.000609570073718456,0.000253552039032479,0.000438805095166303,-0.00071119839976116,0.00130266217581,0.00181748534853748,-9.96918261177887e-06,0.00137853692501623,0.00191702613377485,0.00012445209138409
-0.074190248974925,-0.101506774646825,0.0997032232411502,0.0891174897319548,0.098502077732691,0.087688557291994,-0.0550761323161452,-0.0532448545699717,0.119140591665885,-0.00880738846454675,-0.05084699213381,-0.0158762616764887,-0.0450681640040892,-0.0427123942285025,-0.0373815815631843,0.116165007390114,0.119320151720202,0.102084858314714,0.123688256437047,0.011005157081464,0.110090643033691,0.101321591415102,0.110463835254673,0.117240273747582,0.11764529660718,0.103587640732316,0.119825357607066,0.0780477906529725,0.102153777681479,0.10222647529755,0.104348945287056,0.100716027076453,0.0933688870059754,-0.000300858918046843,0.000873116142653496,-0.00145182313245483,-0.000965762944472329,-0.00142898759178271,-0.000473072035349264,-0.000805097563630441,0.000765049925560031,-0.00049316728165277,-0.000379120064020862,0.000383739130949724,-0.000915296850078527,0.000966012831424087,-0.00223529826285962,0.000764629395573895,0.00199516234333242,-0.000676904672843556,0.0016069009641021,0.000709593782659224,0.000443648691967658,-0.000250259426550903,-0.000539470781605318,0.000815964195421407,0.000111893557674291,-0.000331817237386589,-5.6752963244322e-05,0.00024385727913303,0.00347708117668739,0.000587728901830587,0.000137355398834503,0.000326326334919234,0.00130890188709772,0.000283682083426345,0.00138943132615515,0.00132425871369037,-0.000994259620326186,0.00151343209792644,0.00233183080077122,0.00167027598095526,-0.000640283730812808,-0.000297025847958492,-0.00108275277973993,-0.000648833946739161,-0.00165869863908132,0.000759238141504551,0.0012171370726042,0.00115772718608005,-0.000877738065664922,-0.000153616092897702,-0.000435269351338495,0.000709908434505294,-0.00110488499969367,0.0022720367661746,0.0020191630965282,0.00377336222467854,0.00156791049255153,-0.000295026957718104,-0.000574824343506216,0.000602386140289159,0.000497505573132478,-0.000595786268274752,0.00170308657146178,0.0020241329750029,0.000156568875792163,0.00150797656059473,0.002330738575008,0.000332035830744041
-0.0660531013964125,-0.0903993980183626,0.0888353358101027,0.079363899492705,0.087688557291994,0.0781401954196665,-0.0490277843878522,-0.0474132993222394,0.106075029925935,-0.00780993221538672,-0.045247601092542,-0.0141696608860894,-0.0401822169712266,-0.0380145369232684,-0.0333597600575559,0.103457463438404,0.106295096385664,0.0908958079556505,0.110162566666601,0.00978205295150613,0.0980530176461093,0.0902296539256394,0.0983926787310445,0.104429811698341,0.104783566500416,0.0921967456519073,0.10675752962525,0.0695118986385163,0.0909441979432544,0.0910636543487024,0.0929052222293041,0.0897089865419757,0.0831808395590943,0.000121846293060294,0.000298444100535597,-0.00127013764050789,-0.000909501764237891,-0.00061709590896746,0.000250212031218627,-0.000673050904396343,-0.000256522705351062,-0.00142173051238991,-4.82889097217527e-05,-0.000338174786134783,-0.000371908979825483,-0.000109572277367435,-0.00173357649358887,0.000719348827220394,0.000820308777251732,-0.000606508571828325,0.000528716851453338,-0.000317957889051407,0.000276917540514087,-0.000397365173584701,-0.00125817020459511,0.0007035809124236,-1.27109330552031e-05,-0.000310178587609376,-0.000159440965616675,-0.000548618381191675,0.00220119761526382,0.000402094235987543,-0.000529928277075124,-0.000479129183044566,0.000461885239902324,-0.000430524767278784,0.00127170980411487,0.00063669519985916,-0.000848188831232214,0.00081711567900857,0.00206119965889913,0.00200421224943933,-0.000571046582707718,-0.000221944670569812,-0.000622828966276819,-0.000281624869295565,-0.00123535038867311,0.000671968198796177,0.00105327075558391,0.000349790768332566,-0.000825365804464588,-0.000115350409338919,-0.000219818440577619,-9.05933909273687e-06,-0.000996357960643205,0.00191401911063025,0.00178710607166694,0.00325317888927438,0.000633238419133636,-0.000991668605241622,-0.000747013459480178,-0.000229845494668512,0.000413181553410238,-0.000982967719164471,0.000890066412075694,0.0017656426963115,-0.000259178637749621,0.0013798366732458,0.00157107421970351,-0.000166925305002461
0.0414822942722866,0.0567551951418322,-0.0557456408948516,-0.0498280610739233,-0.0550761323161452,-0.0490277843878522,0.0307951471216835,0.0297707862689814,-0.066615514955683,0.00492536185901192,0.0284308936674939,0.00887601993943265,0.0251976004391026,0.0238823105108524,0.0208992007188426,-0.0649509082234489,-0.0667142848250423,-0.0570789155560019,-0.0691572235838254,-0.00615379253209204,-0.0615544246058235,-0.0566517846579072,-0.061762888921292,-0.0655517200952491,-0.0657783673163149,-0.0579201736800515,-0.0669964208099708,-0.0436385185968703,-0.0571178015355731,-0.0571569688791067,-0.0583450153909134,-0.0563126932078182,-0.0522043010192318,0.000178761062143558,-0.000501142249277307,0.000812370969699929,0.000538647680798036,0.000816716074498121,0.000282670301210068,0.000451340624742084,-0.000453126867405149,0.000249168314893673,0.000219802405807804,-0.000232949184458332,0.000523755629604443,-0.00056635680483604,0.00125677054562558,-0.000426486740855089,-0.0011414212725881,0.000378376413470002,-0.000922868248657388,-0.000422445681321905,-0.00025125263938624,0.000135207318397014,0.000280597103915775,-0.000456852447320336,-6.56017973261318e-05,0.000185131232686088,2.87867015620039e-05,-0.00015705996278113,-0.00196834896481992,-0.000331896661236215,-9.44409509302514e-05,-0.000203277643409533,-0.0007508783507629,-0.000177092250247498,-0.000775940610794256,-0.000755106512874682,0.000556925729351557,-0.000860555344139668,-0.00130420838596446,-0.000919921073226432,0.000357977689119694,0.00016722687855468,0.000614631681996612,0.000370792431521115,0.000933964770966706,-0.000424624007408051,-0.00068136424788342,-0.000665742874213206,0.000489585918990572,8.64712679410559e-05,0.000247910069284529,-0.000414274263194337,0.000617436505592923,-0.00127331647263479,-0.00112926943942117,-0.00211269106525393,-0.00089730137654972,0.000145242001994051,0.000315041333262008,-0.000357537360353683,-0.000278977180705066,0.000320884673262275,-0.0009691915398514,-0.00113274847722513,-9.83234425967224e-05,-0.000842153407416425,-0.00131682804226116,-0.000198163178285811
0.0401045037616568,0.0548753227441041,-0.0539076749857665,-0.0481772484821007,-0.0532448545699717,-0.0474132993222394,0.0297707862689814,0.028783651552582,-0.0644032959241436,0.00475544776013149,0.0274820661401416,0.00858818539067992,0.0243721645662334,0.0230864353558332,0.0202207648449723,-0.0628003390946159,-0.0645108829644465,-0.0551846196783133,-0.0668683528786207,-0.00594617259483277,-0.0595174067074538,-0.0547743679353234,-0.0597204342621443,-0.0633842133181911,-0.0636019570675787,-0.055990496806016,-0.0647861878105495,-0.04219400442252,-0.0552196076198612,-0.0552684728892476,-0.0564073915051182,-0.0544502525298352,-0.0504809613621024,9.45092930094133e-05,-0.000388257165835541,0.000780877382517167,0.00053073723774377,0.000657930464545238,0.00013835957678954,0.000427559161234553,-0.000249646858146119,0.00043836363310318,0.000154375176567977,-8.85962609703901e-05,0.000417335941498528,-0.000352691190195896,0.00116347161453012,-0.000420075078732866,-0.000911390148301183,0.000366582012251496,-0.000710964924894509,-0.000217560883259262,-0.000219180146518533,0.000165794424773097,0.000427595501484686,-0.000437078918908168,-4.08489805859824e-05,0.000181947394290279,4.97173462693314e-05,2.03537883658408e-06,-0.00172321239480262,-0.000296522520247725,3.97637457624809e-05,-4.18565256808373e-05,-0.000584574068288356,-3.39380012274046e-05,-0.000757135861971575,-0.000621043508711586,0.000530988415813551,-0.000725400555675636,-0.00125790081331875,-0.000993288051326951,0.000346286552451272,0.000153131228221321,0.000525657207978251,0.000298984555041337,0.000854428449784252,-0.000409717324455806,-0.000652630115531499,-0.000506787703586532,0.000482146371657839,7.92952883420941e-05,0.000205973328339895,-0.000271679921355044,0.000599472351818313,-0.00120915609215286,-0.00108963255334017,-0.00202115391920628,-0.000714227604547634,0.000286915656556367,0.00035184981529078,-0.000191696416512174,-0.000263731194574938,0.000401165323610357,-0.000811156222190164,-0.00108779362976963,-1.4961244913764e-05,-0.000821668666075262,-0.00117180256577334,-9.86299873622185e-05
-0.0897361590117422,-0.122781137481457,0.120606954494544,0.107794902208598,0.119140591665885,0.106075029925935,-0.066615514955683,-0.0644032959241436,0.144105748165041,-0.0106473972287048,-0.0614975920202776,-0.0192090585399337,-0.0545217830993219,-0.0516600932860211,-0.0452282283343486,0.140512191429804,0.144333458760324,0.123477159209277,0.149613094626749,0.0133083817004668,0.133165642144473,0.122556298991671,0.133618327361055,0.141815395797886,0.142304090784213,0.125288363824808,0.144946735682674,0.0944062714836617,0.123558252312678,0.123655752337431,0.12621455555232,0.121827074830644,0.112942707910386,-0.000295765664926027,0.000972338444133711,-0.00175211465850616,-0.00117681302944902,-0.00161387231687927,-0.000454814325744371,-0.000966150527254532,0.000761420461858546,-0.00076831119183115,-0.000407989552983372,0.000345288996751255,-0.00102963626657933,0.000998903628851896,-0.00265882962103492,0.000931596589920976,0.00224608152742272,-0.000819416560848664,0.00178591954570145,0.000692235178110517,0.00051596789061843,-0.000333217738971323,-0.000788512957670022,0.000982940448614463,0.00011569996172074,-0.000403926316567474,-8.76870997262001e-05,0.000161076882663448,0.00404927693012157,0.000689696683240879,5.21044842399901e-05,0.000260138665446012,0.00146017976229778,0.000223694660976846,0.00168663609345873,0.00150692740923453,-0.00119612526523268,0.00173783767535416,0.00281784421496394,0.00211068166631699,-0.000774622405555647,-0.000351833756729102,-0.00124998493973788,-0.000733031421316132,-0.00196405436180804,0.000917630929447089,0.00146686730899482,0.00128126150003367,-0.00106933527044365,-0.000182060456128279,-0.000497153990285252,0.00074657395272834,-0.00133861665002385,0.00272909577826672,0.00244040822190756,0.00454544760272097,0.00176310262125425,-0.000484304073188475,-0.000736401783118264,0.000594656638069762,0.000596550659705214,-0.00079974686762249,0.00195046516833697,0.00244189326322879,0.000119690466256235,0.00183047314614225,0.00273100064498505,0.000320740851524465
0.00663067826320581,0.00906194269159969,-0.00888442172464502,-0.00795664712537281,-0.00880738846454675,-0.00780993221538672,0.00492536185901192,0.00475544776013149,-0.0106473972287048,0.000799481111182012,0.00455322234869737,0.00140532837849043,0.00400554546158045,0.00382254300441202,0.00331031085471828,-0.0103690529551249,-0.0106398565388161,-0.00912076709950456,-0.0110386927852027,-0.000989869309976051,-0.00982471870278492,-0.00904730101856453,-0.0098551726418227,-0.0104592697742934,-0.0104981505390422,-0.00926958264209124,-0.0106800567560723,-0.00696590144470346,-0.00913200893974499,-0.0091170601763136,-0.0093256052737653,-0.00898593859768393,-0.00832413782071799,0.000179590133575449,-0.000265687553294481,0.000138552045877228,6.68542726209076e-05,0.000384429804513626,0.000305357939697219,8.90952309703842e-05,-0.000435785132478063,-0.000340962404368874,0.000147221733184188,-0.000300676229083324,0.000255386384251073,-0.000466273356009501,0.000300305087354148,-5.32195523200567e-05,-0.000552920402470086,5.89904929535743e-05,-0.000497027444040169,-0.000435554899113872,-8.59154731779531e-05,-4.60298308923509e-05,-0.000256581901868135,-8.18946047018988e-05,-5.40160844391588e-05,2.38743363842587e-05,-3.76036193648681e-05,-0.000321834648336382,-0.000661265116536142,-0.000100007528344844,-0.000267838524086019,-0.000330746990421398,-0.000392621324044624,-0.000293013913222396,-0.000110593846532767,-0.00033085441711611,0.000103367061073365,-0.000343061318823492,-0.000214234416452891,5.33512599451986e-05,5.68372480639928e-05,4.32007869346324e-05,0.000230451750649429,0.000173989992899374,0.000242842676338956,-6.94223460211698e-05,-0.000120680974764198,-0.000370294144179844,6.12463075344605e-05,2.21212865735485e-05,0.000104616831668376,-0.000314655315294654,9.37888381094168e-05,-0.000245701267944708,-0.000184612653079067,-0.000378901546668827,-0.000438985239528975,-0.00025928049818592,-4.0799339342162e-05,-0.000354047355772573,-5.61242512287932e-05,-0.000124068423920778,-0.000397589531413992,-0.000195200735885683,-0.000170169139989502,-0.00012017635455759,-0.00040580440364335,-0.000210916461595324
0.0382955130761599,0.0523899858250056,-0.051449723504062,-0.0459960169901977,-0.05084699213381,-0.045247601092542,0.0284308936674939,0.0274820661401416,-0.0614975920202776,0.00455322234869737,0.0262512218848632,0.00818725917705088,0.0232505287411017,0.0220502218451315,0.0192781662620256,-0.0599545870073247,-0.0615768359876927,-0.052692460189493,-0.0638363737485526,-0.00568422731981676,-0.0568182995263002,-0.0522954856934793,-0.0570092815086725,-0.0605062650201098,-0.0607168580724503,-0.0534764319751122,-0.0618347913190349,-0.040281261955218,-0.0527309309448638,-0.0527562355978587,-0.0538625538495916,-0.0519787796597786,-0.0481833949555806,0.000242309577875133,-0.000557613895242845,0.000754414487637083,0.000487418791637051,0.000883896380306847,0.00039409727828205,0.000425342137333888,-0.000604260881488493,3.51600567481584e-05,0.000260276611932693,-0.000349867165030172,0.000571368767503429,-0.000715132239169775,0.00121109863952215,-0.000386071513670925,-0.00124332013350092,0.000348545746441006,-0.00103083150889307,-0.000578328567382284,-0.00025536516834944,9.02051419687949e-05,0.000104784628165022,-0.000426294802991674,-8.28382571901387e-05,0.000167982965345146,4.97715795814367e-06,-0.000296843251561532,-0.00199452397112726,-0.00033042882281358,-0.000216524860766553,-0.000340290641036429,-0.000832693873074993,-0.0002989492047995,-0.000709455373338037,-0.00080464262813489,0.000521482683989749,-0.000899611806402514,-0.00120696583341115,-0.000746699833732632,0.000330280789726969,0.000162808784063485,0.000635069831834618,0.000401014838256348,0.000910090824388831,-0.000392795902161839,-0.000635042852437342,-0.000749636944186162,0.000443269442076795,8.40754709286635e-05,0.000262123074851887,-0.000509583897158879,0.000567493576888718,-0.00119707695245827,-0.00104461723902838,-0.00197147298620263,-0.000979617446443388,-1.0481246115931e-05,0.000244190300139703,-0.000482005247914021,-0.000263446580488083,0.000206494460585432,-0.00101892036385708,-0.00105296279537934,-0.000169809965021542,-0.000770069178065433,-0.0013156181807326,-0.000274665106218347
0.0119612101297719,0.0163772858396673,-0.016105887346617,-0.0143774879054721,-0.0158762616764887,-0.0141696608860894,0.00887601993943265,0.00858818539067992,-0.0192090585399337,0.00140532837849043,0.00818725917705088,0.00257575857532402,0.00729259581445842,0.00688011117395749,0.00606313189766727,-0.0187440426175414,-0.019265996297754,-0.0164619924775246,-0.0199602215459857,-0.001766821103564,-0.0177664259086592,-0.0163451650169208,-0.0178300338549013,-0.0189243823132302,-0.0189864989548174,-0.016687064755505,-0.0193533230536344,-0.0125944566524785,-0.0164670737137878,-0.0165042404410928,-0.0168240647548001,-0.0162561250920362,-0.0150777131802665,-0.000132677547081546,8.18881154688281e-05,0.000223630363997654,0.000178793127295941,-7.42118309594915e-05,-0.000235876647682995,0.000109463132880138,0.000312594969184205,0.000536366483994499,-7.33551128018823e-05,0.00025419748817762,-5.83920333303629e-05,0.00029505900836738,0.000241104542079685,-0.000141214532400244,0.000122809240334304,0.000110921221901818,0.000160260766015181,0.000327143419732439,-1.66324281679831e-05,0.000121501559485245,0.000448622712450524,-0.000120911121410365,3.41856739844615e-05,6.03565892612353e-05,5.97856896179499e-05,0.000316688265013567,-0.000144706345572398,-3.84198800399625e-05,0.000281085253828019,0.000305221639366421,0.000116026248082068,0.000271847994906785,-0.000240128035212045,3.86341667199798e-05,0.000143086192620897,2.55799966529524e-06,-0.000369029170174829,-0.000509712922880354,0.00010368850180062,2.81267506595083e-05,1.59489552471488e-05,-3.30304339567312e-05,0.000155178503845217,-0.000120548678611297,-0.000182110788879195,0.000129938683080539,0.000161920899490581,1.48092364184565e-05,-7.79664247088589e-06,0.000183609491344105,0.000184017523846251,-0.00031571210164257,-0.00032061006944586,-0.000558922812107338,0.000101813389285333,0.000386492751627609,0.000202041142583517,0.000259086173671942,-6.63745195118169e-05,0.000306444058907949,1.65683551360539e-05,-0.000309375379574625,0.000160063390568358,-0.000260441486936684,-0.000141435540621826,0.000161514299917072
0.033950512687886,0.0464713367493034,-0.0456789069115719,-0.0407978262385161,-0.0450681640040892,-0.0401822169712266,0.0251976004391026,0.0243721645662334,-0.0545217830993219,0.00400554546158045,0.0232505287411017,0.00729259581445842,0.0206689136134383,0.0195353906945642,0.0171680537832827,-0.0531851047391025,-0.0546514765941368,-0.0467214532476385,-0.0566333766445754,-0.0050234346616141,-0.0504082986835963,-0.0463827484173466,-0.0505849188664373,-0.053689016481466,-0.0538689567411432,-0.0473799227529664,-0.0548926429063394,-0.0357350002916059,-0.0467427525088033,-0.0468192274266783,-0.0477525196570473,-0.0461202214903828,-0.0427684567541206,-0.000169970590425243,-2.14834323114329e-05,0.000646651891721712,0.000481152644079715,0.000136718906369852,-0.000313539438446579,0.000333891125035286,0.000390124399220715,0.00100142004619517,-5.48525001599465e-05,0.00036107266249297,6.91349006319703e-05,0.000323399874166016,0.000820370801562087,-0.000380364456584164,-0.00015829628120487,0.000312797717139885,-2.33189853756878e-05,0.000425023625160158,-0.000109809954159274,0.000252321110172502,0.000860944828202555,-0.000355327662710205,3.74746171987425e-05,0.000163492290984012,0.000111950252859648,0.000492900016177767,-0.000884998374404791,-0.00017329517372919,0.000452027466995143,0.000458267183931944,-4.3639575768981e-05,0.000409439378361038,-0.000663193644733372,-0.000177874396475927,0.000425761784750593,-0.000273912502305923,-0.00105533439414548,-0.00117258280222115,0.000293783558018437,0.000102369531783743,0.000226153555615933,6.32075382377498e-05,0.00056845662049661,-0.000344282721373479,-0.000533003056629588,7.77828212675174e-06,0.000436319647273564,5.33894904606974e-05,6.67889139275562e-05,0.000181245910145948,0.00051560228751316,-0.000953808702207764,-0.000915632683543563,-0.0016428092985732,-0.000115393633094034,0.000710505626435939,0.00044875062559132,0.000329173713664845,-0.000204173762725463,0.000629880243402472,-0.00028499240530439,-0.000897469988433851,0.000243000429117041,-0.000719481220773823,-0.000668680780883564,0.000213203134846073
0.0321694701673815,0.0440111807055972,-0.0432243909317138,-0.0386396680613679,-0.0427123942285025,-0.0380145369232684,0.0238823105108524,0.0230864353558332,-0.0516600932860211,0.00382254300441202,0.0220502218451315,0.00688011117395749,0.0195353906945642,0.0185219315192192,0.0162000248371695,-0.0503662442604272,-0.0517310822941463,-0.0442639271057369,-0.0536275848708565,-0.0047737550170278,-0.0477319319756552,-0.0439314397309443,-0.0478929065533382,-0.0508307745554115,-0.0510071767660904,-0.0449197697607982,-0.0519487013411187,-0.0338393518084923,-0.0442952911594415,-0.0443205677756956,-0.0452463773436455,-0.0436667536301294,-0.0404794744138388,0.000174925269724323,-0.000433239529843473,0.000632083686499396,0.000413095143416962,0.000694382291143541,0.000281742667932976,0.000354088317677888,-0.000438730700831205,0.000101708023108056,0.000197396423297543,-0.000243968946713978,0.000447431569365547,-0.00052951807380369,0.00099851895521062,-0.000327146392196121,-0.000974212464880813,0.000293072213471105,-0.000799687507827656,-0.000416060847523407,-0.000205843033038053,8.85956188418277e-05,0.000145154160750228,-0.000356420330200232,-6.13364226952663e-05,0.000142194821234092,1.21802227900097e-05,-0.000193117804358672,-0.0016097654012425,-0.000268671183578908,-0.000133984733350798,-0.00022932602794855,-0.000647823364632481,-0.000200956252725745,-0.000598511902044411,-0.000636094389377085,0.000435343273256224,-0.000716752601721247,-0.00101279768044858,-0.000665233489416845,0.00027751917722575,0.000133642911896857,0.000508421618289993,0.000315121956562301,0.000746774069894677,-0.000329667695059101,-0.00053122587567542,-0.000579705363300183,0.000375584797943548,6.90531019311047e-05,0.000207874098339233,-0.000380980033578714,0.000477642518691739,-0.000997590794212713,-0.000876734023888028,-0.00164829205683854,-0.00076689240072235,4.47378962533271e-05,0.000222404974990132,-0.00034862809129279,-0.000219118041785362,0.000206698538882943,-0.000809931947544136,-0.000881843167226061,-0.000113371928677189,-0.000649619216704398,-0.0010681426050135,-0.000196755379649197
0.0281630289096678,0.038559643766607,-0.0379187432162423,-0.0338512883901965,-0.0373815815631843,-0.0333597600575559,0.0208992007188426,0.0202207648449723,-0.0452282283343486,0.00331031085471828,0.0192781662620256,0.00606313189766727,0.0171680537832827,0.0162000248371695,0.0142722914438975,-0.0441319028051984,-0.0453595677023694,-0.0387599142627411,-0.0469951161091959,-0.00416075984910444,-0.0418299082096387,-0.0384842346225488,-0.0419793403823008,-0.0445558389852869,-0.0447024040364061,-0.0392915277869303,-0.045564609675085,-0.0296529258274404,-0.038772464711534,-0.0388574998699097,-0.0396127114238196,-0.0382737518135452,-0.03549855031361,-0.000294770521247639,0.000171151520144844,0.000527559629785565,0.000418727999896501,-0.000145107276039668,-0.000525017716368269,0.000259712362484637,0.000693612693579269,0.00121845492904204,-0.00015963681333867,0.000567773575212443,-0.000117453180365144,0.000650878003215735,0.000579289458846446,-0.00033074909378728,0.000245926111084527,0.000260993413918155,0.000336552611913682,0.00072732203343452,-4.45008269362226e-05,0.000278185652884343,0.0010211200726583,-0.000285723912104923,7.54114852015562e-05,0.000141444180727962,0.000135842119945661,0.000711025370460161,-0.000381166043891141,-9.59402604997381e-05,0.000632330030389016,0.000683848926716338,0.00024137661364537,0.000609184482417162,-0.000563820858445724,6.64413476160144e-05,0.000338574847275432,-1.79586285049414e-05,-0.000869563030197862,-0.00117674946908654,0.000244092979640565,6.81473114218143e-05,5.29800848496618e-05,-6.43838329279554e-05,0.000376289724580153,-0.000284016239482787,-0.000430158736426322,0.000275151297355362,0.000379262555674468,3.58372867270292e-05,-1.07734630287868e-05,0.000403322961956152,0.000432702474835359,-0.000748274615116531,-0.000755365217764252,-0.00132080854405855,0.000205232808740983,0.000877043058243953,0.000465074476200238,0.000575379946679804,-0.000157626467734309,0.000701068254914606,1.06924140234686e-05,-0.000730083478199167,0.000358850299675401,-0.000611532659024046,-0.000355806729621779,0.000359373821862022
-0.0874979796571679,-0.119729249035573,0.117626219854294,0.105114740560146,0.116165007390114,0.103457463438404,-0.0649509082234489,-0.0628003390946159,0.140512191429804,-0.0103690529551249,-0.0599545870073247,-0.0187440426175414,-0.0531851047391025,-0.0503662442604272,-0.0441319028051984,0.1370211211176,0.14075867127978,0.120400490959739,0.145897874542083,0.0129699229346276,0.129859304585345,0.119508039926356,0.130303704493188,0.138297919811782,0.138771645820255,0.122151486120342,0.141361784589873,0.0920614997806744,0.120474293910103,0.120591590100442,0.123067033369094,0.118804508640814,0.110147079264117,-0.000130119887594362,0.000753590814253038,-0.00169929623426355,-0.00116763056123876,-0.00130754380440796,-0.000170800690638312,-0.000924287599467329,0.000361623480815372,-0.00114822588639059,-0.000280342846104891,6.05843838309089e-05,-0.000824043602026931,0.000580199263682816,-0.00248832074523075,0.000924030576455827,0.00180179689249477,-0.000800540984208401,0.00137507736590034,0.000289265378032571,0.000455147037381655,-0.000395797035074229,-0.00108475587633479,0.000949128525978316,6.7193617824554e-05,-0.000399843969485771,-0.000129731902605141,-0.000153920665726422,0.00358499640204553,0.00062328339084066,-0.000214075760096209,-5.89276281410621e-05,0.00113807056210073,-5.93040313783889e-05,0.00165864889255431,0.00124909379206893,-0.00115125674680957,0.00147911640148206,0.00274152021914282,0.00226805616496046,-0.000755703533875954,-0.000325796753143493,-0.00108025206130163,-0.000594517646203498,-0.00181702001443086,0.000893120269503023,0.00141794653630442,0.000972752379919229,-0.00106049194720819,-0.000168821557238059,-0.000416642954130023,0.000467585733556989,-0.00131036912559306,0.00261683227100869,0.00237523671556082,0.00438889591461416,0.00140937624294475,-0.000768288007080115,-0.000813569067482402,0.000268669103456938,0.000569586284585719,-0.000963581155613033,0.00164749240642561,0.00236617095241631,-4.51651602565661e-05,0.00179994765715776,0.00245818662891773,0.000124891622942296
-0.0898771327607898,-0.122993947243643,0.120848490432766,0.107980263532299,0.119320151720202,0.106295096385664,-0.0667142848250423,-0.0645108829644465,0.144333458760324,-0.0106398565388161,-0.0615768359876927,-0.019265996297754,-0.0546514765941368,-0.0517310822941463,-0.0453595677023694,0.14075867127978,0.144607954777311,0.123676972391194,0.14987927049121,0.0133168998445845,0.133403423010243,0.122764998423283,0.133862526703102,0.142075503995876,0.142559687443623,0.125462471615661,0.145231941855599,0.0945733600587999,0.123748189927777,0.123888053615429,0.126413772798507,0.122048879989267,0.11316070715537,4.31897553687398e-06,0.000604522506166501,-0.00173755312061063,-0.00121696294110495,-0.00111113549132368,6.22653971551454e-05,-0.000933932173699144,3.94743014365074e-05,-0.00152735856823937,-0.000185556025930019,-0.000178462489825392,-0.000689605198847464,0.000252673952378081,-0.00246514635735586,0.00096281647356193,0.00151230597462343,-0.000823670299427155,0.00109313254235389,-3.91216750063278e-05,0.000425719186231531,-0.000468360504483413,-0.00138965793423952,0.000966832400400083,2.92491844077769e-05,-0.000415940118136292,-0.000171820270003799,-0.000429214663125797,0.00336576877802068,0.000597329453815732,-0.000450816564688768,-0.000333031764781032,0.000919954807350386,-0.000302767524495592,0.00171602434783945,0.00109104804805776,-0.00116945314822437,0.00133157224341285,0.00281079745304861,0.00251281858100631,-0.000776601930206463,-0.000319606975595776,-0.000988833604349439,-0.000505867448094459,-0.00178094998356521,0.000915989871802073,0.0014457487800157,0.000758107468369099,-0.00110486979791969,-0.000165829171401802,-0.000368593379582833,0.000253314619102561,-0.00135048025848954,0.00264945773178366,0.00243607001389695,0.00447059021339586,0.00117766079927328,-0.00104728305974337,-0.000918976607696738,4.7125181265286e-06,0.000574538016576168,-0.00115000032436039,0.00147057198144408,0.00241759196618479,-0.000187509916521916,0.00186207989587406,0.00234657371854591,-3.54773596726952e-05
-0.0768904371607395,-0.105207046964632,0.103347351384296,0.0923656944222886,0.102084858314714,0.0908958079556505,-0.0570789155560019,-0.0551846196783133,0.123477159209277,-0.00912076709950456,-0.052692460189493,-0.0164619924775246,-0.0467214532476385,-0.0442639271057369,-0.0387599142627411,0.120400490959739,0.123676972391194,0.10580200708601,0.12819914725328,0.0114020342404138,0.114105887135307,0.105014013792458,0.114494348195315,0.121518313971528,0.121936517962362,0.107351048087987,0.124203445331696,0.0808939242124724,0.105870479236659,0.105958294619601,0.108147049827941,0.104390620489982,0.0967790772655896,-0.000223005736533457,0.000795763958819831,-0.0014995471246772,-0.00101222914697238,-0.00133170384225641,-0.000337297421991809,-0.000824431461184032,0.00057922792354502,-0.000735034880950736,-0.000327006659717589,0.000242792743378521,-0.000847662831758637,0.000780219699576966,-0.00225819134926376,0.000801250524936768,0.0018499264809794,-0.000702417424503129,0.00145985860406804,0.000519004972441178,0.000432890270050211,-0.000299143597070352,-0.000736358932527883,0.000840445895858116,9.03687209991646e-05,-0.000347256094349873,-8.36365783386143e-05,7.82447908806236e-05,0.0033997959027229,0.000581507745442865,-6.26739407264571e-06,0.000162818741770712,0.00119624231307339,0.000138349586633418,0.00144790074700537,0.00124887666228764,-0.00102201015147134,0.00144766853636472,0.00241330877513448,0.00184890581819347,-0.000663812478508906,-0.000298150903360922,-0.00104441765392021,-0.0006049883247689,-0.00166405435133093,0.000785960137579152,0.00125451457356175,0.00104469252243033,-0.000919686746678411,-0.000154326666968889,-0.000412894701078049,0.000589656355981335,-0.001147981774231,0.00232993120955934,0.00209023687756439,0.00388646752723762,0.00145117685089127,-0.000471882792424973,-0.00064934877103135,0.000449723870756071,0.000508831552384013,-0.00072058809604288,0.00162237213517458,0.00208948846819085,7.14434386259983e-05,0.00157134922114854,0.00230071286267955,0.000238720008683582
-0.093165113077954,-0.127485562385093,0.125248906199056,0.111924176779299,0.123688256437047,0.110162566666601,-0.0691572235838254,-0.0668683528786207,0.149613094626749,-0.0110386927852027,-0.0638363737485526,-0.0199602215459857,-0.0566333766445754,-0.0536275848708565,-0.0469951161091959,0.145897874542083,0.14987927049121,0.12819914725328,0.155349997994795,0.0138089726062238,0.138272424677954,0.127249723847539,0.138746066555724,0.14725830074811,0.147762285046637,0.130061257264097,0.150522230121146,0.0980257160017469,0.128276926295996,0.128405212462934,0.131038004676361,0.126501771242656,0.117284427071336,-0.0001143896402945,0.000772712360320215,-0.00180796580735549,-0.00124633513656163,-0.00135161832583663,-0.000140243285956243,-0.000981440848214482,0.000326919684805298,-0.00128350972007565,-0.000280569722636637,2.23659668201495e-05,-0.000849954379811463,0.000557670463935746,-0.0026335822596193,0.000986270663961601,0.0018592329927896,-0.000852629452074261,0.00140822812093102,0.000249127350489984,0.000477307051803333,-0.000432252915293566,-0.00120323419887075,0.00100918350539667,6.45821985604532e-05,-0.000426656013122175,-0.000144885968382993,-0.000211357486985552,0.00376174084038699,0.000656141161016235,-0.000268372208918096,-0.000110455782304456,0.00116817465305688,-0.000105489999229633,0.00176822671155768,0.00129637762871688,-0.00122352726284731,0.00154204211454499,0.00291816277918987,0.00244701226061322,-0.0008047107933993,-0.000344263402159148,-0.00112906961185781,-0.000614671952467695,-0.00191974028589729,0.000950718758843215,0.00150790241840413,0.00099354376344922,-0.00113189988030457,-0.000178428266633382,-0.000433231998435802,0.000458128545548194,-0.00139602463156761,0.00277957531880174,0.00252842092879309,0.0046665681895527,0.00145337970700293,-0.000863239763538801,-0.000880845158565386,0.00023857606265039,0.000604632977085575,-0.00105404323583879,0.00171537862179193,0.0025171631805439,-7.27981230644745e-05,0.00191883737656681,0.00258615543495743,0.000104307615436139
