0.0610569957924579,0.0777030514324247,-0.0760971492956764,-0.0656715221930596,-0.0736240912410278,-0.064554333345257,0.041970003621829,0.0407474594218552,-0.0887235267808717,0.00727323534854602,0.0370543725101127,0.0123121303479575,0.0335129173581812,0.0313916522992324,0.0296918209745006,-0.0876620446970563,-0.0887201811041725,-0.076777227545893,-0.0924185995881598,-0.0081895938016147,-0.0814855779110882,-0.076780744903974,-0.0827458503691139,-0.0865939376309105,-0.0882412179410263,-0.0748831178798093,-0.0914851932543919,-0.0582882241068665,-0.0786838011432161,-0.0759547755035698,-0.0785254519238208,-0.0760095183861072,-0.0699180396221033,0.000622346330562803,-0.00181964018036201,0.00102720180863214,1.06656576761783e-05,0.00171460362619638,0.000630006216261612,0.000977651409206462,-0.000634004736658232,0.00199412684075157,2.94441407571553e-06,-0.000181067442525501,0.000527617455664188,-0.000262797404883024,0.00191462538325004,-0.000850132955237937,-0.00239746102698289,-0.000488925904261256,0.00145361748992503,0.00112916918064597,-0.000644393234890871,-2.86758393279211e-05,0.000427283833424841,-0.00161277268925576,-0.000259168175886436,-0.00161382593534745,-0.00105467708205282,-0.00213925728612797,-0.00362407520390026,0.000235335622056043,-0.000509849025819538,0.000130762376753727,-0.00126527644331569,-0.000489465822507999,-0.000619815824066471,-0.00119532508682189,0.000870586769507156,-0.00164059658531993,-0.00229543346291111,-0.00245914232853439,0.000966441104674727,-2.76410276672199e-05,-0.000630160005695107,0.00102986238721016,-0.000662226666638766,-0.00124677632826799,-0.000884963862712099,-0.00226438272517036,0.000957075303496216,0.00105764900038897,6.61487987648761e-06,-0.00102981677843798,-0.000818189050047986,-0.00352921862863088,-0.00100600062363173,-0.00511605063915906,-0.00295534433239895,0.000252980883814395,-0.00225298305631709,-0.00276503856353863,-0.000701134535944546,-0.001177999130289,-0.00197075261520934,-0.000753095550229798,-0.00169691122875422,-0.00290158965435626,-0.00247221706379995,-0.00163190197004833
0.0777030514324247,0.10685824094213,-0.102935762064096,-0.092147120389779,-0.101691899790457,-0.0892928768962135,0.0575923569527252,0.0560360033941333,-0.122959239561142,0.00999655904571932,0.0534473565613371,0.0169878791459806,0.0471909517106407,0.0445179715271823,0.0396681664273601,-0.119242852382449,-0.122648140396204,-0.10452827943963,-0.127382539601746,-0.0115695432245573,-0.113262955413706,-0.105336060625335,-0.112713065373226,-0.121629306029051,-0.119547768317265,-0.106238004038188,-0.125028151123957,-0.080918795498241,-0.105801078283231,-0.106496040405599,-0.107067320981114,-0.103026263182145,-0.0959903583635837,0.000271173001972129,-0.000548106954868508,0.000654718697719105,0.000739609000517176,0.00141710920383655,-0.000284805326869625,9.97244384884431e-05,0.00013600255748345,0.0016061300246492,-0.000830142948339092,0.000255920166604743,-2.29055878433362e-05,-3.34699360009094e-06,0.00208528246177332,-0.0011998836878616,-0.00260559743715251,0.000467873690547902,-0.00143595048584108,-0.00033324843702086,-0.000391978193954363,0.000152694766737895,0.00130716492070299,-0.00148554628831266,0.000380726728192889,0.000235405691918671,-1.4348018703418e-05,-0.000169662784532623,-0.00478974765317226,-0.000459007216739144,-7.16217777044633e-05,0.000460708898716819,-0.00107117759588822,-0.00038473213475069,-0.00152153605879181,-0.00200200669533962,0.00126582469486278,-0.00155647784004971,-0.00269017001841872,-0.00260632033011829,0.001204977280717,6.649015319225e-05,0.0010399963657218,0.00102888474033523,0.00185052582001633,-0.000748395124348127,-0.00139140572158969,-0.00135778066906963,0.000800576319286756,0.000343282943928327,0.000398927517002209,8.20637854940042e-05,0.000829733775657457,-0.0034172926006072,-0.00379356810458312,-0.00492050125642884,-0.0019421822926398,0.00176116680620487,-0.000903891275584187,-0.00026116318475043,0.00031748902919778,-0.000662576802797858,-0.00224302533216716,-0.00172313188076302,-0.000263895655228097,-0.0018083787930456,-0.00264698283351138,-0.000981496707141917
-0.0760971492956764,-0.102935762064096,0.103412997080898,0.0898863604116732,0.100959927646641,0.0889714110177905,-0.0569449401649056,-0.0543707402340066,0.118603340846892,-0.00961121362630645,-0.0496848030333233,-0.0157194058774129,-0.0461687497609889,-0.0416636758483661,-0.0392300135202501,0.118673353838611,0.11989146566971,0.103458629323721,0.124872384631471,0.00942087258680877,0.111973759946156,0.104326871552765,0.111326615431405,0.11783739821829,0.119054201428067,0.10584844886605,0.121609596678782,0.0785325882950566,0.103198810264115,0.103643654674122,0.104241927094745,0.102218373610103,0.0945787102484832,0.000539219779948884,0.000844977189730458,-0.00247902335428983,-0.00190583288464148,-0.000645489819042877,0.00151167238932654,-0.00059792882870622,0.000539648646594874,-0.00169452271667618,-1.69946837811158e-05,0.000899857352830032,-0.000918123536461547,0.000166245736135028,-0.00218625872261065,0.000411173679484776,0.000267960015579378,0.000271416708546576,0.00110856533958753,0.000245967909596161,7.39555098389683e-05,0.000444658474872888,-0.00092369271846936,0.000924520901999895,0.000674106056167678,-0.000636508135846374,-0.000916576611066175,-0.000119451477553331,0.00205664715917945,0.000393753777458192,-0.00128452792044113,-0.000343127749722991,0.00019477962550359,-0.00032402223321571,0.00164137858066956,0.000721693696421801,-0.000606089555724829,0.00169086900483905,0.00190359582113842,0.000834084802757921,-0.000768776788598407,0.000161054314293405,-0.000666530616652525,-0.00092653876301174,-0.000572509700246009,0.000955713256582803,0.00203310131851,0.001708896841878,-0.00151722225714991,-0.000442742590554637,-0.00101328126395201,0.000467776846895245,-6.92429792011205e-05,0.00221347707140183,0.00235526639728491,0.00415292707073197,0.00123973549413159,-0.000814790350590051,0.00101603976045173,0.00205214265713632,0.00147894660482946,-0.000417671407213433,0.000819657128423724,0.00208848857917681,0.000772961100895278,0.00230784231474845,0.00228229186667529,0.00165105031238049
-0.0656715221930596,-0.092147120389779,0.0898863604116732,0.083549892591627,0.0887984855896268,0.0795635881795152,-0.0502517081354348,-0.0480967612525498,0.108149167290393,-0.00844961221571358,-0.0467676954406965,-0.0143730022527553,-0.0415043476221677,-0.0391694818431823,-0.03377063983321,0.106153300695617,0.10894456495551,0.0913359770789909,0.112791847598071,0.00941086465136788,0.0999797662417514,0.092648655146148,0.0996344537599625,0.106126339801528,0.105361087190349,0.0944441395866649,0.108374556953426,0.0704767344667691,0.0915879048950313,0.0923363041070581,0.0942567703997664,0.0905070475971022,0.0841191192022904,0.00101107843817158,0.000716746156855983,-0.000560749330824047,-0.000167690408602066,9.61980188054183e-05,0.000283856231953402,-0.000998062056312626,1.72678883221447e-05,-0.000386108971111171,0.000692321685337011,0.00017573548455972,-0.000296577620371321,0.00264255787211769,-0.00203499127064989,0.00037626705500023,0.00205942161796174,-0.00137605900288301,0.00187708804300125,0.000548670681596701,0.000182955270018171,-0.0015094534667863,-0.00178481094412858,-0.000138112437197952,-0.00115308253782273,0.000127914043882629,-0.000373184938585773,-0.000371381687620583,0.00274226347222482,0.00033544134144064,-0.000537128511496331,-0.001410838107929,0.00169097525577034,0.00036985682680989,0.00248866050792742,0.00212780236349407,-0.000809902896921606,0.00187797388918015,0.00296862958621278,0.000445715502517082,-0.000812140164960246,-0.000922550290361465,-0.00142182609682926,-0.0011369307028392,-0.00189958430700143,0.00198520567778649,0.00113661047695818,0.00194380597462242,-0.00113548416127711,0.000515231417950584,-0.00247946979533644,0.000426766898511175,-0.00227665088982998,0.00131635716828329,0.00176031640061184,0.00323322859685188,0.000889123475090781,-0.000254667353436606,-0.00133896718131006,0.000369046608363629,-0.000419725511284296,-0.00132149446386238,0.00134129727015898,0.00328630674961055,-0.00139753284542867,0.00189462747723693,0.000115639140263773,-0.000184159045289482
-0.0736240912410278,-0.101691899790457,0.100959927646641,0.0887984855896268,0.100377458094974,0.0886143044379513,-0.0558508091638321,-0.0543145663529614,0.118593244599585,-0.00953144545575322,-0.0507215188837947,-0.0160220740174386,-0.0464475795022327,-0.0430491303135611,-0.0389948830259606,0.11523435386772,0.119033485612082,0.10217753894676,0.123808506352345,0.00996207285571016,0.110654874221142,0.102245843438571,0.110069926126336,0.117092307823786,0.117414025941372,0.105024228806049,0.119639706139603,0.0775965835591301,0.100798938239462,0.10246868502283,0.103447854896459,0.100751464335529,0.0932645852504147,-0.000651895341043054,0.000466185838367518,-0.0030269714150752,-0.00157080046766427,-0.00193181751996261,-0.000146329830820984,-0.0012674797333272,0.000392960373422839,0.000300762444203105,-0.000738336199088146,0.000514831044658162,-0.000986182368503714,0.000743347159349719,-0.00253974921110878,0.000778245374222597,0.000869607493082118,0.000166222105243407,0.00239547281741276,0.00169472353952982,-2.61904717793961e-05,0.000277788949726845,-0.000192391860724782,0.0014335130116361,0.00215112703983392,-0.000507705638486536,0.000241153644523763,0.000351883536839616,0.00260663129348209,0.00181230963998822,-0.000281500365802552,0.000650703677346599,0.00075920994203578,9.84010930990982e-05,0.00105160506961832,0.000684451563343251,-0.000671381577732825,0.00142475451951912,0.00211106476765606,0.000890521820849748,-0.000922615809130033,-0.000351873734309193,-0.00138723487974645,-0.000540807037016233,-0.00138992268101941,0.000458767917316807,0.00192491491885113,0.00104620858305276,-0.00135434511054272,-0.000482614940555772,0.000313489612871008,0.000314453203205462,5.92213672284723e-05,0.00219593542496503,0.0023620879125465,0.00384968603985074,0.00103076332347298,-0.000502054757733904,0.000637256208266116,0.00179440005192704,0.00107950442123338,-0.000686720598390113,0.00115628562020093,0.00219822610289642,0.000652633775750673,0.00129815801575212,0.0029061364687748,0.0009215205437312
-0.064554333345257,-0.0892928768962135,0.0889714110177905,0.0795635881795152,0.0886143044379513,0.0810740370865261,-0.0491519686160428,-0.0477250734306877,0.105877584967434,-0.00756596723573935,-0.0448859706998355,-0.0151970077994885,-0.0414154351208794,-0.0377414714010663,-0.0344025605459998,0.103820702102953,0.106176501802352,0.0893736305651522,0.110537000425578,0.00901873219590238,0.0976449095458985,0.0904358339090945,0.0992116075271784,0.103596218719991,0.105177268076434,0.0929388457168853,0.106732556627367,0.0693108481864346,0.0894211764364328,0.09056561746321,0.0932268782471412,0.0897218555768843,0.0833494073593518,6.83539327534247e-05,-0.000901885834837443,-0.00238250203195823,-0.00208232470032115,-0.000155776513555109,-0.000701903537496949,-0.0017895574160775,0.000108350062980074,-0.000529923174287207,-0.00150041597674833,-0.000487377183542232,-0.000672541555316695,-0.000360928542314795,-0.00167719900197277,0.00102093515359903,-1.3291924702292e-06,0.000417790377979668,0.000796774405137963,-0.000922208832777677,0.000456682456189879,0.000360281898189438,-0.00127542915259032,0.00146901109535299,0.00228349302696032,-2.04291310068863e-05,8.35877258918161e-05,-0.00104389263314037,0.00101222295562453,0.0011668763160694,-0.000111503490945417,0.000241312834760651,0.00105907398531102,-7.07427988811465e-05,0.00162123456163795,0.000977216347446984,-0.00160536597080238,0.00191452282341404,0.00237227718343184,0.000522514013684284,-0.00093386183052943,-0.00100237680100941,-0.00140151192908927,-0.000686231977652562,-0.000957843530726462,0.000697179996013996,0.00112670705397723,0.00147235487173328,-0.00134334686433352,0.000370392609492646,-0.000293301859099015,0.00167037051636001,-0.00184769176241943,0.00109315863969342,0.000596103279084791,0.00284302133542305,0.000542228684732587,0.000867951514139579,-0.000775627012324396,0.002207871524074,0.00157080886571097,-0.0020780115015215,0.000804509557442465,0.00229484156583803,-0.00111853470485156,-0.00040791289636515,0.00157851968920217,-0.00139516590482284
0.041970003621829,0.0575923569527252,-0.0569449401649056,-0.0502517081354348,-0.0558508091638321,-0.0491519686160428,0.0322117355906949,0.0308660137424101,-0.0656152416300393,0.00568064398987927,0.0281932882883688,0.00911352812210137,0.0259444579289282,0.0235007447552261,0.0219464953174987,-0.0654357456471258,-0.0666117381088788,-0.0565233585721382,-0.0691117644276838,-0.00521035099165371,-0.0618224143792443,-0.0581629829423396,-0.0610792931512405,-0.0653570455960113,-0.0647543686952769,-0.0588550917547566,-0.0677869082338266,-0.0435615025948012,-0.0568107299960528,-0.0577427399628215,-0.0570700144716549,-0.05596234446843,-0.0520372005434476,-0.00026616332459096,-0.000574115219200848,0.00116741532258598,0.000232870764329399,0.000564228810779191,-0.000658605992550419,0.000118534338185667,-0.000253649478483487,0.000611016733092884,-0.000448643741491455,-0.000863269488577507,0.000241087382579572,-0.000904079252237136,0.00119649372121976,-0.00021744054249343,-0.00088643586275036,-0.000146703820375373,-0.00129748237944678,-0.000533118819665904,-0.000367201234551803,-0.000739408587981361,0.000317974938882891,-0.00134282953644657,-0.000440473486149059,-0.000355238302143036,-0.000188143541991258,-0.000191625822416027,-0.00164699793619037,-0.0012607748671152,-0.00043397180413795,-0.000259287574153778,-0.0011969917072575,-0.00103962484099642,-0.000139676499120271,-0.000119786689908884,0.00102218025494309,-0.000377672303321483,-0.000487929165934917,-0.00114796546441924,0.000185195995970372,-0.000775073164590207,0.00049082157155932,0.00052576221095156,0.000315640851815216,0.000592565190291709,-0.000384632325200597,0.00021422781250779,0.00107267896728532,0.00124829528787063,0.000519967851604001,0.00120138399408509,0.000521009129286882,-0.00111351112574027,-0.000670669430127704,-0.0023117804937584,0.000722623808815987,0.00234696513447936,-0.000605690107966616,0.000300829298188335,0.000789533309163269,0.000702823899676021,0.000727711297057558,-0.000783995946502862,0.000906574977445831,-0.000260325956830995,-8.13288379206926e-05,-3.93887469948371e-05
0.0407474594218552,0.0560360033941333,-0.0543707402340066,-0.0480967612525498,-0.0543145663529614,-0.0477250734306877,0.0308660137424101,0.030763969301625,-0.0641232534321189,0.00577737467253713,0.0280183169390477,0.00913250695739547,0.025428799583091,0.0240332361444683,0.0217398157629367,-0.0618170805009828,-0.064792643159764,-0.0545755162551044,-0.0670942816825242,-0.00580603325407456,-0.0593734257189866,-0.0552040453288835,-0.0591459417044937,-0.0635572674650095,-0.0621046548972288,-0.0571167536903768,-0.0658405128857958,-0.042019081023493,-0.0545793247637142,-0.0552814855635785,-0.055410727134759,-0.0540970438963205,-0.0503577049036176,0.000859638207210043,-0.000258979648913804,0.00104615271926288,-0.000234956335441783,0.00166117679344055,0.000420977840319839,0.000270957855111199,0.000296316623642386,0.000285647973533809,0.000201744385484471,3.25941853826143e-05,0.000619271946273311,-3.31521770319667e-05,0.0016940699876333,-8.19463905860073e-05,-0.000647549133489016,-0.000177962979330234,-0.000424911763780207,-7.58463489190131e-05,0.000191070723908313,-0.000119442428563096,0.000827525021500914,-0.00190590933563353,-0.000457703022430133,-0.000498844473644797,-0.000224674302631842,0.000299199789718391,-0.000929039915549527,-0.00184042160082649,-0.0009397405667447,-6.33500087565544e-05,-0.00111852549114468,-0.000653799683126692,0.000141093312757728,-0.000417766700734887,0.00102924815700588,-0.000593879165395306,-0.00113550691553559,-0.00146322128440088,0.000441915939683264,-0.000332143504972557,0.000654282626605443,0.000613303983267561,0.000515367341753477,0.000637665240777368,-0.000627036101336236,0.000389639378300359,0.00125830447794967,0.00123878593751309,-0.000933135129903774,0.00120903614294797,-0.000304411639021102,-0.0016407148558132,-0.00100676058899403,-0.00268760119567911,3.59264191617213e-05,0.00149499009856701,-0.00141988879417509,-0.000230069833914023,0.00114791282632596,6.20743316439017e-05,-6.1791799835766e-05,-0.000717879367522128,0.000439135295880244,-3.67003258261519e-05,-0.00155075289790969,-1.15218485534711e-05
-0.0887235267808717,-0.122959239561142,0.118603340846892,0.108149167290393,0.118593244599585,0.105877584967434,-0.0656152416300393,-0.0641232534321189,0.146792710703703,-0.0102505586432797,-0.062863386463386,-0.0200448369745419,-0.0548040910337888,-0.0532770267164874,-0.0448602885586532,0.138657243559579,0.145486634197403,0.124197903727601,0.150304984401647,0.0142036479790999,0.13312577979655,0.121449152990506,0.133720160939492,0.142790866478367,0.142241504519264,0.123156901268532,0.144557313668015,0.0941565604298134,0.12290655079018,0.122994835376957,0.127011848502447,0.121136573888572,0.112452437818443,-0.000999112317798061,0.000940249942890426,-0.00140985904528972,-0.00107201133363538,-0.00149100527856448,-0.00176153935146855,-0.00168475359441277,-0.000545972722907347,-0.000343642008696839,-0.000382846569296573,-0.000639307075978735,-0.000155575099417518,0.000673760721916468,-0.00295474856001187,0.00167318658225337,0.00225518333276942,-0.00118987679917905,0.00172572308729929,0.000119731063315544,0.00128413189103547,-0.000737902532949025,-0.000442812196287918,0.000453230981104719,0.000278036626816823,0.000656485638427111,0.000975527085578256,0.000904258618583178,0.00506330782998344,0.000331365939120934,0.000373602816465422,-0.000320966044685158,0.00175872589773216,-1.31157863426148e-05,0.00127971351923852,0.00152531823705084,-0.000844577844746652,0.000620653784078122,0.00265184993429811,0.00309383212277321,-0.000620622492858365,-0.000699126829631621,-0.000888941004222634,-0.000264185802895858,-0.00240104035971875,0.00103975585474,0.000884909950433644,0.00125271056001956,0.00022789362195058,0.000941528930109712,0.000260220812271213,0.0019203841566959,-0.00177929556765453,0.00325861133940871,0.00229327929122827,0.00423043247596685,0.00246252737972756,-0.000116129453839634,-0.00209151845069546,0.000557620274556074,-3.21061447086815e-05,-0.00131721976079648,0.00289266023284034,0.00282503969882366,0.000538066416782628,0.00155692590304212,0.00276830364447765,-0.000761589791051101
0.00727323534854602,0.00999655904571932,-0.00961121362630645,-0.00844961221571358,-0.00953144545575322,-0.00756596723573935,0.00568064398987927,0.00577737467253713,-0.0102505586432797,0.00220871754273868,0.00531218639972623,0.00131067475197104,0.00501748525560876,0.00446301598402289,0.00485828985354728,-0.0103790647935937,-0.0100232541552145,-0.00861449778982684,-0.0111546474176642,-0.000328231253895741,-0.0100381982394268,-0.00996972256198275,-0.00901863969488166,-0.0103651607033005,-0.00911672594564909,-0.0108544258063911,-0.0112178808894358,-0.00668052794122795,-0.00857689210025684,-0.00923686587931243,-0.00923408924211328,-0.00880643792626392,-0.00795150518864216,0.000698827348863593,-0.000444391648449908,0.000510711815950757,-0.000310064798108639,0.00103028671015006,-1.54403521751531e-05,5.72116808307308e-05,-2.69808289751015e-05,-0.000416371816342471,-0.000240375574562876,-0.000189015572044696,0.000653881544046926,-0.0011395139260987,0.000809288475207704,0.000433031124422997,-0.000962406026953704,0.000253340430880807,-0.000489878532989546,-0.000911311338036676,0.000642757575826243,0.000417906461934228,0.00058307642972057,-0.000536169266667071,-0.000317091825643872,-0.00046967932643628,8.27127085687492e-05,-0.000669379073829889,0.000142379677146942,-0.00098531275017823,-0.000293322074048113,0.00031392070509222,-0.000690207468166984,5.69476232870281e-06,0.00024886675953015,-1.59524188608829e-05,0.000589852604735649,0.000560653038694751,0.000225194454710745,-0.000491083911358269,-0.000183164572496256,-0.000493702352379108,-0.000263877441283011,-0.000213443548772344,-0.000225269516587915,-6.4563740583331e-05,-0.000187523579735545,-0.000290636738196948,-0.000249926540212233,-0.000289763766213026,-0.000166248551500007,0.000601672528904373,-0.000628728663887353,-0.000754911682461779,-0.000565458330084051,-0.00136650477896932,4.24284938715605e-05,0.000525484295206119,-0.00162137618954205,-0.000695656889705217,6.8660000604433e-05,-0.00089504310681317,-0.000384278952976762,-0.000436516698073274,5.0075671861669e-05,-0.000740758469714799,-0.000345943311450666,-0.000881148497032448
0.0370543725101127,0.0534473565613371,-0.0496848030333233,-0.0467676954406965,-0.0507215188837947,-0.0448859706998355,0.0281932882883688,0.0280183169390477,-0.062863386463386,0.00531218639972623,0.0296852623708674,0.00909684162518382,0.0248906407995182,0.0243406079194262,0.0204329169531672,-0.0574636714553771,-0.0609683712926825,-0.0511591106001082,-0.0636394896766194,-0.0060764073754472,-0.056290484917594,-0.052430033238807,-0.0557205833889345,-0.0607446021166171,-0.0588623773740628,-0.0527884742081071,-0.0610417177677257,-0.0404465183629603,-0.0511803844366905,-0.0533752373309031,-0.0545177905410249,-0.050642736704384,-0.0469048156655924,0.000133032934050654,0.00110511679433086,-0.000537962796089756,0.00130096174870901,0.00025912217424216,-0.00015152655922712,-0.000186522640500105,0.00295161679475294,0.00079827015569261,-0.0013581510710596,0.00232334919646061,-0.00184710247984612,-0.000161022429898342,0.00030630730391728,-0.00175328536076746,-0.00125567137484194,0.000261562488760623,-0.000755309438792183,-0.000588009613301925,-0.000224396359333142,0.000813771221738021,0.00149908524297955,-0.000337625379624065,-0.000306755008420727,-0.000536162843056385,-0.000473404438403003,-0.000199882353011389,-0.00190361608446641,-0.000302412759610158,0.000101045471122337,0.000734204867375131,-0.000302270209485761,0.000426321739579817,-0.000498729117991234,-0.00133789273223391,0.000882615723388166,-0.000373339413245828,-0.00164999340935728,-0.00121409897607275,0.000958415823113668,0.000563100415224268,0.00114098760816623,0.000272251184735646,0.00211640570857933,-0.000707596400306182,-0.000360070301632624,-0.000438358323493263,-0.000293878134168536,-0.000592864622183793,-0.000263619505205809,-0.000707775435789456,0.00099066642741225,-0.00197775235153313,-0.00189289030603533,-0.00303103765920357,-0.000961255577144244,0.000133398653894321,-8.19829085829359e-05,-0.000592694148377859,-0.00011102042570497,-0.00025493070880585,-0.00165824798295286,-0.00164347061359064,0.000463625833435827,-0.000762348526991112,-0.000527176035940347,4.95604883404736e-05
0.0123121303479575,0.0169878791459806,-0.0157194058774129,-0.0143730022527553,-0.0160220740174386,-0.0151970077994885,0.00911352812210137,0.00913250695739547,-0.0200448369745419,0.00131067475197104,0.00909684162518382,0.00434185544987498,0.008368835178536,0.00757466846881057,0.00733597844528007,-0.0182579976122737,-0.0194262279940074,-0.0154552838989426,-0.0202794325373323,-0.00151311194664363,-0.017303881249404,-0.0167353172160942,-0.0177073811719353,-0.0187318000458383,-0.018434414432795,-0.015596871459721,-0.020710332277497,-0.0123302839416266,-0.015904749783294,-0.0168183452995716,-0.0165973345771911,-0.0153907694675991,-0.0142802181980994,-2.92753882938621e-05,0.000595041975711127,9.73248838938905e-05,0.000961210438278842,-0.000816136376352701,0.000763615017871182,0.000420863925045214,0.000322101114425444,0.000574385395712341,0.000435666861263562,0.000478236257078623,-0.000800705716211029,0.00136009049350607,0.000331816983022934,-0.00105213900805381,0.000244694657201609,-0.000669909860840474,0.000362848893807952,0.00190054099593884,-0.0010409156585514,-0.000922259772648214,0.000104040600764094,-0.000903718586500355,-0.000921910492830914,-0.000246680930394663,-9.17939599433421e-05,-0.000440319395122212,-0.00161711883620428,-0.000211911755417539,-6.61330997360695e-05,0.00046538088647981,-0.000439609736007006,-0.000346943559308487,-0.000230687873354492,-0.00105873099099532,0.000609923709032192,1.80109108079884e-05,-0.000423485780512587,-0.000476356273262486,0.000572514756489496,0.000429126435025648,0.000575900588280516,0.000614138897271383,0.000618109617912487,-3.3343981695748e-05,0.000274382427283734,-0.000957060445202033,-9.21192699246192e-05,-0.000222055668124908,8.51984398642076e-05,-0.00072242469444632,0.00123661222270056,-0.000722043393807928,0.000173098159561866,-0.000176965897605873,-0.000172688997384614,0.00108500120865753,-0.000200196885661929,-0.000701288488456835,9.46605918369863e-05,0.000504600025645815,-0.000753103902587497,-0.000127105960613502,0.000705926358629998,0.00101697034484875,-0.000397132338373021,0.00129711636845307
0.0335129173581812,0.0471909517106407,-0.0461687497609889,-0.0415043476221677,-0.0464475795022327,-0.0414154351208794,0.0259444579289282,0.025428799583091,-0.0548040910337888,0.00501748525560876,0.0248906407995182,0.008368835178536,0.022917755583827,0.0209160233448281,0.0195717634757393,-0.0524297097887908,-0.0541943003709477,-0.0455735972163207,-0.0571356894319613,-0.00392597069971956,-0.0505885942853814,-0.0477494033624906,-0.0498827969772854,-0.053265345269393,-0.0528973315266089,-0.0483187942861581,-0.0553811169461444,-0.0352386591208811,-0.0450892616459363,-0.0473154939201674,-0.0476735563002585,-0.0455740304380576,-0.0418290079047041,-9.02182150663521e-05,0.000801035983159166,0.00111274612510858,0.00182507310316006,-0.000102494549773944,-0.000129340839639614,0.000705167133357861,0.00101054318324623,0.000189620375785711,8.01351808413771e-05,0.000853413128272473,-0.000545941090253886,5.08453271428312e-05,0.00100214927963041,-0.00093352887419514,-4.72735097046816e-05,-0.000435032693371981,-0.000736545363299985,4.08858433093294e-05,3.26671235081464e-05,4.96003423571543e-05,0.00119770788833599,-0.000627092167010968,-0.00145962847260997,0.000224046962096,0.000494591291679063,-0.000399593100538675,-0.00111531892568891,-0.000627746799729905,0.00100259661735872,0.00089218259901659,-1.70483687381824e-05,0.000611523466577418,-0.000304732076991038,-0.000805023570488299,0.00100428981944329,-0.000154389592554627,-0.000799745928642944,-0.000354801228513258,0.000585914356416141,0.00035251538748209,0.000788441926500384,0.000315591857305683,0.000973331242600144,-0.000198802536054597,-0.000245166379117527,-0.00113464919324773,0.00025328322286943,9.89287859893624e-05,0.000129815130533943,-0.000192713344009934,0.000512349349201362,-0.00125470779804283,-0.000529838761461318,-0.00201105417829495,6.2711821096056e-05,0.000853471143214119,-0.000915003885228939,-0.00150988565420832,-0.000368296423044558,0.000556381514708896,-0.000885316123008972,-0.00105437983381767,0.000624775740118933,-9.50061066104348e-05,-0.000713723476903736,0.000254144715894446
0.0313916522992324,0.0445179715271823,-0.0416636758483661,-0.0391694818431823,-0.0430491303135611,-0.0377414714010663,0.0235007447552261,0.0240332361444683,-0.0532770267164874,0.00446301598402289,0.0243406079194262,0.00757466846881057,0.0209160233448281,0.0216237822354711,0.0172965972074815,-0.0472136522132515,-0.0525483313000461,-0.0440979904601258,-0.0542778710950964,-0.00520066243954355,-0.0474283027715532,-0.0431367023706353,-0.0470552524514356,-0.0508239979680405,-0.049711920287901,-0.0441725344716098,-0.0513554611556118,-0.0328716533662368,-0.0424906950135977,-0.0434084298947313,-0.0450849774867905,-0.0428252211496497,-0.0392075584920876,0.000913145866147772,-0.000167826338425474,0.000477553574005899,2.10065677270337e-05,0.00136505179750075,0.00150375791630387,0.0011072558540102,0.00121468776706144,-0.00110679569004246,0.000233280987361022,0.00111147227707628,-0.00031868425424728,-0.000945236211403195,0.00172352130933654,-0.000700145506876929,-0.000896355101951857,0.000411235648046716,-0.000644061821656409,-0.000753630551738566,0.000231873293899166,0.00143492491538845,0.000650702655103762,-0.000156274485873295,-0.000284108220900048,-0.000319811359258222,-0.00039976642746506,-0.000959433226824675,-0.00190989114405677,-0.000779512871904529,0.000192922392833405,0.000926893650685224,-0.000409600540788457,0.00038663187598539,0.000190981580055934,-0.00101217057089346,0.000120603153582368,-0.000208641370207392,-0.00159607248056196,-0.000842526815908295,0.00056984942509446,0.000884787379888385,0.00081637873166317,0.00030341836560573,0.00154127306082384,-0.00031079535183368,-9.41731377941169e-05,-0.000482651168541784,0.000360611779674047,0.000725310043964591,-0.000909769783164926,0.000242422678978829,-0.000338645569653468,-0.00163599318983155,-0.000387948601949659,-0.00193516363582261,-0.000798565784559891,0.000216147982198555,-0.000160354588694429,-0.000603279908237168,0.00129724762965529,0.000396480497649681,-0.00154962872547936,-0.00108729841743199,-0.000229443342636881,-0.000681386388743639,-0.00145282786137729,0.000282432612906285
0.0296918209745006,0.0396681664273601,-0.0392300135202501,-0.03377063983321,-0.0389948830259606,-0.0344025605459998,0.0219464953174987,0.0217398157629367,-0.0448602885586532,0.00485828985354728,0.0204329169531672,0.00733597844528007,0.0195717634757393,0.0172965972074815,0.0178454530717347,-0.0435383651093021,-0.0441612238703612,-0.0374991897092352,-0.0472312139068137,-0.00260716542733265,-0.041643466769672,-0.0401840739344984,-0.0410409334264013,-0.0433719928489868,-0.0434316176219329,-0.0400218196955312,-0.0467595526058773,-0.028723594437231,-0.0374001240812245,-0.0389347910179311,-0.0393623424287507,-0.0378009338094752,-0.0342727786167761,0.000318912582082844,0.000516633041840352,0.00126414489882337,0.00192282478328377,9.29465056240234e-05,-9.32065935427409e-05,0.000664807810167029,0.000967467562405822,0.000817657967154485,0.000318713430753467,0.00088634177863904,-0.000260703719544166,0.000778555806038135,0.00120874011166521,-0.000772670781332596,0.000300573709648152,-0.000961797055035674,0.000598215722088595,0.00107189760558934,0.000160644357550869,-0.000162485366650745,0.00136277804498042,-0.001074087747791,-0.0016954971158571,-0.000209997321155424,0.000736894483943478,-0.000947396934895584,-0.000556321222403059,-0.000573194444457254,0.00107413958824104,0.00128799861258563,0.00012486016746893,0.000899932951884603,-0.000161046483692796,-0.000926678157134488,0.000982798907219135,-5.10679789273375e-05,-0.000673351007153122,-0.000410124415593742,0.000687305490070909,0.000226968253061317,0.00024405173298431,0.000503507093335226,0.000179725291376414,-0.000570720163510032,-0.000475091316581881,-0.00194100462289197,0.000145305416839294,-0.000157653273897391,-0.000201410955251699,-0.000638337175025941,-0.000352554589449883,-0.00185259891867486,-0.000444290687468538,-0.00252364506861116,-0.000686339724170334,0.000615085879144373,-0.00262019621524887,-0.00306482571094552,-0.00104422428542698,-0.000478201967686521,-0.00141695889089618,-0.000797372870445238,-0.000152741709322979,-0.000708742978090008,-0.00148806295793165,-0.000551055941415405
-0.0876620446970563,-0.119242852382449,0.118673353838611,0.106153300695617,0.11523435386772,0.103820702102953,-0.0654357456471258,-0.0618170805009828,0.138657243559579,-0.0103790647935937,-0.0574636714553771,-0.0182579976122737,-0.0524297097887908,-0.0472136522132515,-0.0435383651093021,0.140920169379911,0.139708535029866,0.119039788667575,0.145575763354166,0.0120950773951832,0.1295313167575,0.120520212650611,0.130491732031696,0.137719800707905,0.138639740379022,0.122422428357757,0.142219741757569,0.0924971939244633,0.121481394012511,0.12048681707262,0.123314485822603,0.118965482712727,0.111044693981382,0.00107003652251624,0.00093822629544593,-0.00180783903983171,-0.00113757643552689,3.06463749362404e-05,0.00094884162303851,-0.00121573233271275,0.00237254500422514,-0.00207327101266155,-0.000137341932380467,0.00133627424511587,-0.00188893698646735,0.0013619507114593,-0.00214189544402995,5.82792759756112e-05,0.00267810486243534,-0.00112494435117761,0.00158546458234762,-0.000437492731067555,0.000439262555742513,-0.00012429697455617,-0.00198220891702163,0.00069115875002608,-0.00048356452762962,-0.000325721336991413,-0.000746010332021857,-0.000985074690456864,0.00320860208362727,-0.000481576677847956,-0.00042597659511675,-0.000330151904046049,0.00189902808714539,0.000212798426877743,0.00283087232909438,0.00113373660866983,-0.00229628183247718,0.00197660803377279,0.00219034787216357,0.00219965150938783,-0.000177879792866168,0.00029596764237728,-5.10296339855832e-05,-0.000494165380133336,-0.00018766073585869,0.00128017332977922,0.00114068154062439,0.00223943188477654,-0.000819549743906173,0.000839048729645583,-0.00274093931690294,0.00107389273447948,-0.00266329493157579,0.00179762067298894,0.00224505649632811,0.0045090291068633,0.00106283827494565,-0.000345275444704165,-0.00129101120554789,0.000516577119334893,0.00124843786422355,-0.00135037071758514,0.00107472865110265,0.00252188775239304,-0.00117135188138013,0.00171171868435102,0.000863214353642502,-4.512027604889e-05
-0.0887201811041725,-0.122648140396204,0.11989146566971,0.10894456495551,0.119033485612082,0.106176501802352,-0.0666117381088788,-0.064792643159764,0.145486634197403,-0.0100232541552145,-0.0609683712926825,-0.0194262279940074,-0.0541943003709477,-0.0525483313000461,-0.0441612238703612,0.139708535029866,0.147311392390229,0.12481400773715,0.150871648507566,0.0137174411240134,0.133754990440162,0.121799042693153,0.134205770935561,0.142656564986179,0.142415266509453,0.124574928896236,0.144954374898204,0.0937917235313046,0.12303797487148,0.122348895611227,0.124867674776657,0.121541394818658,0.11302606229176,0.000123928702068632,0.00151931478330173,-0.00121843943013129,0.000112696164169003,-0.000868737077275329,-0.000722428700546005,-0.00120953080723716,-0.000310983353832684,-0.000948258414477531,-0.000368944484079671,0.000363892413238514,-0.000717071297360361,0.000600150780740105,-0.00336958547135078,0.000428013950170369,0.000277403190885457,-0.00105664281815523,0.000850792197031493,-0.000968279268242411,0.000911307268802511,-0.000896805525547542,-0.000872162207190293,0.000471984225873306,-0.0017087675634709,0.000279216677186256,-0.00022868264004935,-0.000966511051219184,0.00309901141845861,0.000660640290851016,-4.39686461599855e-07,-0.00115595519867193,0.00149672998896358,0.000496386598031274,0.00173852380188612,0.00161332646899568,7.55258831696252e-05,0.00188890342471472,0.00334610682057709,0.00168248025819663,-0.000750820934468881,-0.000753320385338259,-0.00150464246648867,-0.00155252524072028,-0.00221832687261559,0.000928494423247116,0.00150131582332927,0.000544516924985082,-0.00203642316106993,-0.000829213657611583,-0.000559061164108537,0.000224967591111087,-0.00146481727254187,0.00215189497904973,0.00154663893470167,0.00325326055220961,0.0014498186391726,-0.000882047236963961,-0.00211332238232582,-0.00027043452252799,-0.00176681638070196,-0.00231153085022896,0.00103640333085037,0.00304358058929906,-0.00013245354455787,0.00153449164319336,0.00224176331541495,-0.000822351362638791
-0.076777227545893,-0.10452827943963,0.103458629323721,0.0913359770789909,0.10217753894676,0.0893736305651522,-0.0565233585721382,-0.0545755162551044,0.124197903727601,-0.00861449778982684,-0.0511591106001082,-0.0154552838989426,-0.0455735972163207,-0.0440979904601258,-0.0374991897092352,0.119039788667575,0.12481400773715,0.109023248282106,0.128321894127895,0.0114702742531924,0.115128258803353,0.10411606527697,0.114541410805232,0.122157944625337,0.123077063827892,0.106073760042003,0.122824455074576,0.0800130729326189,0.105892905828023,0.104722772830631,0.107145170384933,0.104726818203942,0.0968453682935254,-0.000662819983709093,0.00226405347616886,-0.00214354066753125,-0.000740148383185152,-0.00177670596581326,-9.55675382802889e-05,-0.000931590003689438,0.0001217466753837,-0.000574273823266049,-0.000259687283242101,0.000990840084177181,-0.00105771179119703,0.000585165802503053,-0.00300112985565447,0.000328675128683785,0.000306994506873133,-0.000940115157314833,0.00140493289423063,0.000933351013593134,0.000703319074747798,-0.000322025835666829,0.000649737395946326,-0.000397360151135654,-0.000669448526078723,-7.33391835937448e-05,1.6672970300196e-06,0.000740014070699694,0.00309135172271318,-0.000122767085569454,-0.000606047364010043,-8.53577885514551e-05,0.000344598011021264,-0.000488328441096076,0.000353374197067608,-0.000341933180184134,0.000689527963381644,4.8648481854189e-06,0.00111321316414687,0.00237823706514982,0.000255216065717175,0.000494979201636496,9.88913969069335e-05,3.91320377220376e-05,-0.00113064414970487,0.000181187469626986,0.00132046511280648,-8.40369092852374e-05,-0.00034452685866691,-0.000429434133840705,0.000573747920690757,0.000590538791855958,0.00048659840370585,0.00251394232347848,0.00179496057416873,0.00316096356463375,0.00179794061508677,-0.000682538436528618,-0.00157787492052614,-4.19401971039456e-06,-0.000187990513569571,-0.00118744641983146,0.00109354961818414,0.00187857246500514,0.00223323115054444,0.00262235393465431,0.00287867783276198,0.0010412654405366
-0.0924185995881598,-0.127382539601746,0.124872384631471,0.112791847598071,0.123808506352345,0.110537000425578,-0.0691117644276838,-0.0670942816825242,0.150304984401647,-0.0111546474176642,-0.0636394896766194,-0.0202794325373323,-0.0571356894319613,-0.0542778710950964,-0.0472312139068137,0.145575763354166,0.150871648507566,0.128321894127895,0.156188127585054,0.0136461356671283,0.138371717801517,0.127003587975692,0.138726899286406,0.147373830404204,0.147417088660108,0.129644972010854,0.15070343265451,0.0973383079266158,0.127454445915818,0.127379543316909,0.130715050625551,0.126230565410702,0.117089331437484,-7.18449876227649e-05,0.000884689694680546,-0.00193914640635336,-0.00111498772659079,-0.00100604476140781,-0.000657624572262668,-0.00181544114181563,0.000347325958839855,-0.000715855398029143,-0.000707494021617806,2.49852631478868e-05,-0.00107973073414667,0.000781227564362355,-0.00334171358442647,0.000599721797978997,0.00133331050787211,-0.000981298298276146,0.00130083606321785,-0.000347937390721515,0.000308032668252653,-0.00110052580526657,-0.00168600972253788,0.000441397787285063,-0.000356007815783298,-0.000281671759672656,-0.000613513322943722,-0.00030286297351716,0.00355294873629648,0.000194160386857072,-0.00085007823651408,-0.00126373653862939,0.00114934539641003,-0.000512853527362286,0.00160864821195217,0.00140156445429154,-0.00115817536386786,0.0013908350851734,0.00279144349374223,0.00225787592283884,-0.00051026263649896,-0.000552812449669682,-0.00081279227625914,-0.000720585768733317,-0.00165495844944414,0.00081750255085475,0.0010126453103783,0.00154833649105997,-0.00111538760184934,-0.000346561257421977,-0.000636231447078275,0.000547768958968244,-0.00132888682430046,0.00262900831988898,0.00169785976862084,0.00426706529129179,0.00140884906539918,-0.000617601009056814,-0.00123228663338485,0.000694507454028464,-0.000573217431777755,-0.00186918999285073,0.00187305741223556,0.00263102251853424,-0.000178948007284899,0.00156300556645557,0.00245856597206675,-0.000544577835457089
