0.0824254075606555,0.0770175253631628,-0.0767887414232724,-0.0695108760634248,-0.0761181039085783,-0.0683458981227679,0.0421188745437367,0.0399134166555518,-0.0920679839632735,0.00579512686493483,0,0.0115833344325951,0.0341819484395769,0,0.0270624776602361,-0.0887423528729374,-0.0911061876893466,-0.0777653389218296,0,-0.00888259801298269,0,0,-0.0841276764453095,-0.0900496452613463,-0.0901026101387017,0,0,0,-0.0771884175477713,0,-0.0797755758714011,-0.0762736625081195,0,-0.000148618774828732,-6.89868544571584e-05,0,0,0.000928103895361409,0.000575514130927836,0,-0.000132922042011708,-0.00141706720282838,-1.28833987670688e-05,0.00017036704764841,0.00180466636441702,-0.000356568654288935,0.0012415807116591,-0.000866309292320845,-0.00129978741415959,0,-0.00246990910500783,-0.00151117176941369,-0.000186381103905212,-0.000215791226935822,-0.000167070633840482,0,0,0,0,0.00156931164217798,-0.00148480355003075,0,0.000206650713466493,0.000501199020461532,-0.000485073101836314,0.000264660660636688,-0.00158801109908112,0,0.000150996780980991,0,-0.00195867858283499,0,7.1219086399957e-05,-0.000132634618465566,0,0,0,-0.000434052330390048,0.000326171614044514,0,0.00116328309104019,-0.000361677089072395,0,0,0,0,-0.00202658439263406,0,0,0,0,0,-0.000990336750766123,0,0,-0.00266629014697824,0,-5.66612310758632e-05,0,0
0.0770175253631628,0.135335431474553,-0.104558749696806,-0.094191199367249,-0.104865244541868,-0.094130400340766,0.0565147877487784,0.0536244127803406,-0.124251460114751,0.00820844448883478,0,0.0156929135362708,0.0449493125999187,0,0.0375046168087445,-0.121478811663079,-0.123506501235456,-0.107248687425629,0,-0.011429585542115,0,0,-0.116282394509272,-0.120904012981669,-0.123673672773138,0,0,0,-0.106141680656762,0,-0.10943197363606,-0.105102008194707,0,7.84986441858748e-06,-0.000698988263574469,0,0,0.00166821556831644,0.000886880364470584,0,-0.000376437788576756,0.00199571315446519,0.00169968430493084,-0.00074688870871901,0.00123145272990788,-0.000853224332149913,0.00285889783756459,-0.000432323825956418,-0.00102433172829425,0,-0.00112413054462144,-0.000178861923666548,-0.000485704992995241,0.000716005889745217,0.00107815028782298,0,0,0,0,0.000335891491157423,-0.00233078667672462,0,0.000995963976873341,-0.000833342060823923,-0.00146156882432078,-0.000198555245491704,-0.00135881429081199,0,0.000706508419905846,0,-0.00185710983821028,0,0.000551269655046016,0.00122704395558369,0,0,0,-0.000401735593102471,-0.00115242787404599,0,0.00110356403949784,-0.000143604076853291,0,0,0,0,-0.00121327852175425,0,0,0,0,0,-0.000912857315421918,0,0,-0.00223068367411088,0,-0.00228670055330731,0,0
-0.0767887414232724,-0.104558749696806,0.131023702660452,0.0930469961334697,0.101893876377983,0.0909072212637241,-0.0540824900603179,-0.0545285152934123,0.12402134521778,-0.00666635931948175,0,-0.0161046434685425,-0.0451245031371675,0,-0.0366431609432769,0.118402468421114,0.121936342379296,0.105050111372962,0,0.0119266800908388,0,0,0.114229479097948,0.119691913429898,0.120286485155979,0,0,0,0.105289681035184,0,0.107666327215913,0.102012333328491,0,-2.44794666993942e-05,-0.000194065385241735,0,0,-0.00123485439087962,-0.000928958248030647,0,-0.000474167942751373,-0.00148022367634027,0.000161644665894352,-0.00079450617167979,-0.000282906679733085,-0.000111295785383019,-0.000991523114519795,0.00130784518596993,0.00118256264985015,0,0.000334507745617331,-0.000473527285641939,-0.000718002437325508,-0.00118188529224321,-0.00181895238609409,0,0,0,0,-0.000350242922258163,0.00293566276523116,0,7.03744894630689e-05,-8.69120178632515e-05,0.0010844496252004,-0.000564468103251988,0.00187822381152642,0,-0.00151292741309124,0,0.00285328367543237,0,-0.0013332557296577,-0.000905304202784096,0,0,0,0.000745751177674668,0.00116783522117912,0,-0.000175684104290128,0.00109987827316027,0,0,0,0,0.00227966542986713,0,0,0,0,0,-0.000521780824853665,0,0,0.00197631520725151,0,0.00124726918358435,0,0
-0.0695108760634248,-0.094191199367249,0.0930469961334697,0.109361645901541,0.0916089131445802,0.0809809630638745,-0.0485632601082857,-0.0480241122398344,0.109316962081856,-0.00708931121559583,0,-0.0143775931616969,-0.0402244588226001,0,-0.0335677223229957,0.106361918560298,0.107935795964898,0.0941025749202342,0,0.0103669501221693,0,0,0.101704033859878,0.106931971137346,0.108779412666209,0,0,0,0.0934164619916409,0,0.095676064871643,0.092233291715703,0,-0.000948145716041392,6.72849091621409e-05,0,0,-0.00123711881406204,-0.00020812249345315,0,0.000120160225622416,-0.0010009248351162,-0.000732565880958777,-0.00015642116346633,-0.00128353109005561,-0.00118726691257026,-0.00246843484380289,0.00130757113230422,0.00191497838772394,0,0.000131846601521897,9.95657905923332e-05,-0.000880845723704859,0.00106120586087768,-7.33099243811331e-05,0,0,0,0,-0.000136276764998177,0.00318828604557331,0,0.000725557142318119,0.000809694952322614,0.00108619848124033,-0.000135448704405856,0.00137021517510235,0,0.000195706032625923,0,0.00203895755530619,0,-0.00139657767069575,-0.00100365406340783,0,0,0,0.000935128583351119,0.00191824046092834,0,-0.00116101022348374,0.000660771990667505,0,0,0,0,0.00245709326350528,0,0,0,0,0,0.00170219217895288,0,0,0.00150278658831305,0,0.00243582779187679,0,0
-0.0761181039085783,-0.104865244541868,0.101893876377983,0.0916089131445802,0.126899480286064,0.0902527851698593,-0.0550219373263339,-0.0525622696097144,0.12145673554568,-0.00756495025540435,0,-0.0144456160302807,-0.0440335387713933,0,-0.0360059734632681,0.117905760282684,0.12039486435012,0.103839206488311,0,0.0121616970655479,0,0,0.111458646371017,0.117233119397258,0.119553866811141,0,0,0,0.104544185836797,0,0.106086903966398,0.101846132521295,0,-0.000673186480121418,0.00109915513973329,0,0,-0.000838336899123173,-0.000566468350815981,0,0.000998026393676329,-0.00120998712843652,0.000206700809937366,0.000394013622387827,-0.00115180692015609,0.000746139914302566,-0.0033186068734212,0.0013238360467871,0.00213071603308095,0,0.00144035410091691,4.9019051787208e-06,-1.33075436053392e-05,-0.00030966941434649,-0.00111009109627246,0,0,0,0,0.000280608996954196,0.00437626521503223,0,0.00098008737845152,0.000923763111266886,0.00153946989498811,-7.07769922482435e-05,0.00135131759074445,0,-0.00230818782131396,0,0.0026460298887338,0,-0.000352864872402912,-0.000987510443050057,0,0,0,0.00126375620191076,0.000743633817678892,0,6.04334693996314e-05,-0.000563231373464926,0,0,0,0,0.00203069100384482,0,0,0,0,0,0.000255392021134182,0,0,0.00279763678667428,0,0.00156792233811034,0,0
-0.0683458981227679,-0.094130400340766,0.0909072212637241,0.0809809630638745,0.0902527851698593,0.106178697770629,-0.0494519510462168,-0.0472682025651716,0.108299416791163,-0.0074463580387355,0,-0.012901696387065,-0.0386144732528997,0,-0.03234972217525,0.1049134947039,0.106595532737841,0.0925355784620926,0,0.0115422232552811,0,0,0.099816465802109,0.105575469085845,0.105413646411366,0,0,0,0.0917500551834227,0,0.0939796623573708,0.0911354011528886,0,0.000543261957014984,0.00133580696063666,0,0,-0.00141684098797156,0.00103850626736047,0,-0.000476747093949623,-0.00190211823050634,0.000622414432357632,0.000291287271811462,-0.000128719418461694,-1.84644723584408e-05,-0.000578028616524564,0.000362415536380334,0.00117126723986917,0,-9.97640084842899e-05,-0.000581506165211698,5.09263829845796e-05,-0.00130423199975805,-0.000671331493430224,0,0,0,0,-2.49573706213244e-05,0.00314214476585429,0,-0.0008311067220883,-0.00120454286567314,0.000411333993731441,-0.000933400342721992,0.00179361948692284,0,-0.000480451521276908,0,0.00163813006393718,0,-0.000331961731827375,-0.000157013654772962,0,0,0,0.000768793222331195,0.00114878355466445,0,-0.000255511090094691,-0.000878226765082831,0,0,0,0,0.00246592527442716,0,0,0,0,0,0.000402327874584839,0,0,0.00161384916694188,0,0.00238257638796216,0,0
0.0421188745437367,0.0565147877487784,-0.0540824900603179,-0.0485632601082857,-0.0550219373263339,-0.0494519510462168,0.0607620838608575,0.0304397312654112,-0.0686348058902067,0.00473930676736908,0,0.00830743127938875,0.0249848890797832,0,0.0211205986678576,-0.0663755236519404,-0.0677710990884515,-0.0587835784057472,0,-0.00626533559367667,0,0,-0.0636368205289757,-0.0664069310404748,-0.067762275340938,0,0,0,-0.057864854196234,0,-0.0600946460231175,-0.0573008104266893,0,0.00100285916067481,-0.000182680022655801,0,0,0.000755210127446548,0.00033020249118071,0,-0.00141065069340038,0.000227596979662801,0.00101605063956514,-9.00797562170702e-05,-0.000298286643412982,-0.000537608653155555,0.000573530632802216,-1.93770998372219e-05,-0.00135412254685554,0,-0.00160879522460712,-0.000145125343414747,-0.000939381436112443,0.00141000693304166,0.000722994764914819,0,0,0,0,-0.000288125312956983,-0.00219278631592767,0,0.000714028265437294,6.36893532364392e-05,-0.000994427781569603,0.000622559787619211,0.00028137522628501,0,0.00139988847545311,0,-0.00129786819301915,0,-0.00140169591500952,-0.000522337539632486,0,0,0,0.000814418774927662,6.71650592514265e-05,0,0.00014162641646625,0.00151633960234769,0,0,0,0,-0.000895443505131347,0,0,0,0,0,8.65161203526921e-06,0,0,-0.00123754713457801,0,5.12084349236953e-05,0,0
0.0399134166555518,0.0536244127803406,-0.0545285152934123,-0.0480241122398344,-0.0525622696097144,-0.0472682025651716,0.0304397312654112,0.0587136943815669,-0.0658972727897614,0.00391377852970421,0,0.00938205385646739,0.0238517105751583,0,0.0202325687359729,-0.0648636659847979,-0.0648738033106307,-0.0566510993810048,0,-0.00663330200495263,0,0,-0.0605400317209349,-0.0636136898478572,-0.0660808042835613,0,0,0,-0.0569394953832373,0,-0.0589540874424819,-0.0549751828405355,0,-0.00012692061530034,0.000184732314313938,0,0,-0.000221460296588978,-0.000393337770280463,0,-0.000793044083367981,0.000245968589752254,7.97701045034837e-05,-0.000677586776723523,0.000248191730951545,-0.00121852578900809,0.000330129668164441,-0.000281606423518524,-0.00146403370961097,0,-0.00131627078808372,-0.000308470907487939,-0.000808060255793993,0.000124866667834546,-0.000448968916934644,0,0,0,0,0.000296067083841761,-0.00165806383923837,0,0.000939540177653067,0.000991833739651615,-0.000217126073331124,0.000388558778897003,-0.000249680855515105,0,0.000507267896366473,0,-0.000198940989283134,0,0.000105070281746271,-0.000578023370109626,0,0,0,8.91781165351849e-05,-0.00039505420741801,0,-0.000423193787945643,0.000738681863216223,0,0,0,0,-0.000293703744549853,0,0,0,0,0,0.000345305926915887,0,0,0.00038885269848609,0,-0.000651400757035922,0,0
-0.0920679839632735,-0.124251460114751,0.12402134521778,0.109316962081856,0.12145673554568,0.108299416791163,-0.0686348058902067,-0.0658972727897614,0.171397677750097,-0.00987279131560522,-0.0591211150615247,-0.017122063626577,-0.0526674383624998,-0.0492703170475533,-0.0444616775641489,0.142068559461664,0.143321706579385,0.124262044544111,0.151307411312155,0.0125656285787674,0.134719477723074,0.12476886123826,0.135287837131769,0.141155929059763,0.142734886101914,0.127035509140338,0.146692643875989,0.0967044454749591,0.124223521080885,0.124229632292834,0.127340875977312,0.121962931044837,0.114247968631114,-0.000496686085701405,0.000813985148575902,-0.00166350724400395,-0.00114152827077352,-0.002107634875198,-0.000175016609953865,-0.000934236071582064,0.0016171617200162,-0.000919582039625023,-0.000331356142398799,0.000803802834543417,-0.001553686533541,0.00168465623332385,-0.00152883862253784,0.000996536642550872,0.00144392937505473,-0.000832355736764578,0.00216437396067243,0.000738615669213096,-7.59630471443557e-05,-0.000112929451792121,-0.00100938792585009,0.00115092035584975,0.00102774463117359,0.000298578701009551,-0.00035232668132193,-5.20135475219634e-05,0.0045245128571972,0.000502103005586537,-0.000584744044083386,-0.000145252887095739,0.00145561803019263,-0.000509316714330644,0.00235028810603754,0.0024815772190522,-0.00196400692428257,0.00166350623763421,0.0034814079055201,0.00228163665373051,-0.000962452706336569,0.00116671978812074,-0.000690417659573403,-0.000976031076403629,-0.000852685279044734,0.000881859878286478,0.0015896226016148,0.000853010707870723,-0.00192506886893286,-0.00030643966732624,-0.00089866115120743,-0.000373449837322543,-0.00141289836843618,0.00262491859621676,0.00243018858184575,0.00479130883775683,0.00150842756054946,-0.00142797918390514,-0.000860341349962727,0.000389854507412838,0.000882884928206635,-0.00133996666396454,0.00129034156982804,0.00267495564161224,-0.000324197554312243,0.00147942265837339,0.00246707460099927,6.60471813155992e-05
0.00579512686493483,0.00820844448883478,-0.00666635931948175,-0.00708931121559583,-0.00756495025540435,-0.0074463580387355,0.00473930676736908,0.00391377852970421,-0.00987279131560522,0.0299452640534369,0.00555809897680116,0.0021601575952895,0.00396410495698123,0.00426843067764501,0.00343628917462034,-0.0103073821439135,-0.0116909638241446,-0.00924819135220269,-0.0114988858289525,-0.000988629432906878,-0.0108454243726395,-0.00951038361243889,-0.0111941797996523,-0.0111925208926692,-0.0121670671752054,-0.0103298019686755,-0.0124175450669565,-0.00718813767098019,-0.010333539551044,-0.00981704587887915,-0.00966785608142808,-0.0101772395489921,-0.0091961786369037,-0.000267771847556604,-0.000158939997840758,0.000355428266033948,-0.000783010455811064,0.00024247846279961,0.000132665475621084,0.000647531822319498,-0.00105052073188169,0.000179204303993285,-0.000227563379918819,-0.000661906760429532,-0.00049607115212399,-0.000530074008396578,0.000832861517203505,0.00043772890875962,2.78692943127785e-05,0.000152716183101264,-0.000358623149494968,-0.000137765494019194,-0.00078195143496773,-0.000291086400887045,-0.000736675594684478,0.000904561500217257,-0.0002604697159756,-0.000717560802329811,0.000283920111001152,-0.000738478123480839,-0.00129668073421739,0.000165946620403926,-0.000192591687549678,-0.000737152290872722,8.93209476104506e-05,-0.000572064282566108,-0.000107198080241917,0.000586725351968291,-0.000653334353210521,-5.72698438070809e-05,-0.000541948594285059,-0.000385268702027899,-3.6495802707146e-05,0.000552945400964867,0.000753633170365469,-0.000483511336422468,0.000811340094539581,0.000560001620040772,5.48335120482155e-05,-0.000291012657117863,0.000597748201026493,0.00015609773832491,-0.000587754247431287,-0.000569842304985995,-0.00015981829902491,0.000670560322849405,-0.000357878721768076,0.000697462203935701,0.000179693995771976,0.000606554156545132,-0.00053905406005209,-0.000704005647003367,-0.000443811360361452,-0.000864045532270985,0.000113370363291368,-0.000396766591108744,-5.76300305026603e-05,0.00127290250266431,-9.88790244302555e-05,0.000197419913150314
0,0,0,0,0,0,0,0,-0.0591211150615247,0.00555809897680116,0.0548049120758668,0,0.0232957666477316,0.0214610119428085,0,0,-0.0637537255599768,0,-0.0660328799482841,0,-0.0586093220050027,-0.0540388369959083,0,-0.061836789109362,0,-0.0551832397982855,-0.0634339466891446,-0.0408428750462901,0,-0.0534455394198816,0,-0.0526193561722592,-0.0495560108641899,0,0,0.0013518600138167,-0.000348469306610461,0,0,-0.000184971896187419,0,0,0.00164666378593641,0,0,0.000204644747166091,0,-0.000457648276901957,-0.000324056579987959,-0.000208589474174615,0,0,0,0.000915333669889751,0.000670863696429154,-0.000451412232517227,0.00111511575418035,0.00125779415597526,7.04724959835961e-05,-0.000448001235704515,0,8.04288839461331e-05,4.3072243020397e-05,0,0,0,0,0.000624684871694132,0.000244719739869117,-0.00125753210275268,0,-0.000164897769679172,0,-0.000723547763256924,0.000609298874744127,0.00173155592004257,-9.6693734252982e-05,-0.000429833666144164,0,-0.00138674184526921,0.000223011998258369,-0.000129318081402259,0.000630222207211071,-0.000535795530884903,0.000175093976350048,-8.25109914544793e-05,0,-0.000525164451192674,-0.00071888488255546,-0.000688002383105884,-6.13810799444603e-06,-0.000598358277468672,0,-6.87852468523059e-05,-0.00163450046683227,0,-0.00105033883905454,-0.000159044442425806,-0.00149868727354912,-0.000285361795525446
0.0115833344325951,0.0156929135362708,-0.0161046434685425,-0.0143775931616969,-0.0144456160302807,-0.012901696387065,0.00830743127938875,0.00938205385646739,-0.017122063626577,0.0021601575952895,0,0.0313948029131433,0.00707842667258544,0,0.00608132365636781,-0.0197104562095521,-0.0198839509242218,-0.0168111314321627,0,-0.00171555482725669,0,0,-0.0188384223205317,-0.0204101597589357,-0.0210271769133657,0,0,0,-0.0170843066231556,0,-0.016769010963259,-0.0183464755407331,0,-0.00039858804949033,0.000122374183631439,0,0,0.000212893935418258,-0.00109899074957536,0,0.00058031536682495,-0.000106134743192348,-0.000534534386455837,0.00150904535969622,0.000787851972030023,-0.000332148052867384,0.000931909204753015,0.00140367376440826,0.000184781316156129,0,-0.000406905441822352,-0.000938492223289561,0.00019717095903977,0.000268630943441007,0.00131139608008202,0,0,0,0,0.000600713143095319,0.000122506379007629,0,0.000231939102932959,0.000350806181667061,0.000957395868532925,0.000131310052109081,0.000786871252373629,0,-0.000519327511015136,0,0.000182044938448583,0,-0.000559669664049556,-0.000614840711124858,0,0,0,-0.000348262991855435,-7.53336326166695e-05,0,0.000557759370282841,-9.14091746752333e-05,0,0,0,0,-0.000331869660944923,0,0,0,0,0,0.000237614640754732,0,0,-0.000204463463868722,0,-0.0013347926023858,0,0
0.0341819484395769,0.0449493125999187,-0.0451245031371675,-0.0402244588226001,-0.0440335387713933,-0.0386144732528997,0.0249848890797832,0.0238517105751583,-0.0526674383624998,0.00396410495698123,0.0232957666477316,0.00707842667258544,0.0505222231822278,0.0196591099699904,0.0162835027217951,-0.0551572535781772,-0.0564449230209548,-0.0484894856266599,-0.0579178603415796,-0.00637850134967394,-0.0513365315465871,-0.0478508479719734,-0.0517660897075055,-0.0549519079492825,-0.0548345600266359,-0.0479764639067411,-0.0567142486552915,-0.0355768588666884,-0.0490446726277275,-0.0484590790912149,-0.047929879209966,-0.0465528602710655,-0.0449108749008969,-0.000588934763880548,-0.00125973889924436,3.59937068455919e-05,0.000499971983945192,-0.000260104474545563,-0.000397340962643376,2.09074080877158e-05,0.00029391976848799,0.000226031240422162,-0.000332781165057541,0.0006299275525974,4.58541648827204e-05,0.00151985199868149,0.00097452938814664,0.000678455842552665,-0.00135371520050322,0.00104672071096345,0.000985624105178286,-7.72103057212248e-05,-0.00105187577105502,-0.000354775089221986,0.00137662289729959,-0.000477932313335981,0.00071651484272452,0.000485230952282643,0.000902040982719926,0.00100882913661086,-0.000633590695847058,0.000428530069889129,-0.000430484920112626,-2.27606126351555e-05,0.000710624236732118,0.00059058261086511,0.000115005615720878,0.000116043776270736,-0.000164545380491288,0.000527725091333836,-0.00126412016830019,-0.00157809904270333,-0.000255961508343863,4.25221765901782e-05,0.000290056360369511,0.00118045438408098,0.00113779740532209,-0.000228022719153477,-0.000396078634761019,0.000309590747755999,0.000726949092974987,-0.000327379785846628,-6.75737886370427e-05,-0.00030418793607629,0.000602677417478428,-0.00141672888829502,-0.000420352769707306,-0.00262100500890857,-0.000170441387767444,0.000855951480146007,0.00106194510094249,-0.000586823583058292,-0.000140566431273677,0.000125935343651907,0.000624151158222232,-0.000206205448585535,0.000210993667158966,-0.000857396793326847,-0.00149647150650187,0.000332240331881914
0,0,0,0,0,0,0,0,-0.0492703170475533,0.00426843067764501,0.0214610119428085,0,0.0196591099699904,0.046823642536388,0,0,-0.0527986091094812,0,-0.0539704088835005,0,-0.0490276741465245,-0.044774244232453,0,-0.052255137067569,0,-0.0462006469207065,-0.0542449422685212,-0.0347515700295291,0,-0.0466043482723624,0,-0.0440398287287195,-0.0425998452645788,0,0,0.00222748123596405,0.000237485112316276,0,0,-5.54977291323177e-05,0,0,0.000434630391790459,0,0,-0.000406652952080452,0,-0.00111441932974756,-0.00104759467849289,0.000385475889636654,0,0,0,0.000127823878822561,0.000164212846672637,-0.000888508259804987,0.000202061131183568,0.000182383002732538,-0.000776424624139334,-0.000523031467350445,0,-0.000790681949527367,-5.34959318494319e-05,0,0,0,0,-0.0005051460692731,0.000390006259419985,-0.000640932305955372,0,-0.000437595940412543,0,0.000451663223342281,0.000247522516960489,-0.000630308689518809,0.000165481864409158,-0.00145321020878834,0,-0.000389812122503183,-0.00043198607866317,-0.000447476945918399,0.00151464728343875,-0.000952364546837843,0.00122968892353846,-0.00150362845258028,0,-0.00143819916012343,-0.000635342378240311,-0.000528625608491946,0.000263795040392874,0.000156496797160875,0,0.000416222213538158,-9.85805304324121e-05,0,0.00031026445975726,-0.000488211575169571,-0.000441350382298451,-0.000955657075540291
0.0270624776602361,0.0375046168087445,-0.0366431609432769,-0.0335677223229957,-0.0360059734632681,-0.03234972217525,0.0211205986678576,0.0202325687359729,-0.0444616775641489,0.00343628917462034,0,0.00608132365636781,0.0162835027217951,0,0.0422729952583006,-0.0457219207432334,-0.0474741548355691,-0.0407338341095603,0,-0.00548893122170637,0,0,-0.0433918225697593,-0.0467175330308975,-0.0462869566698264,0,0,0,-0.0404390029409741,0,-0.0417064095084739,-0.0389855258070345,0,-0.000847862128907656,-0.000320425872790444,0,0,-0.000393106770146257,-0.000675418942094811,0,0.000673203768952055,0.00133330241841236,-0.000218495336023655,9.60723718015949e-05,0.000510455143730273,4.85164468995425e-05,-0.0003894107336176,-0.00110439309010471,0.000758138539588793,0,0.000314776435962963,0.000649541839755539,-0.000807405460135494,0.00118387066739381,0.000941591590311264,0,0,0,0,0.00186506596673683,-0.000285334503862037,0,0.00068562942947436,3.4720077945503e-05,0.000794425002882514,2.8899911211102e-05,-0.00171324280783862,0,-0.000827408941269042,0,-0.0012348789367013,0,-0.000249923610867515,-0.000465523774952019,0,0,0,-0.000191688826879716,-0.000760863850935159,0,0.000354774293933031,0.000336051968833831,0,0,0,0,-0.00108497093766807,0,0,0,0,0,0.000224571330616399,0,0,-0.000294691239018825,0,-0.000573874829945721,0,0
-0.0887423528729374,-0.121478811663079,0.118402468421114,0.106361918560298,0.117905760282684,0.1049134947039,-0.0663755236519404,-0.0648636659847979,0.142068559461664,-0.0103073821439135,0,-0.0197104562095521,-0.0551572535781772,0,-0.0457219207432334,0.164750787667824,0.143777491208083,0.123324146380256,0,0.0144871092989321,0,0,0.13188996098575,0.140123456891062,0.141659911761115,0,0,0,0.122461467483223,0,0.125232269684842,0.119710990693568,0,-0.00046682494535743,0.0012817609015818,0,0,-0.00210797387173242,-0.00033507910688467,0,0.000165850489437977,-0.000498844339651506,-1.57981103876026e-06,-0.000746219956476567,0.000501275567259218,0.000272939620250733,-0.00312775640615078,0.00134202886065626,0.00128088240485571,0,0.0011249234374203,0.000531513388488602,0.000481286676312103,-0.00105777352190644,-0.000375317282480287,0,0,0,0,0.000673776482622783,0.00296902951851184,0,0.000131364717616165,0.000433525642841805,-0.000501616595176608,0.000776899373084229,0.001721321795489,0,-0.000885531898786325,0,0.00311986999155782,0,-0.00162065752148524,-0.000751080053185037,0,0,0,0.000871647186966275,0.00194753514965613,0,-0.000255409208716552,-3.80958570675118e-05,0,0,0,0,0.00241277362308577,0,0,0,0,0,0.000605234520920151,0,0,0.00178600396360897,0,0.00176911646042878,0,0
-0.0911061876893466,-0.123506501235456,0.121936342379296,0.107935795964898,0.12039486435012,0.106595532737841,-0.0677710990884515,-0.0648738033106307,0.143321706579385,-0.0116909638241446,-0.0637537255599768,-0.0198839509242218,-0.0564449230209548,-0.0527986091094812,-0.0474741548355691,0.143777491208083,0.170832992381386,0.125455106066118,0.150862291724989,0.0143760485366786,0.134715202720281,0.125178294539359,0.135277753074798,0.142388707153698,0.143877637159561,0.127541230161824,0.146587150396599,0.0962694602778746,0.126309489137407,0.12550315888703,0.128682978533647,0.121831214237777,0.114714959573476,-0.000434835203848355,0.000459078636761467,-0.00184050136629487,-0.00114528756333767,-0.00078671402629072,0.000934215732717908,-0.001029517871159,0.000174669976347637,-0.00113058005318729,-0.00060494016053718,-0.000717577797606646,4.85222964771186e-05,0.000514215382297004,-0.00165913896999686,0.00129862927102149,0.00270556817065972,-0.00156274885520064,0.00156232373097531,0.000251381897068456,0.000514343407265453,0.000157600734843202,-0.00155080791529991,0.00186494820756979,0.000613291403931197,-0.000392630560561884,-0.000267912068893158,-0.000884070225224342,0.0030053990117948,0.00124537871312464,-0.00090089198264305,-0.000347962807035631,0.000899970198830452,-0.000733574820659435,0.000798958081477252,0.000361507738987902,-0.00143089766605672,0.000367228281588781,0.00231667860312328,0.00132733108254632,-0.00106354329220309,-0.000579411158565424,-0.00103846170453195,-0.000715138725052503,-0.00248861002585286,0.000700717398930949,0.0013265257970538,0.00175616046056716,-0.00073250733014163,-3.27530905683404e-06,0.000112563966568032,0.000925753072003812,-0.00111051443167871,0.00396429989365827,0.00261108031862201,0.00394063044420123,0.000853051851638071,-0.000501925823719466,-0.000737718490037099,-0.000161170480582364,0.00150691822285291,-0.000495814047180108,0.00212952450682922,0.00138339006028471,-0.00106225728829285,0.00176935036588237,0.00277198028623204,0.000127653682052964
-0.0777653389218296,-0.107248687425629,0.105050111372962,0.0941025749202342,0.103839206488311,0.0925355784620926,-0.0587835784057472,-0.0566510993810048,0.124262044544111,-0.00924819135220269,0,-0.0168111314321627,-0.0484894856266599,0,-0.0407338341095603,0.123324146380256,0.125455106066118,0.13208019398607,0,0.0118271093932753,0,0,0.116835300848149,0.122217330028147,0.123860579775732,0,0,0,0.107816909241127,0,0.110847126732033,0.104712207478578,0,0.000363604486344001,0.000195354292107621,0,0,-0.00123473351793085,-0.000771259289891556,0,0.00125448940968138,-0.000816391312070394,-0.000244877577818558,0.000176414651225887,-0.000574142021803411,0.000466452471452149,-0.00145116835593765,0.00167904700207377,0.00277082362920685,0,0.00108416956144844,0.000456231031701492,-0.000469033062424435,-0.000327116753214672,-0.00119533367487688,0,0,0,0,0.000443154529480849,0.003331713425604,0,0.000438354049712145,0.000267736900184792,0.00133269309271598,0.00040189534386663,0.00172395112278902,0,-0.00195926051296861,0,0.00220127085834634,0,-0.000306587202000171,0.000604486288949535,0,0,0,0.000363209004245027,0.00105475876934294,0,-0.000611352363684272,-0.000859263216171894,0,0,0,0,0.00182084064284353,0,0,0,0,0,0.000141720982146511,0,0,0.00175960899617537,0,0.000511101210628994,0,0
0,0,0,0,0,0,0,0,0.151307411312155,-0.0114988858289525,-0.0660328799482841,0,-0.0579178603415796,-0.0539704088835005,0,0,0.150862291724989,0,0.186525437200806,0,0.14112278795939,0.130009514107786,0,0.150074727516377,0,0.133846786807578,0.153591554225112,0.100123245910099,0,0.132063061978572,0,0.127845489797743,0.120403548634109,0,0,-0.00194509743864441,-0.00169843723604077,0,0,-0.000474659023721686,0,0,-0.000193810501891169,0,0,0.000327204431361408,0,0.00209162021733805,0.00210731789726307,-0.00106694924690923,0,0,0,8.90927803706589e-05,-0.00107774831383744,0.00163437631462813,-0.00065942872650409,-0.00034997410929137,-0.000488327414433943,-0.000603140470316463,0,0.000267554163485315,0.000480087663702456,0,0,0,0,0.000954256785867921,-0.0015533875743559,0.0021240280513363,0,0.00288467658880402,0,-0.000310525256023777,-0.00118523660455091,-0.000186586653676905,-0.00196462358981564,0.00100998539469575,0,0.00114249623134347,-0.0010994181008404,-0.000742159792406426,-0.000296320461261592,0.000600657742777323,-0.0017484972331645,0.00198964187523186,0,0.00424705073342612,0.00137975367708959,-0.00125447182674661,0.000187023125707547,0.000109466710238412,0,-0.00069167431765185,0.0017873151397088,0,0.000908617362477163,0.00194252859020174,0.00209711268925036,0.000413556248407333
-0.00888259801298269,-0.011429585542115,0.0119266800908388,0.0103669501221693,0.0121616970655479,0.0115422232552811,-0.00626533559367667,-0.00663330200495263,0.0125656285787674,-0.000988629432906878,0,-0.00171555482725669,-0.00637850134967394,0,-0.00548893122170637,0.0144871092989321,0.0143760485366786,0.0118271093932753,0,0.0300982782138092,0,0,0.010754374936779,0.0116722573735651,0.0116961738423801,0,0,0,0.0105528460722992,0,0.011661254657664,0.0116834775807993,0,0.00066413343835004,0.00175065599331553,0,0,0.000538123871387958,0.000818643335568782,0,-0.000151711197527176,0.000304493198483975,0.000185139644775712,0.00149037055824876,-0.000917820324443294,0.000188933952246057,-0.000605231782977339,0.000609451423901598,0.000424675057535027,0,0.000621085385447303,0.000114648492377193,0.000864744740793292,0.000136507280942035,0.000520503299081929,0,0,0,0,0.000716976378668249,-0.000165116995355831,0,-0.00113572107885728,0.000985775347474935,0.000405419505971691,0.000172842588695378,1.93338216160044e-05,0,0.000806292216905131,0,-0.000933938717110888,0,0.000301185253260133,-0.000141472988178135,0,0,0,-0.000350310375594351,-0.000140919182292445,0,0.000321506273181557,-0.00019291782910826,0,0,0,0,-0.000314361030473655,0,0,0,0,0,0.000893201271897015,0,0,0.000486960980167045,0,-4.23143793597468e-05,0,0
0,0,0,0,0,0,0,0,0.134719477723074,-0.0108454243726395,-0.0586093220050027,0,-0.0513365315465871,-0.0490276741465245,0,0,0.134715202720281,0,0.14112278795939,0,0.153292338384035,0.115270193561119,0,0.13253150797273,0,0.117999656079245,0.138439317611252,0.0900374354248292,0,0.116691256795759,0,0.113561936187971,0.107813594979531,0,0,-0.000678084896712482,-0.000952366718584789,0,0,-0.00165630136459834,0,0,-0.00099088780361698,0,0,0.00015233459168378,0,0.00113699042188619,0.000985694085334659,-7.95575469757857e-05,0,0,0,-0.000689540981641789,-0.0017580507075576,0.00104963339486244,0.000327203798046852,7.16469763087091e-05,-0.000522907341978514,-0.000795035422736266,0,0.000124968546654276,-6.23544532742597e-05,0,0,0,0,0.00137254785414983,-0.00136199047240165,0.00174911158323673,0,0.00249359805995956,0,0.000220996221731729,-0.00084277297985657,-0.000912143455707541,-0.00285195889266745,0.00013246314495581,0,0.00166494994034337,-0.000816305409798302,-0.000124269698695541,-0.000496376330460301,-0.000463694279013532,-0.000969261679108866,0.00250434022923745,0,0.00428352309670594,0.00144899458271993,-0.000427984323147506,-0.000812188232388661,0.000490146048515883,0,-0.000179330387277339,0.00156547220293952,0,-0.000291419244456775,0.000673186022402116,0.00152684409560606,0.000675483529547719
0,0,0,0,0,0,0,0,0.12476886123826,-0.00951038361243889,-0.0540388369959083,0,-0.0478508479719734,-0.044774244232453,0,0,0.125178294539359,0,0.130009514107786,0,0.115270193561119,0.134241944591955,0,0.121995619380063,0,0.108665179754497,0.125598111908773,0.0817115844617394,0,0.107241753023486,0,0.105087148971285,0.0988552617730076,0,0,-0.0020871499810012,0.00127816036587685,0,0,-0.00109509261180198,0,0,-0.000753036217621677,0,0,0.00147198922030023,0,0.00150238394463863,0.00191185675846085,-0.00138659221010317,0,0,0,-0.000873887104068918,-0.00125076804512878,0.000112076869565899,0.000260820025649937,-0.000942192661549644,4.63762940433061e-05,-0.000425947129832833,0,0.000644693922547704,0.000649494952350699,0,0,0,0,0.000830436679825588,-0.00091788688102521,0.00115961881926416,0,0.00301512448943853,0,-0.000762185593340896,-0.000871548435293366,-0.00117492447048702,-0.00165525117687411,0.00168165850509108,0,0.000228439639317007,-0.00054756589243763,0.000333116153504503,0.000922808047115813,0.000789156897829116,-0.00128587411038881,0.00240955227785398,0,0.00421150816559861,0.00125536792592526,-0.000793727409476289,-0.00182180252734548,-0.000406083335236328,0,-0.00139238154144405,0.00191320653532177,0,0.000478396658138963,0.000274333815345763,0.00415084769186242,0.000249290926200025
-0.0841276764453095,-0.116282394509272,0.114229479097948,0.101704033859878,0.111458646371017,0.099816465802109,-0.0636368205289757,-0.0605400317209349,0.135287837131769,-0.0111941797996523,0,-0.0188384223205317,-0.0517660897075055,0,-0.0433918225697593,0.13188996098575,0.135277753074798,0.116835300848149,0,0.010754374936779,0,0,0.153951256512285,0.132349235360658,0.133717728585419,0,0,0,0.117470996992129,0,0.117915607527828,0.114111734175213,0,-0.000691883501928225,0.000520118355183574,0,0,-0.00163894176700696,0.000906847896808254,0,0.000292133899962807,-0.00124315945228617,-0.000268746581059827,-0.000648394766413418,0.000115291012667253,0.00105768665765007,-0.00214551950965405,0.00049022204104269,0.00190316020980543,0,0.00164757508609062,-0.000127288613639225,0.000612649129326403,-0.000408493473448223,-0.00196307062817604,0,0,0,0,-0.000141205286144329,0.004338658697351,0,0.000106302338677434,-0.000514044966703277,0.000920774249297391,-0.00100765117391026,0.00243917019464322,0,-0.000665216978741172,0,0.00338977573353445,0,-0.000959732356122971,0.000362208969345194,0,0,0,0.000914924351656335,0.00157824405867834,0,-0.00172429328466165,0.000571018907021715,0,0,0,0,0.00345632725503299,0,0,0,0,0,0.00121988198992474,0,0,0.00217743983885127,0,0.00292294895146673,0,0
-0.0900496452613463,-0.120904012981669,0.119691913429898,0.106931971137346,0.117233119397258,0.105575469085845,-0.0664069310404748,-0.0636136898478572,0.141155929059763,-0.0111925208926692,-0.061836789109362,-0.0204101597589357,-0.0549519079492825,-0.052255137067569,-0.0467175330308975,0.140123456891062,0.142388707153698,0.122217330028147,0.150074727516377,0.0116722573735651,0.13253150797273,0.121995619380063,0.132349235360658,0.167333513482448,0.143006807984094,0.125271501135788,0.144721790379237,0.0944800372620894,0.123188422516381,0.124936998803766,0.125399062108209,0.120777219226213,0.112299468216429,0.000531207507472843,0.000710384210024492,-0.00102656455307636,-0.00200201494032069,-0.00211151229063203,-0.000680681233363432,-0.00123595516812198,-0.000108741344524909,-0.00162533561267925,7.81040802339932e-05,0.000780132869311475,-0.000838231604543535,0.00096159416913044,-0.001938286235914,0.000316023569066352,0.00151032145457216,-0.000154635468977063,0.000529491903233719,-0.000296668272716132,0.00102889519531074,-0.00133923487890454,-0.00132214491909341,0.000698821214069906,-0.000115396004593277,-0.000229502553310156,-0.000484362449656511,0.000622699231471959,0.00299163764600924,0.000702324289267373,-0.000915950795948038,-0.000171231282549784,0.000664010142105761,0.000549606568509098,0.00119704793004144,0.00164964991496675,-0.00128806861221741,0.00264641644077295,0.00244947214691747,0.001112144750654,-0.000399888345318421,-0.000480376649541607,-0.00107824742029511,-0.00051731665620038,-0.0010496119092086,0.000875213231967528,0.00133091413110372,0.000617328112808912,-0.00110651273260478,-0.00161162178567867,-0.00106557609349018,0.000798823466469912,-0.000298460878209036,0.00274776476961538,0.00144604607311312,0.00589403641128475,0.00127388051601763,-0.000451059869404385,4.88197572419207e-05,-5.44282173270243e-05,0.000720949028973514,-0.00147500661726897,0.00160472121921701,0.00284384031409853,-0.000132577310737332,0.00108469118670025,0.00252838438635558,0.000799737906688348
-0.0901026101387017,-0.123673672773138,0.120286485155979,0.108779412666209,0.119553866811141,0.105413646411366,-0.067762275340938,-0.0660808042835613,0.142734886101914,-0.0121670671752054,0,-0.0210271769133657,-0.0548345600266359,0,-0.0462869566698264,0.141659911761115,0.143877637159561,0.123860579775732,0,0.0116961738423801,0,0,0.133717728585419,0.143006807984094,0.169075678707413,0,0,0,0.123788541689483,0,0.127500536353449,0.121304598850589,0,-0.000447272269606792,0.000199398623042606,0,0,-0.00113515058760672,6.32433879221511e-05,0,0.000160784918436411,-0.00186783214658713,0.000263490548913079,-0.000416554722027054,-0.00091284097598696,1.01601023006415e-06,-0.00442342920969338,4.48431316892395e-05,0.00187062618676137,0,0.00140505993967169,0.000442427361461198,0.00102965601848963,-0.000889546550000191,-0.00173946299840415,0,0,0,0,-0.000323952586639179,0.0035111717262415,0,0.000145371062354565,-8.91917976162718e-05,0.00222465011557496,0.000483251141087305,0.00186827207558585,0,-0.000769708020869525,0,0.00298396767066916,0,-0.000345775929084447,-0.00118375687442946,0,0,0,0.00127055093397647,0.00129924119359312,0,-0.00156251258699382,-8.49876918272555e-05,0,0,0,0,0.00259587287987893,0,0,0,0,0,0.000392189040009433,0,0,0.00209704801442697,0,0.00222631661790821,0,0
0,0,0,0,0,0,0,0,0.127035509140338,-0.0103298019686755,-0.0551832397982855,0,-0.0479764639067411,-0.0462006469207065,0,0,0.127541230161824,0,0.133846786807578,0,0.117999656079245,0.108665179754497,0,0.125271501135788,0,0.136905224512083,0.12928278009238,0.0852356770655004,0,0.110192846875756,0,0.106933984779394,0.0997160886954237,0,0,-0.000985785831544265,-0.00177831055282195,0,0,-0.00142842961148222,0,0,-0.000583799047170098,0,0,0.000275572503531003,0,0.00200468463859411,0.00200785996803506,-0.00119477739814889,0,0,0,0.000139793840316564,0.000246656799599424,0.000319409952366813,2.32433304089302e-05,-0.000729168686522963,0.000720779026597564,0.00146770480185775,0,0.00011757173872672,-9.53676297047859e-05,0,0,0,0,0.00180639266588934,-0.000668119169955191,0.00243777908047639,0,0.00288199777353321,0,-7.97619955552231e-06,-0.00123173910369403,-0.000261808923512744,-0.00175891575368797,0.000759397648932958,0,0.00138557977260896,-0.00152498783695623,-0.00105536378764636,-0.00107007780942583,0.00128200385568371,-0.00177972696687985,0.00323664500221402,0,0.00387599506722497,0.00316674768518024,-0.000232837253774595,-0.00151090803576691,0.00168555941187987,0,-0.00104930780138866,0.00269796945944661,0,0.000388241223659056,0.00265912287534177,0.00296241690749564,-0.000930189376173067
0,0,0,0,0,0,0,0,0.146692643875989,-0.0124175450669565,-0.0634339466891446,0,-0.0567142486552915,-0.0542449422685212,0,0,0.146587150396599,0,0.153591554225112,0,0.138439317611252,0.125598111908773,0,0.144721790379237,0,0.12928278009238,0.175232218225415,0.0972082679013168,0,0.127345934733339,0,0.124933597451591,0.116205318466104,0,0,-0.0018270522157504,-0.0016781465516813,0,0,-0.000939598056069847,0,0,-0.00034826075782569,0,0,0.000902927154181042,0,0.00069773552262105,0.000932225945791801,-0.000454874230921322,0,0,0,-0.000518006982806741,-0.00089899875841393,-5.16405885085746e-05,-0.000221655556567953,-0.000378475375957956,0.00024292083062023,-0.00118525963669098,0,0.00026452706404472,-0.00033017669133915,0,0,0,0,0.000861639329251007,-0.000114694361728261,0.0013436658813672,0,0.00195438210618332,0,0.000880583991278543,-0.000407425453186601,-0.0006632413700493,-0.00241977908546707,0.000618137700077899,0,0.000139321325841406,-0.00144395508974338,-0.000665867885739442,0.00026216312380098,-0.000180956433670075,-0.00198095779025496,0.00162318541733044,0,0.00475832076875665,0.00097391614112947,-0.000103644937957345,-0.00143614633275943,-0.000382723146237167,0,-0.000983931351049442,0.00070989712918883,0,-0.000101957920937208,0.00164203475450893,0.00140665353348567,0.000281723767073461
