0.0568041406714801,0.0777189846365069,-0.0763436828419391,-0.0682479594900699,-0.0754158301914788,-0.0671419752254208,0.04214494129061,0.0407470051570731,-0.0912475470911112,0.00674257838239515,0.0390052413917166,0.012152180052889,0.034514370076671,0.0327810437794201,0.0286253645525745,-0.0889423469784613,-0.0913832621090086,-0.0781469791933614,-0.0948854420466592,-0.00842029632708137,-0.0844491851518372,-0.0777426301187682,-0.0845876684981923,-0.0897853896043918,-0.090076024742854,-0.0794804046544483,-0.0919156773713117,-0.0598762918325271,-0.0782066510481036,-0.0784356213457252,-0.0798936220648954,-0.0771291629781266,-0.0716306535691696,0.000221087824549527,-0.00065721515827536,0.0012723840857755,0.000576905428808803,0.00106955918285627,0.000339037689232704,0.000755684861450292,-0.000533320352127539,0.000425799035244252,0.00027631099439053,-0.000251143166824504,0.000683590852480648,-0.000690413615405589,0.00170491329615303,-0.000606427511526422,-0.00148183130191236,0.000547018585120901,-0.00117750951615699,-0.000492018907784814,-0.000333927962015203,0.00022311388976878,0.000432054595154399,-0.000736306487759769,-0.000330198375135403,0.000156439764215871,-0.000228236681582411,-0.000141647213813717,-0.00262325629072685,-0.000672719112121009,-7.95084201978425e-05,-0.000208546362248665,-0.000975533477666086,-0.000195579377108233,-0.00121052968326388,-0.00103508130619988,0.000674546884466464,-0.00119141312839648,-0.00193105156608861,-0.00125878168171996,0.000582036325781982,0.000334440718584245,0.00087804481151742,0.000475685567385361,0.001261210322851,-0.000768972463252215,-0.00107545205990079,-0.000950247416971957,0.000698866902124976,-2.9899853846534e-05,0.000338621396248668,-0.000568240378400439,0.000850554242802649,-0.00174247531573069,-0.00169109749602151,-0.00290742969141412,-0.00124615363641321,0.000207488554023377,0.000438960289607297,-0.000505422636719486,-0.000531193346960131,0.00042387095363133,-0.00134837682788933,-0.00167259618776676,-0.000146381180071613,-0.00127033218812174,-0.00182058203849396,-0.000286990071733045
0.0777189846365069,0.106345770005332,-0.104479085427108,-0.0933774042960304,-0.103180589302568,-0.091891547234239,0.0576721768562661,0.0557641640592815,-0.124847061924803,0.00921333355792358,0.0533775979829779,0.0166434139192509,0.0472491938589558,0.0448391261597896,0.0391966280751279,-0.121704629916434,-0.125059773682164,-0.106931307797958,-0.129848527504516,-0.0115167920898971,-0.115573515336918,-0.106368037797738,-0.115745767602541,-0.122870400598617,-0.123259093321409,-0.1087446068583,-0.125794551637583,-0.0819350355786969,-0.107003643574632,-0.107319201826362,-0.109311258701602,-0.105550336679347,-0.0980202956421084,0.000139180747938757,-0.000698454273881028,0.00153018563952832,0.00100875923859615,0.00119363032349102,0.000186384068561638,0.000849375873987447,-0.000352936049043243,0.000981028823183304,0.000260699121794047,-7.29553189849819e-05,0.000753226670564251,-0.000552360361465145,0.00222538106572121,-0.000835267905519734,-0.00163931614098443,0.000712021711819616,-0.0012499395579885,-0.000290597219227914,-0.000408980622640568,0.000363800522353993,0.000916985911226498,-0.000860482599684438,-0.000123309989016599,0.000344628279896962,5.23493684405983e-05,0.000112714395742698,-0.0032237766190346,-0.000621433123236676,0.000159099289900477,2.48508720284676e-05,-0.0010452471504753,1.57762426541801e-05,-0.00159244691870605,-0.00136658751329703,0.000953507362295111,-0.0015662161727478,-0.00255741722705732,-0.00177576776949573,0.000747479754611205,0.000381848540618472,0.00112338169144116,0.000666800196447679,0.0017298899763588,-0.000949858292000307,-0.00138124466135603,-0.00118742666897418,0.000960921476536279,2.8960077523774e-05,0.000449582988738126,-0.000717388605070703,0.00116059891963467,-0.00238023040984392,-0.00223126222533229,-0.0039570129341744,-0.00161350385824352,0.00034176873582072,0.000613970757248989,-0.000599737472179376,-0.000633245554286619,0.000644387677667356,-0.00176149879964455,-0.00220674561320516,-0.000147558998605905,-0.00169227280647303,-0.00242549811580212,-0.00032913920777923
-0.0763436828419391,-0.104479085427108,0.102678196035822,0.0917579936952439,0.101344927685574,0.0903108009244529,-0.0566129782203494,-0.0547541267231751,0.12263328619689,-0.00902683295064209,-0.0524617639537929,-0.0163646832390595,-0.046441436111636,-0.0440305682574978,-0.0385553358738999,0.119570964762436,0.122875583166931,0.105022894243573,0.127573298608081,0.0112951913464636,0.113559647280976,0.104473815254571,0.113738795563563,0.120709967413125,0.121103212109274,0.106831894128305,0.123590039629156,0.0804924525927336,0.105095836959463,0.105399056664475,0.107375288254664,0.103691102658337,0.0962835752832089,0.00010944772655806,0.000383717617151188,-0.00114677617994327,-0.00134869757575255,-0.000746118797369806,0.000251090578023589,-0.000534386719313333,-0.000287743820726826,-0.00161909895820507,-6.31819728730029e-05,-0.000394808433767513,-0.000450735416179061,-0.000106987136012722,-0.00202330920279157,0.000872569538581686,0.000973394696809193,-0.00063392693408298,0.000614234841660764,-0.000354577727677425,0.000323042137550525,-0.000505738853483215,-0.00139275333190365,0.000600409014673633,-0.000395288235006256,-0.000558949011359092,-0.000632648717241015,-0.000632202278348443,0.00257692138478352,0.000149926142692245,-0.000582671430808647,-0.000542742421179468,0.000568550375003816,-0.000454506949383312,0.00179008329960039,0.00152978028353432,-0.000792822330949023,0.00169491097028663,0.0027068850159234,0.00157642475272182,-0.000863164370786413,-0.000499378751977445,-0.00113978331904384,-0.000832407123122809,-0.00182870434258105,0.00119304928226314,0.00153927814281467,0.00131373945635009,-0.00100739030187877,0.000190926863418821,-0.000502390906010884,0.00092372294452829,-0.00112817102297884,0.00238636374399554,0.00238828308538363,0.00390409552053395,0.00181057788986788,-6.84479918765563e-05,-0.000507613972105272,0.000815991358068935,0.000814290843862029,-0.000516823225688352,0.00190119691332719,0.00231752718476567,0.000254302925515863,0.00184615150259428,0.00252298611361131,0.000446128897694792
-0.0682479594900699,-0.0933774042960304,0.0917579936952439,0.0820766898901832,0.0905936547123701,0.0806888001268951,-0.0505059609869861,-0.0488498494520181,0.109609548942573,-0.00808087994684483,-0.0468994903800259,-0.0145843455118781,-0.0414502520033556,-0.0393855924644737,-0.0344195531755679,0.106863561850059,0.109767331973627,0.0938128382898373,0.11396879443187,0.0100843811488502,0.101439543273983,0.0933707918867459,0.10168776274671,0.107820327775717,0.108227810972543,0.0955213835339572,0.110367702130227,0.0719153649479904,0.0939199880027806,0.094170560105835,0.095980300931416,0.0926139569180213,0.0860038724354979,-0.000185134399102256,0.000691209143345483,-0.00132735247042146,-0.000869255290587364,-0.00110224893508883,-0.000230543214064109,-0.00076216011338116,0.000287649958228863,-0.000845901751942607,-0.00023383132787959,2.11548471781314e-05,-0.000694492243668427,0.000489477662459466,-0.00199299655638122,0.000841297204146022,0.00145851490227059,-0.000612558016060941,0.00106250343159795,0.000243181164058517,0.000361230530118814,-0.00044822464708405,-0.000681770065919787,0.00075340839092627,0.00018122264331513,-0.000311639746863418,1.49599764474268e-05,-0.000130486708616551,0.00287326993433432,0.000636105384721761,-9.33589132769437e-05,-3.00808584983373e-05,0.000974371649606556,6.54301550427218e-05,0.00223303871744472,0.0018787148514588,-0.000347652213847223,0.00203569598234561,0.00308925945145368,0.00091332351744609,-0.00118484669441602,-0.000964404409959092,-0.00140343049097933,-0.000965173829531439,-0.00182670336072327,0.00191541132764272,0.00204878102283017,0.00188420123203621,-0.000983728464573516,0.000818407400073837,-0.000604979283304214,0.00143201293252474,-0.00100229621159346,0.00222749571204296,0.00279835769663823,0.00360519396811913,0.00236670650128401,0.000614163117975725,-0.000242958899146772,0.00148087098709158,0.00143051901014731,-4.34133551856626e-06,0.00232491652227574,0.00265607087931999,0.000624958252018419,0.00213983170229047,0.00275644747417705,0.000863392005315972
-0.0754158301914788,-0.103180589302568,0.101344927685574,0.0905936547123701,0.100129192810283,0.0891304542134237,-0.0559762869027775,-0.0541147573126569,0.121147856988033,-0.00895830486164086,-0.0517757308002253,-0.016133046085818,-0.045820128897081,-0.0435242040489673,-0.0379919353836349,0.118080203460043,0.121322912748201,0.103763979853828,0.125974435776924,0.0111862491234675,0.112116083505626,0.103221010050122,0.112288109650275,0.119207460969434,0.119584141155762,0.105516331134331,0.122035894907684,0.0794962154944802,0.103838496700842,0.104146687895179,0.106071867453218,0.102405430849779,0.0951076871672206,-0.000346112524298203,0.000937085958722158,-0.0017758765653581,-0.000682191776562454,-0.00151643772888847,-0.000547172729812314,-0.00107324930272362,0.000861580360340152,-0.000410475385687571,-0.000412383001481064,0.000448893871720472,-0.00097332298255499,0.00107115085118284,-0.00229854751731987,0.000782179162349407,0.00211743522395171,-0.000743109879728225,0.001713115026831,0.000807079912500234,0.000461908955846256,-0.000248260116990675,-0.000468294046732331,0.00103617973010966,0.000554463904775787,-0.00015423624723857,0.000435726887878728,0.000315532358068312,0.00361932654600601,0.000994170416039199,0.000202753302875748,0.000401331000596791,0.00139895699749076,0.000356653025855153,0.0014718636428207,0.00126331742259281,-0.000977634522082088,0.00148004494008945,0.00243501662139614,0.00177429883775173,-0.000690433588527133,-0.000353000289113959,-0.00111640385613756,-0.000552187204321022,-0.0016135571725542,0.000853415184044974,0.00130274949754796,0.00114435905506565,-0.000899058220529846,-9.49552308199287e-05,-0.00041457012081304,0.00062393005385801,-0.00113371762117842,0.00228848399173888,0.00211645569894566,0.00384323874964898,0.00150796903764821,-0.000428421593132054,-0.00063445860340916,0.000523815721401534,0.000574070265853246,-0.000645239657623116,0.00167350254687294,0.00211480684374486,0.000119929423494893,0.0015789216270159,0.00232247496761471,0.000295692782635649
-0.0671419752254208,-0.091891547234239,0.0903108009244529,0.0806888001268951,0.0891304542134237,0.0794368466258558,-0.0498106768071788,-0.0481751342019878,0.107856340138606,-0.00793564919438878,-0.0461392388779043,-0.0144024948744866,-0.0408591320247217,-0.0387178497881303,-0.0339201419651805,0.105165708109079,0.108083231705405,0.0923798295154313,0.112214120972548,0.00993605234192157,0.0998901670953156,0.0918864772006701,0.100028931784053,0.106180563739779,0.10651463472491,0.0939518391694861,0.108719658139949,0.070799904957327,0.0924349424963079,0.0927058490449602,0.0944351492221388,0.0912111351685442,0.0846935156935748,0.000165315962259937,0.000252510639972529,-0.000931889882227654,-0.00127027575411238,-0.000548475615405112,0.000333068170871542,-0.000398919864743507,-0.000391048133393865,-0.00157487132283383,-1.1078899403243e-05,-0.000442923145801013,-0.000324145412994234,-0.000241278154797545,-0.00173439940525442,0.000755738418822224,0.00070858153157998,-0.000545529536143041,0.000409692843330884,-0.000453314941727179,0.000265936256511511,-0.000450256705508443,-0.00136241709246623,0.000473404345757388,-0.000479714587902248,-0.000539243566415552,-0.000700450522847545,-0.000666560135296937,0.00212436770990948,8.58270073412792e-06,-0.000618479560438876,-0.000592216148269982,0.00038462289337805,-0.000515746760233514,0.00144412966283768,0.00124038009770545,-0.000771092367472626,0.00138261045853833,0.00224151175773783,0.00148873913501707,-0.000673529044116053,-0.000330723271311671,-0.000920140363860387,-0.000689674423233452,-0.00157070525299131,0.000873254249243594,0.00121353594563952,0.00100604999454433,-0.000869913339072125,3.42769691634607e-05,-0.000409929310580283,0.000687735514636763,-0.000993174722921508,0.00207981279802375,0.00196268641093901,0.00340910435623246,0.00143713050273497,-0.000198331834670994,-0.000489176339189974,0.000561748431962956,0.000569763387281571,-0.000550169905519863,0.00154175184507494,0.00191614341199224,0.000140825040871192,0.00152321592547238,0.00211461009727269,0.0002954296316666
0.04214494129061,0.0576721768562661,-0.0566129782203494,-0.0505059609869861,-0.0559762869027775,-0.0498106768071788,0.0314919156348932,0.0304209189798306,-0.067736885969528,0.00502342302005598,0.0288909870587077,0.00905983246252523,0.0256636763049146,0.0243086859972466,0.0212257319841623,-0.0659995645000083,-0.0678740135837324,-0.058119266794748,-0.070479733947827,-0.00629650127156281,-0.0627249802173259,-0.0577369671102379,-0.0626754291638753,-0.0667300114281161,-0.0668405600193855,-0.0589220430572945,-0.0683401864489155,-0.0444763040721613,-0.0580956596738289,-0.0583082281207221,-0.0592917084151388,-0.057336574791749,-0.0532561439133247,0.000128682562826762,-0.000443277904706632,0.00105883421868391,0.000363734768096145,0.000817128688077469,0.000257318304366043,0.000610866255531485,-0.000589512455478025,0.000175297552780421,0.000245900511029881,-0.00036983191855743,0.000528764032915289,-0.000668609405362253,0.0012458574184042,-0.000270268620560191,-0.00123014348484384,0.000441921483923024,-0.00108205608423605,-0.000544404156132776,-0.000264299106770872,-7.06723297602983e-05,0.000387695707470803,-0.000611231044716983,-0.000262049988131857,4.67675250392198e-05,-0.000221239586700381,-0.000284799004832736,-0.00202904772747815,-0.000475152508989013,-9.45108040879701e-05,-0.000297722010814793,-0.00075161626465469,-0.000132920657137649,0.000448119329796422,0.000327634231913781,0.0012931130536663,0.000175561585150981,-8.06090359041266e-05,-0.00197424709764365,-0.00041700934475285,-0.000755021228737216,-1.83633957006915e-06,-0.000278168382565366,0.000427947729040243,0.00116538843680395,0.000539313111281054,0.000632056181255029,0.000286412118825198,0.00133664438891677,-8.87607458260315e-05,0.000872577868222797,0.00066010550068169,-0.0010685130260806,9.09274820460834e-05,-0.00195137132400867,0.000599586339888938,0.00163364120243368,0.000807281707454371,0.00115625546623288,0.00100518489963736,0.00121120436036957,0.000244636124069841,-9.36405608522786e-05,0.000684222252127218,0.000113762963925107,-0.000347506076161537,0.000705305516721641
0.0407470051570731,0.0557641640592815,-0.0547541267231751,-0.0488498494520181,-0.0541147573126569,-0.0481751342019878,0.0304209189798306,0.0293929069094021,-0.0654863699362925,0.00484713678943828,0.0279457773001556,0.00876260564853844,0.024819557102452,0.0234976135544134,0.0205413238857335,-0.0638170540693172,-0.0656290004071836,-0.0561778506774458,-0.0681456004990183,-0.00607846142937161,-0.0606518935508661,-0.0558143430798983,-0.0606160661967154,-0.0645152054614174,-0.0646320772739592,-0.0569744489185091,-0.0660730982359904,-0.0430007942738866,-0.0561594888732147,-0.0563601835346914,-0.0573235484514689,-0.0554316154355993,-0.0514826923273092,3.72167746190372e-05,-0.000321516411445215,0.000888252414290673,0.000484846067214564,0.000634266369336794,9.11956347870494e-05,0.000479159426846704,-0.000329365727905421,0.000414718868996094,0.000165594401539401,-0.000178385170735113,0.000405284033702599,-0.000402440704267229,0.00114666486962684,-0.000290170494278066,-0.000951362421333721,0.000401531737966328,-0.000812310823234581,-0.000284531158132413,-0.000226104340587573,-1.43441437312828e-06,0.00054930698790028,-0.000498653969359535,-6.53532606579968e-05,0.00012891368948791,-4.81997658695946e-07,-7.64585438973329e-05,-0.0017434990611043,-0.000293921136624962,6.50462494677875e-05,-9.21379955414229e-05,-0.000559167982375889,2.98266688407914e-05,0.000276516745340186,0.000187905579299556,0.00115400426837797,5.4102113079424e-05,-0.000223737313789967,-0.00179002568443192,-0.000309229224894323,-0.000629114071273078,4.77338068305759e-05,-0.000169549670130346,0.000488901066854294,0.000935920371832078,0.000380886648629205,0.000483293928526299,0.000312823728497012,0.00113720287122987,-4.48798258010556e-05,0.000692253562044107,0.000632285990240164,-0.00106303486651138,-5.81744073320423e-05,-0.00190429454176572,0.000413125020806053,0.00140027008245612,0.000719105378643281,0.000950485293710236,0.000824309579081408,0.00107903412203121,0.000105319878943487,-0.00020867576102242,0.000577780812808204,-1.53959933829427e-05,-0.000442687432745672,0.000586308498380523
-0.0912475470911112,-0.124847061924803,0.12263328619689,0.109609548942573,0.121147856988033,0.107856340138606,-0.067736885969528,-0.0654863699362925,0.146582188016188,-0.0108329854004399,-0.0626496568409957,-0.0195297070373725,-0.0554544761286655,-0.0526545652235878,-0.0459840870484589,0.142876176402896,0.146809187267933,0.125555511941115,0.15243577979122,0.0135334931283764,0.135669996833361,0.124891526039194,0.135865851441889,0.144248785844725,0.144697632059349,0.127666034804829,0.147676665203237,0.096192384652812,0.125639323531703,0.126014294266902,0.128340155482246,0.123917417780883,0.115083915005748,-0.000330685418495063,0.00102551149126552,-0.00203827854197937,-0.000941507630077019,-0.00169094379897383,-0.000513698384053243,-0.00120083061654499,0.000844793936880782,-0.000706984469653676,-0.000436995820228717,0.000402025730414003,-0.00108068187955248,0.00108930552393405,-0.00272329760941889,0.000945728928223929,0.00235693177463267,-0.000880358297778599,0.00188374355924763,0.000775441330179275,0.000533583942708228,-0.000326930440152174,-0.00074228847820867,0.0011764035438622,0.000495473073540425,-0.000255082581761084,0.000333168940969356,0.000221407282832684,0.00418532435962863,0.00104243462299022,0.000102713879543971,0.000322514758265283,0.00153832659195813,0.000279674670114974,0.00171956497673511,0.00147988550991948,-0.0012152216344421,0.00173520648702266,0.00287363974417122,0.00219638106057252,-0.000792113908392176,-0.000366355255457224,-0.00129588452399593,-0.000663921592225884,-0.00194434960727629,0.00094285642064824,0.00150101255299084,0.00129732978564756,-0.00108564684521065,-0.000179674991044591,-0.00048740347432155,0.000696667314457649,-0.00137062920993754,0.00276233303170773,0.00248948503726138,0.00463469648581868,0.00174485097602029,-0.00057917059449896,-0.000784524101197113,0.000553792903179687,0.000616321533131127,-0.000833259361896858,0.00195511519348293,0.0024919156630482,0.000100910493811558,0.00186457842924902,0.00275479396669059,0.000305263843179159
0.00674257838239515,0.00921333355792358,-0.00902683295064209,-0.00808087994684483,-0.00895830486164086,-0.00793564919438878,0.00502342302005598,0.00484713678943828,-0.0108329854004399,0.000817244709487316,0.00461001114260356,0.00142893539815672,0.00407336380869061,0.003902909813715,0.00335882305385555,-0.0105418953480954,-0.0108226176120953,-0.00928298571289757,-0.0112427963257505,-0.00101107483651955,-0.00999786416580891,-0.00923484868441679,-0.0100124365061588,-0.0106427104123235,-0.0106724784331193,-0.00942721471576782,-0.0108887003647882,-0.00709979607225934,-0.00929115518910842,-0.00932184605000469,-0.00948390160319425,-0.00914454541410397,-0.00850000325872164,0.000213048251106047,-0.000307506259533379,0.000415302797782546,-0.000198759743306588,0.000447391078301965,0.00036720538495126,0.000313878954456388,-0.000534222471463577,-0.00043816397069165,0.000176649985025246,-0.00037454172494292,0.000298243151131498,-0.000565661188498853,0.000325673119911513,-3.93744978315431e-05,-0.000651008698830654,0.000112951476348594,-0.000594437074879532,-0.000534073157008465,-9.83309966339715e-05,-7.65971772204537e-05,-0.000321941071804134,-0.00026950401597848,-0.000427711046353539,-0.000144967663028475,-0.000463158408055535,-0.000403137699011241,-0.000752770804857811,-0.000427755723542623,-0.000329430995024589,-0.000410060635619301,-0.000460044669035156,-0.000354483073315986,-2.32734992490989e-05,-2.21520886601927e-05,0.000159146350541274,-6.27090796031865e-05,-0.000132444749078863,-0.000237508031620426,3.31322045433039e-06,-1.68887129586029e-05,0.000101025027580986,-5.3900453708812e-05,7.09393116348632e-05,4.04981688460646e-05,-3.95657102465495e-05,-5.11862944758458e-05,4.37012972824099e-05,0.000111546952804683,6.96950704816504e-06,4.97756032238312e-05,0.000108846030090662,-0.000178756411385141,-0.000102380094090401,-0.00033982182498083,-3.42190669309644e-05,0.000171352013733968,0.000106265207324591,5.43772672427841e-05,3.01096874275241e-05,0.000104709261094486,-7.73010014451237e-05,-0.000128026902066888,3.57313680618334e-05,-5.12983552908478e-05,-0.000147369053462185,2.45490582919432e-05
0.0390052413917166,0.0533775979829779,-0.0524617639537929,-0.0468994903800259,-0.0517757308002253,-0.0461392388779043,0.0288909870587077,0.0279457773001556,-0.0626496568409957,0.00461001114260356,0.0268096178513661,0.00835302104423232,0.0237169573942328,0.0224988828399584,0.0196974126037054,-0.0610879364507442,-0.0627656025561017,-0.0536365172148158,-0.0651649423219303,-0.00576406615899961,-0.0580064979291769,-0.0533689450434688,-0.0581218854241713,-0.0616533857783059,-0.0618704889421316,-0.0545890517509671,-0.0631196434477577,-0.0411161233622499,-0.0536845708444713,-0.0538330412693521,-0.0548573439863302,-0.0529590228705922,-0.0491751827544442,-3.54983862610795e-05,-0.000221276982257558,0.000588815463646421,0.000677964457799343,0.000402956265905135,-0.000103208093653703,0.000282933324359202,0.000140134079096055,0.000810544695360159,3.72684644744482e-05,0.000203237769706529,0.000244142078369739,4.08617125235306e-05,0.00104654943946536,-0.000471537586577448,-0.000514482584025936,0.000322015090106795,-0.000317109058376468,0.000171622700564672,-0.000167104650310115,0.00028742962973891,0.000671331919431927,-0.000310997134590965,0.00017376796463228,0.000283501164281357,0.00029675130046769,0.000320622130032345,-0.00133862966933716,-0.000108029662991065,0.000277860875989646,0.000269209782521929,-0.000313456841863484,0.000203963468834442,-0.00111721687243892,-0.00094627990326732,0.00028640989079132,-0.00102670868866181,-0.00158842779492057,-0.000648442322294969,0.000569576803978671,0.000408766691801566,0.000685055288947622,0.000515995642741337,0.00100809523297961,-0.000872700625487113,-0.000990223227588823,-0.000877073005067548,0.000548157505529737,-0.000302586542668636,0.000307631227321868,-0.000666623819499668,0.000572448879359884,-0.00125235495352206,-0.00142449948894645,-0.00202667806148219,-0.00115626316820683,-0.000186606121770937,0.000187740086949478,-0.000649177538932771,-0.000629195607264892,0.000127030373704367,-0.0011610271258662,-0.00135930571535621,-0.000250676951333231,-0.00110181677135287,-0.00144171005606737,-0.000368013480325609
0.012152180052889,0.0166434139192509,-0.0163646832390595,-0.0145843455118781,-0.016133046085818,-0.0144024948744866,0.00905983246252523,0.00876260564853844,-0.0195297070373725,0.00142893539815672,0.00835302104423232,0.00262900871608802,0.00742851677325415,0.00699506844268985,0.00616592513951728,-0.0190488410275921,-0.0196010486311782,-0.016752431510989,-0.020347252370273,-0.00180277003805364,-0.0181182713334633,-0.0166409125457607,-0.0181034920276305,-0.0192604327633905,-0.0192960210654442,-0.0169971458494293,-0.0197333254564283,-0.0128340879121515,-0.0167431483405136,-0.0168010605117808,-0.0170958598464652,-0.0165470060798387,-0.0153608679626943,-0.00018335806119855,0.000143044676696848,-3.67238512718154e-06,0.000418240426521474,-0.000141070760586326,-0.00031048249926053,-8.67985298508574e-05,0.000380791408870685,0.000623190618705802,-9.76651475977569e-05,0.000295815966702257,-0.000102646884460481,0.000373699230990229,0.000213790985053137,-0.00011313402639915,0.000202125283582336,7.15482898809557e-05,0.000219389227057804,0.000399646890324322,-7.42727926219156e-06,9.67634458316629e-05,0.000552198209753088,3.69182333068111e-05,0.000381358865541046,0.000204718213801785,0.000448470163590597,0.00036934959156661,-6.70737443211127e-05,0.000272842438141281,0.000348701131812474,0.000365073135432033,0.000187911337549214,0.000351735974982073,1.12554276214342e-05,-4.71941983944773e-06,0.000293781778064275,-2.33140061158758e-05,-0.000113268524288299,-0.000483943632661058,-5.78128041942451e-05,-0.000168810521094509,-8.29217833855909e-06,3.85376567112134e-05,0.000207129724797728,0.000211581302625616,7.54333061082755e-05,0.000133337605356891,0.000124684494866538,0.000273936212283758,7.50761622526841e-06,0.000136479958961333,0.000181568124054625,-0.000337178123374564,-6.5784054663704e-05,-0.000565254492622934,6.59733057885037e-05,0.000324485368738931,0.000177531796345033,0.000225818445036641,0.000204889424881502,0.000301047067868408,-4.87734385251671e-06,-8.97349076947281e-05,0.000148780493483912,-6.56430818177401e-05,-0.000163386398745944,0.000150590472581276
0.034514370076671,0.0472491938589558,-0.046441436111636,-0.0414502520033556,-0.045820128897081,-0.0408591320247217,0.0256636763049146,0.024819557102452,-0.0554544761286655,0.00407336380869061,0.0237169573942328,0.00742851677325415,0.0210403500382446,0.0198896481206636,0.0174623123754108,-0.05407569319475,-0.0556034966884217,-0.047528996691964,-0.0577260087952124,-0.0051151783692359,-0.0513916680749179,-0.0472480479404422,-0.0514136313121521,-0.0546318175958452,-0.0547721139599438,-0.0482856094968369,-0.0559521787637135,-0.0364177715499954,-0.0475338577395524,-0.0476846704132491,-0.048549258081667,-0.0469325147228071,-0.0435756207504015,-0.00023953359056006,6.03707390536812e-05,0.000315364362948727,0.000835775054525114,4.49232782800508e-05,-0.000419162909181577,5.04813675087335e-05,0.000496264583065487,0.00113614910585792,-9.06016817689768e-05,0.00042993817415045,7.90984240770827e-06,0.000441543691090647,0.000790975143259142,-0.000353486539130428,-4.47455795628875e-05,0.000255760563957617,6.73559600622319e-05,0.00053672988309424,-9.73673304231875e-05,0.000231451238603903,0.00100797483301665,-0.000125841935893615,0.000537823377767229,0.000379065293729948,0.000676012678950232,0.000577951038936755,-0.000782308751649164,0.000269459721546736,0.000550632122510402,0.000551200784971676,5.60880163257561e-05,0.000522350142939889,-0.000385373834104512,-0.000349177469112291,0.000600311235140842,-0.000417512581048151,-0.000775245705766249,-0.00104493313983178,0.000113385773118175,-0.000121321716379538,0.00025755574005094,0.000228385871033856,0.000698257501290009,2.936536232081e-05,-0.000245142646445752,-0.00011829602257422,0.000399766916103528,0.000347620673082637,0.000122719109457851,-1.14804476832787e-05,0.000514203923143847,-0.00101577767646736,-0.000635290493836774,-0.00168786939426615,-0.000317309509299289,0.000483335738202709,0.000370695144050125,0.000134533650069411,0.000102613345381714,0.000540320742755259,-0.000440527376350104,-0.000656222542596248,0.000151449465422401,-0.000506752933161281,-0.000804937472853891,0.000109591430395383
0.0327810437794201,0.0448391261597896,-0.0440305682574978,-0.0393855924644737,-0.0435242040489673,-0.0387178497881303,0.0243086859972466,0.0234976135544134,-0.0526545652235878,0.003902909813715,0.0224988828399584,0.00699506844268985,0.0198896481206636,0.0189296522966298,0.0164871501718755,-0.0513127826944619,-0.0527047773033078,-0.0450846109831376,-0.0547287299364542,-0.00486255481639942,-0.048702337276248,-0.0448625313568907,-0.0488017047734363,-0.0517854186415285,-0.051963562304944,-0.0458676929963643,-0.0530046954085582,-0.0345402647796922,-0.0451293869098153,-0.0452586756957699,-0.0461040805348337,-0.0444856958400284,-0.0413197679870618,0.000295214668969231,-0.00058533157508856,0.000948611980574565,0.000109018646411454,0.000893114375449207,0.000479688635231012,0.000624445276161748,-0.000691191257983855,-0.000160552707381543,0.000279113500508683,-0.000419851067241728,0.000580633929877259,-0.000798175041918437,0.00109394109602973,-0.000346418610725378,-0.0012509568696995,0.000352520485561552,-0.00104676963567229,-0.00067349909025915,-0.000241547787090779,7.16454038998522e-05,-8.50922046603046e-05,-0.000574568740957676,-0.000526648730782343,-4.25953313798205e-05,-0.000504409914296214,-0.000393420926515858,-0.0018869190081199,-0.000694611712775913,-0.000319730074505953,-0.000436221251411999,-0.000859011091432059,-0.000403137109019047,-0.000779983541435848,-0.000661212668279472,0.000348473792272233,-0.000765602320755521,-0.00121719794261313,-0.000659208063304525,0.000396053929556955,0.000282527085506686,0.000594328686092466,0.000265703002635413,0.000729484258850842,-0.000569192979543535,-0.000728943390355521,-0.000679738304693619,0.000401231927767545,-0.000105028747637801,0.000213521103213902,-0.000404897522206918,0.000493695596869647,-0.00101214536300512,-0.00107644595725532,-0.00170171298357798,-0.000831011429198323,4.27911773318175e-05,0.00023385575057318,-0.000403939751108935,-0.000419027842574377,0.000167907126406063,-0.000878339877363643,-0.00106258359960203,-0.00014792558766927,-0.000792595446769295,-0.00112959522334021,-0.000241625453604981
0.0286253645525745,0.0391966280751279,-0.0385553358738999,-0.0344195531755679,-0.0379919353836349,-0.0339201419651805,0.0212257319841623,0.0205413238857335,-0.0459840870484589,0.00335882305385555,0.0196974126037054,0.00616592513951728,0.0174623123754108,0.0164871501718755,0.0145214793619232,-0.0448616920826911,-0.0461260003895817,-0.0393880864284526,-0.0478808722701696,-0.00422282993097749,-0.0426351736962531,-0.0391697949055961,-0.0426821309580294,-0.0453036230464867,-0.0454430347265054,-0.0400618131255793,-0.046399875210025,-0.0302017412955212,-0.039403133483598,-0.0395173601009342,-0.0402621460595818,-0.038914756278577,-0.0361231881442698,-0.000367215110312031,0.000256980443972095,-6.10920954485694e-06,0.000954656067901086,-0.000266795699243551,-0.000654647560273685,-0.000176824245660284,0.000886645159805881,0.00142456458318077,-0.000217013016392949,0.0007117165658619,-0.000200435989347651,0.00084659273123379,0.000544006920413617,-0.000355534453630927,0.000430689168921968,0.000160788341823258,0.0005182994378855,0.000922090087583711,-2.28933378942165e-05,0.000330295402777921,0.00117336358908996,7.75604574137505e-05,0.000812667683292269,0.000479713990526539,0.000977952614986029,0.000872726183692295,-0.000221087926363004,0.000544815461826812,0.0007624361925922,0.00084308015402511,0.000373611178615411,0.000741074457710663,-0.00067094094041022,-0.000578050151614861,0.00028337711583723,-0.000607740502402252,-0.000973199424242152,-0.000599798723492215,0.000306056157890534,0.000130150817817348,0.000332403248507837,0.000404565790053797,0.000742837083518022,-0.00040666768204092,-0.000522785541594983,-0.00039277257549851,0.00040943291075871,-6.02650191028931e-05,0.000193139415437038,-0.000348626681515521,0.000413938389171478,-0.000908489554057332,-0.000857453857112364,-0.00144129509392446,-0.000639737794088108,1.27071124798287e-06,0.000171392085463579,-0.000266877330202281,-0.000250114360061792,0.000238272445861462,-0.000663495511154725,-0.000813608906879524,-6.46250868094814e-05,-0.000700623841485343,-0.000909749489613903,-0.00012672460285214
-0.0889423469784613,-0.121704629916434,0.119570964762436,0.106863561850059,0.118080203460043,0.105165708109079,-0.0659995645000083,-0.0638170540693172,0.142876176402896,-0.0105418953480954,-0.0610879364507442,-0.0190488410275921,-0.05407569319475,-0.0513127826944619,-0.0448616920826911,0.139281904648582,0.143123106136554,0.122373303988203,0.148602903050672,0.0131788423622236,0.132267118401331,0.121728142858435,0.132463425386449,0.140616655101241,0.141061335383787,0.124448899665082,0.143964129033846,0.0937685076707176,0.122455484813674,0.122816475679975,0.125096878560991,0.120794881020196,0.112176427084744,-0.000136110608940078,0.000770847535106319,-0.00171951710335177,-0.00118678751661178,-0.00132683897282523,-0.000173213127738104,-0.000944867167997195,0.000347445198413268,-0.0011817064254493,-0.000280974032655125,4.24477041861772e-05,-0.000835504689919605,0.00057384038001822,-0.00253148367454119,0.000958652740083602,0.0018186408204079,-0.000809199521832255,0.0013760793768714,0.000275421078481564,0.000460952071584102,-0.000427360213971711,-0.00109567392285326,0.000962842977938079,9.35540089230752e-05,-0.000413988546494656,-0.000113067826351762,-0.000175165116405984,0.00363572085920762,0.000668312383045982,-0.000221101196389502,-7.47412270069753e-05,0.00115413451233834,-5.87932369337085e-05,0.00182791572658313,0.00156874852258147,-0.00108695810688865,0.00179475401127587,0.00292929466019206,0.00202856060755012,-0.000857647821814377,-0.00043702548744475,-0.00128150102161995,-0.000772289596618558,-0.001985871099539,0.00109124108384236,0.00158230884589272,0.00135725269992434,-0.00110290623583768,-2.83772696550029e-05,-0.000516242476422519,0.000826457917054882,-0.0013274327297567,0.00272585864282893,0.00255627869949737,0.0045276747899219,0.00184996370127312,-0.000383309626735852,-0.000699304557927853,0.000689833442455163,0.000726486519640894,-0.000736944633369587,0.00201745503118174,0.00252617058522426,0.000169924073331519,0.00194158679846394,0.00277728744086724,0.000377538285987462
-0.0913832621090086,-0.125059773682164,0.122875583166931,0.109767331973627,0.121322912748201,0.108083231705405,-0.0678740135837324,-0.0656290004071836,0.146809187267933,-0.0108226176120953,-0.0627656025561017,-0.0196010486311782,-0.0556034966884217,-0.0527047773033078,-0.0461260003895817,0.143123106136554,0.147102174145729,0.125776949069788,0.152730761512864,0.0135476674232315,0.135948246492383,0.125083458622012,0.13609482569669,0.144532995382139,0.144955187145388,0.127853400019555,0.147990076536905,0.0963685309584457,0.125834961092529,0.126218409782752,0.128535337602943,0.124161999194752,0.115298812795859,5.44215932979253e-05,0.00055300145900333,-0.00155348143633588,-0.00145433890011904,-0.00106149635029371,0.000136772023471606,-0.000772280920174468,-2.69966310867663e-05,-0.00163524087087799,-0.000164546502641271,-0.000221920764086885,-0.00065608293596404,0.000179213783614059,-0.00247432065385849,0.000949414707087738,0.00145691896622213,-0.000798345771366838,0.00105107284139189,-0.000111010809429892,0.00042289946645069,-0.000450709489443134,-0.00151257416964978,0.000837039763653152,-0.000274057548214288,-0.000557950503738152,-0.000519414789925081,-0.000487236451380858,0.00333862692772622,0.000340502431285522,-0.000524035649960009,-0.000396791571158549,0.000862558916793544,-0.000386032178630798,0.00149160583220064,0.00129991523758538,-0.00133640697913611,0.00152428703457943,0.00259810534835982,0.00238768491249059,-0.000627666047807564,-0.000128919128621671,-0.00107559309091559,-0.000664568662644462,-0.00192691757636927,0.000600081295937991,0.00121130111764628,0.000954457840649258,-0.00108446769393444,-0.000425486143626435,-0.000435533165280923,0.000479037543369828,-0.00136707687866259,0.00274404394865975,0.00221881321894563,0.00458015249765119,0.00144125660269706,-0.000804682533706103,-0.000846008417318793,0.000247287780126825,0.000313709502949218,-0.00103961035654115,0.00168766973303515,0.00223500878550404,-7.02723052575964e-05,0.00169650135463441,0.00254514380165126,0.000101505491617167
-0.0781469791933614,-0.106931307797958,0.105022894243573,0.0938128382898373,0.103763979853828,0.0923798295154313,-0.058119266794748,-0.0561778506774458,0.125555511941115,-0.00928298571289757,-0.0536365172148158,-0.016752431510989,-0.047528996691964,-0.0450846109831376,-0.0393880864284526,0.122373303988203,0.125776949069788,0.10759831025686,0.130598052657165,0.0116119442048189,0.116235314736808,0.106987614785492,0.116325764390963,0.123602282661406,0.123934452468846,0.109314889770152,0.126555352229214,0.0824108431606998,0.107635033777931,0.107976883813446,0.109922062126041,0.106186907983932,0.0986186108451675,-0.000205888656627905,0.000782825372400747,-0.00172053610992781,-0.000858209768925926,-0.00135861015268192,-0.000339206231287503,-0.000982997777434891,0.000673271329136765,-0.000688564041139789,-0.000349546665493846,0.000328811842336922,-0.00086771236195374,0.000859467920793932,-0.00228345043735473,0.000728420025564965,0.00193470988183677,-0.000757178699232325,0.00157567513651493,0.000604971497147848,0.000446823259856631,-0.000191897485944008,-0.00078841325925147,0.000982959799967945,0.00030984921620965,-0.000234886824420157,0.000173582149733455,0.000158994198911625,0.00348676850044174,0.000770183774953935,4.64830164741643e-06,0.000227135631384254,0.00122252448039545,0.000128231684341315,0.000822461394143301,0.000739118112114075,-0.00142099223495168,0.000969256997579167,0.00180035230283662,0.00238507328028926,-0.000265189927489045,0.000181263552926277,-0.000776785307717516,-0.00028088890062761,-0.00143051651325522,-3.83865726653686e-05,0.00062965009402286,0.000446888852230392,-0.00082354167268348,-0.000812218616347897,-0.000254104995016023,-2.79584696783943e-05,-0.0011861994182671,0.00225995216753351,0.00147517374164104,0.00386575038366116,0.000751018241381937,-0.00120613505939617,-0.000900980795261646,-0.000272452531076295,-0.000158154053773959,-0.00115491643776902,0.00106400205339595,0.00156982404086248,-0.000302150205721877,0.00108830418585209,0.00186806762282971,-0.000189516176673949
-0.0948854420466592,-0.129848527504516,0.127573298608081,0.11396879443187,0.125974435776924,0.112214120972548,-0.070479733947827,-0.0681456004990183,0.15243577979122,-0.0112427963257505,-0.0651649423219303,-0.020347252370273,-0.0577260087952124,-0.0547287299364542,-0.0478808722701696,0.148602903050672,0.152730761512864,0.130598052657165,0.158576471493455,0.014070197440578,0.141148855232292,0.129878842260825,0.14130210355775,0.150065920511502,0.150503869403618,0.132751445745417,0.153652872580024,0.100058711902204,0.130659396504445,0.13105824310392,0.133461372893903,0.128915633421165,0.119715493616511,-6.20244145132578e-06,0.000651245279710292,-0.00169992061791562,-0.00142162717646553,-0.00120882026743635,3.29976106716724e-05,-0.000876116063303317,0.000126943822344992,-0.00153641583327033,-0.000218394399569071,-0.000117434937306678,-0.000753417954812699,0.000345736345432307,-0.00261049187543077,0.000976896461817254,0.00166982362107762,-0.000844565753381125,0.00124074768437707,4.14545832347547e-05,0.000458506109199252,-0.000436189538414841,-0.00144529052586793,0.000929157911056919,-0.000155132919459986,-0.000525536753788856,-0.000394412740294834,-0.000379000840406863,0.00361292274588364,0.00046988161867077,-0.000437754544820737,-0.000285025818586101,0.00101015686428714,-0.00029017646756368,0.00152339522569589,0.00132817678820663,-0.00140529309895049,0.00156809054675173,0.00268025338476854,0.00249714518689426,-0.000639107602112877,-0.000126007808662505,-0.00112292793293162,-0.000660155243018646,-0.00198006910045175,0.000598197093524024,0.00124303325826972,0.000985179915058637,-0.00111548453806515,-0.00046525489742926,-0.000444877425469018,0.000472512944263286,-0.0014217805509926,0.00284230653545089,0.00228582593914254,0.00475618053447043,0.00147531266138174,-0.000868206483143403,-0.000891206441413929,0.000235439701527423,0.000310032181475285,-0.0010877437201172,0.00173842635649585,0.0023097514646991,-8.19683342082408e-05,0.00173993718242305,0.00263078123631922,9.59335927342684e-05
