0.0623102125941913,0.0776139117078829,-0.0774146237031802,-0.0699485666044975,-0.0762922566433699,-0.0696314850150626,0.0407656845913107,0.0385092019010829,-0.0936375620224109,0.00600623462382578,0.0338333585682243,0.0116879170239444,0.0347147935408061,0.0294198589187669,0.0263482347920211,-0.0865541121329567,-0.0896912815328563,-0.076965450488533,-0.0933330574470554,-0.0101559289765457,-0.0828393990975549,-0.0789080004459396,-0.0832990933894483,-0.0899295693551364,-0.0884123738982803,-0.0798397602383505,-0.0910344362360961,-0.06093460767987,-0.0765241863915169,-0.077565488128405,-0.0799189342366466,-0.0784877011253147,-0.0692904826324816,-0.000860954068992403,-0.00150998342867857,0.00191636562561216,0.00180232047713957,0.000658666280358622,0.000927641202047285,0.00422245969931572,-0.000403998792145696,-0.00256484929589676,-0.00306441451252065,-0.000324485197889075,0.004747489433296,0.000140707433508286,-0.000635772495253586,-0.00084425573236155,-0.00132696116200322,0.00305622644068092,-0.00119923422192069,-0.00184224405418337,-0.00182680385016888,-0.00264112083321088,-0.000896985004710763,0.00312599459121307,-0.000835491801453852,-0.00129259700770413,4.83205642925028e-06,0.001265926274884,-0.00223250616317341,-0.00284848068642642,0.000433358343678271,0.00272236721129832,-0.000800893390684447,0.00136901272646069,-0.00182518090375626,-0.00449335859709689,6.27718366977583e-05,-0.0021311382003661,-0.00248482156669206,-0.00259005482216705,-0.00155304368328122,-0.00143513351084261,0.00124437867296874,0.000789585938446439,-0.0017559738734839,-0.000325294321930587,0.00159460928274133,-0.000280750686089566,0.00438928759301667,-0.000591980035966632,-0.00207647809631566,-0.000843296647578712,0.000495321524543412,-0.00242269886400108,-0.0028274482240489,-0.0077242075733956,-0.00119255574924588,0.00296022704797071,0.00313564053491549,0.000193623069387763,-0.00141930440251825,0.00168034073719544,-0.00205532291809727,-0.00404056562883972,0.00112867461420739,0.000453154827765798,-0.00255916523548473,-0.000623446539495212
0.0776139117078829,0.11528824094596,-0.106118080087783,-0.0960378795798702,-0.107218886654404,-0.0963801791086079,0.0559799846859646,0.0506730626816064,-0.125814823349646,0.00743041199325007,0.0464082970528711,0.0140259739664811,0.0433604847489578,0.0432782870495062,0.0359469099329396,-0.120571266979222,-0.122763194312835,-0.105434677147692,-0.128295203457186,-0.0134238193351128,-0.111709694015349,-0.10379211714786,-0.115319144515453,-0.121303880579278,-0.122242729835498,-0.109181178219348,-0.12119207965311,-0.0833711516770218,-0.10412179275133,-0.10754879677478,-0.106677857565858,-0.105535425014084,-0.0957043129256205,0.000542668066398936,0.00102706669438835,0.000342741932743186,0.00286978819830632,0.00389326788281073,0.00133934988432712,-0.00327764961947076,0.0010198441976373,0.00518273567703464,0.00287256579759753,-0.00224203769182749,-0.000509685274696137,-0.000607561559188671,0.00551505238893623,-0.000719139198962023,-0.0024207172221694,-0.00267869406210445,-0.00251016097879176,0.00152837389955444,-0.00173792146506893,0.00256663840177739,0.00240309614974606,-0.00651287311975707,-5.93924658342494e-05,-0.000842792217301138,0.00481468381290181,-0.000707779913411159,-0.00236702412846011,0.000547729872125275,0.0028175430328606,-0.00334382780088659,-0.00102782253790903,-0.00222571950047833,-0.00112567518866064,-0.00472333735908271,0.00039781769800556,-0.00226882589673752,-0.00144735073985828,-0.00225571658829755,0.000275659376651534,0.00218343002553975,-0.000376411972670351,-0.00813153528291993,0.000583165000854844,0.000261937896130883,0.000709068542279142,0.0019591303069677,0.0013769726932277,-0.000686105721757704,0.00316547152081503,-0.00187868816258508,0.00141448473772953,-0.00647047178506179,-0.00124967086084989,-0.00574806251434325,-0.000201083013392065,0.00341806792479947,0.00399723968550322,-0.00026409405703669,-0.00141217507258614,0.00345317796943078,-0.00138856874744847,-0.00105920928540364,-0.000144853119273459,-0.00448793414103346,-0.00422068205989758,0.00604916861529555
-0.0774146237031802,-0.106118080087783,0.109435029938559,0.0959407903888364,0.10304094607044,0.0922329260995464,-0.0515239370832151,-0.0540724801538553,0.125315644753763,-0.00468561436729932,-0.0472413785537385,-0.0157789793423139,-0.044033832581091,-0.042306520840752,-0.0349909346908401,0.118161874221133,0.120711008034089,0.104749759526606,0.125661612039531,0.00897886006276913,0.110656856208053,0.104495217032207,0.113886406210075,0.119274364717749,0.118776142425525,0.107862243359344,0.120501366730235,0.0796936762886421,0.104002720730387,0.104545565836297,0.105699891057449,0.102637675808411,0.0942265973690479,-0.000545194116518668,0.000263818393889991,-0.000352283155769446,-0.00192258577542405,-0.000908664537852295,-0.00207190528251685,0.00137320264868086,0.000261058798312728,1.35541334593301e-05,0.00046303058463854,-0.000807467196906488,-0.000170720344972352,-0.000767413138271476,0.00200314615644222,0.00196317124114192,-0.000204276723629723,-0.00214024098068903,-0.00145634268642978,4.84358241419568e-05,-0.00473875591156466,-4.66279433413672e-05,-0.0020015114594251,0.00165933463394243,0.00262686598454705,9.47140566026834e-05,0.00055646590327032,-0.000660797368693383,0.00320539102346121,0.000494181766618489,0.00129972943901918,-0.00060624271410988,0.00109071727030158,-0.00026174047937107,0.00176614596337721,0.00487809860837311,-0.00163258768855454,0.00354713582255465,0.000909721156160293,0.00416741886478075,-0.00440716924012582,0.00051276205154947,-0.000308885654390425,-0.00312808892687149,0.0020145378090491,0.001040859449656,0.00172089292839045,-9.13001612393142e-05,0.000474460108510742,0.00119232144045645,-0.00384114356014083,-0.00157469182401074,-0.0043952442487678,0.00510746391696148,0.00233263770219492,0.000833277818893653,0.00808207493181511,0.00200761720056192,-0.00250529399456725,0.00409112807833376,-0.0010575485861641,-0.00217676011408963,0.00325796284718027,0.000752534072772217,-0.00168547069584303,0.00330065786730827,0.00636456224107003,-0.000411460683149494
-0.0699485666044975,-0.0960378795798702,0.0959407903888364,0.0871653050757281,0.0922205704406211,0.082190314936757,-0.0446387191509409,-0.0463714379178646,0.109841716593729,-0.00565148482516963,-0.0420305117308289,-0.0151600455528723,-0.0414516881647966,-0.0365626583262003,-0.0310883024381848,0.105207503543163,0.108058071239964,0.0931586833679116,0.112425206409672,0.00979165080262741,0.0977621638974927,0.0926941602816472,0.101287775602766,0.106616329058089,0.107130447343775,0.0972769720837824,0.106817164744389,0.0708400308805332,0.0925797240345938,0.0943043022232629,0.0945114918502077,0.0937557337199238,0.083592633321207,0.000618175112049312,-4.93436231362305e-05,0.000214151908769186,-0.00326335816978229,-0.00110753927799177,-0.00116376227984009,-0.000105412691876061,-0.00160745460651345,-0.00145735186519959,-0.00105949837818373,-0.000292788670069494,-0.00215735835110891,-0.00115079271974234,-0.00274530376938005,0.000798612669058009,0.00285376567561643,-0.00153843987402854,2.66858698996841e-05,0.00155510794329924,-0.00380523824482557,0.00291733264331927,-0.00065594550058511,0.00230059366595866,0.000450850231245199,0.000706702049615326,-0.00213128323300165,-0.000511331952385786,0.00364888612633976,0.000160185882756036,0.00165231298803989,-3.24474914616072e-05,0.00103854424162002,0.000499744137138597,0.00232080983169813,0.00425370350674709,0.000969783516805687,0.00410965883899544,0.00193024709847246,0.00418652671226858,-0.00166599186298743,-0.0016312138736314,-0.00290294451157511,-0.000705658928032958,0.00124633997936876,0.000665694579102779,0.00151348275535449,0.000639245244260783,-0.00129783003570089,0.00261613238433634,-0.00184479417126881,0.000878383317639291,-0.00212396385465688,0.00528977547172707,0.00170995864492355,0.00262481519134559,0.00636811214623012,0.000662557794219128,-0.00456890645818297,0.00553054464421189,0.000206804322372345,-0.000870755226138791,0.004067999836374,0.00160936387662054,-0.00148839056491212,0.00367137044987876,0.00641903034493315,-0.00116424172556463
-0.0762922566433699,-0.107218886654404,0.10304094607044,0.0922205704406211,0.106013673149535,0.092237287545801,-0.0561198404191749,-0.0505347674189419,0.123685192176303,-0.00707504576387132,-0.0432525175903073,-0.0116063455760892,-0.0429366038395691,-0.0402954191354279,-0.0342099827336641,0.117116658589443,0.119873212069434,0.10316874142172,0.123796350338265,0.0124307031445957,0.109573125440149,0.103963952461024,0.111299123693318,0.116065457595783,0.117858722758338,0.103908340810464,0.116813232850127,0.0784768622213571,0.10366992691079,0.102920127351952,0.104342720637614,0.100819439508507,0.0948309280524243,-0.00107810843038218,0.00233662905967025,-0.000188817153376435,0.00132175060562266,-0.0016209143352194,0.000791031680542245,0.000603879953000576,0.000854619976850115,-0.00116787150535065,0.00122710638308796,-0.0010634110639833,-0.00187033192616632,0.000688755785822359,-0.00574724049291073,0.00287620788573202,0.00193731734398883,-0.00184636213229107,0.00220853427567487,-0.00112263215156297,-0.0013439451773593,-0.000373879678533685,-0.000794961554014081,0.00258212642539554,0.00349651042550369,0.00299317245221171,-0.00398657631592437,0.000443746940292035,0.00488429198317864,0.000260242236635359,0.00116945147138797,0.00178271944645638,0.0018792186258265,-0.0010003676293828,0.0010058467955471,0.00127573003987208,-0.00343932262643968,0.000683177497665433,0.00153225309343127,0.00509484203321542,0.000397513959802047,-0.00408231258943318,-0.00225665043638786,0.00450426319938912,-0.00127272893827237,0.000503601434282659,0.00172284289275651,2.18363101408762e-05,-9.1488584656971e-06,-0.00101741223980687,-0.00102195215540407,-0.000218216541923036,-0.000193733342316856,0.00733040542349427,0.0010672396477368,0.00303022835707613,0.000324077568284247,-0.00390348933851719,-0.00193422729920025,-0.00122091894878459,0.00128319277362749,-0.00302228277137349,-0.00133988408107683,0.00345307008995881,-0.00240372267028589,0.000478949917770791,0.00373843920718823,-0.00424414510912714
-0.0696314850150626,-0.0963801791086079,0.0922329260995464,0.082190314936757,0.092237287545801,0.0856888218845345,-0.0491133337287283,-0.0450847944098444,0.1103791689919,-0.00585212214433504,-0.0393980588241902,-0.0113437247665076,-0.0381763604975542,-0.0370595075918897,-0.0313792534906468,0.104263491167397,0.106184564158313,0.0911972087764257,0.110916996906238,0.0141727360847741,0.0983368857668192,0.0920279645578156,0.0978907066254244,0.105782643886969,0.103454539109941,0.0930322448729356,0.105738780084737,0.0719166099456564,0.0887306035916162,0.0925605714282645,0.0928545695809506,0.091143314284996,0.0833007641552565,-8.24494669401076e-05,0.00129577603797838,-0.00143063674630899,-0.00167975104230073,-0.00180698736071839,0.00148024064899723,-0.000370481864046926,-0.000767738803406333,-0.00230902533341733,-8.18237224384968e-05,0.00158533723463195,-0.00142636522433041,3.66965919042224e-05,0.00210978467767522,-0.00140095203154975,0.00017706014358021,-0.000187020137540301,-0.000590287439918999,-0.00160194708107633,0.0007572471339469,-0.00283926607934389,-0.000248404280187705,0.00400942021699588,0.00107045318151258,0.00196648767714045,-0.00118479211463323,0.00022505807106466,0.00279131919059155,0.00116214819077246,-0.0014447687182371,-0.000332057112307329,-7.87540545229768e-05,-0.000180256243670843,0.00105653002849276,0.00571032905070593,0.00023712144088899,0.00290216755873628,0.00284849472844454,0.00479586185621789,0.000446116744712565,-0.000823767616379396,0.00123427625818874,0.00134620100965765,0.00152188036527119,0.000653677651996657,-0.000228078662569498,-0.000283154924604689,0.000868584638014875,-0.00118526923204271,-0.00219510762026081,0.00064196644749769,0.00115087106365876,0.00393149398821526,0.00178737287770153,0.00800319862393432,-0.000374959907509098,-0.00514471860412466,-0.003595230563889,-0.00244698480545651,0.00244576958713597,-0.00346662239479054,-0.000245763590200393,0.00280520654076069,9.34348193155879e-05,0.000345034599945654,0.00225875244206973,-0.00197457421473058
0.0407656845913107,0.0559799846859646,-0.0515239370832151,-0.0446387191509409,-0.0561198404191749,-0.0491133337287283,0.0410294740527938,0.0320318390588233,-0.0700470492554458,0.00746036969584094,0.0282253411467368,0.00531899023741091,0.0246536264491432,0.0230314400497681,0.0224264375452041,-0.0662233820289943,-0.0691842730920522,-0.0587418568506959,-0.0699092851734378,-0.00543805108698192,-0.0668287415706554,-0.0576553228936148,-0.0644815266057431,-0.0660704231526554,-0.0674762223227337,-0.0556757371543365,-0.0697035932761028,-0.0467056082897795,-0.0592462794147578,-0.0552106856962525,-0.0609626430196588,-0.0548616605408928,-0.0550150668619315,0.00222847354609877,-0.000438073989455388,0.000302405090166046,-0.00307681715243396,0.00108742422500359,-0.00211791087464492,0.00150946657955071,-0.00273127370480668,0.00118092048814202,0.000994039987253991,-0.00121059211223034,-0.00242324390519562,-0.00217257625100078,0.00156445033316522,0.0010809851928993,-0.000874141937755041,5.19270389517284e-05,-0.00314644337326048,0.00117663160577253,-0.00517828499827138,0.00230251369760369,0.00036151818645184,-0.00109152247691579,-0.00389134859484113,-0.00305690686379852,0.0011420674195233,-0.00103580555349534,-0.00215527492909167,-0.000938844891116135,0.00188874055086467,0.000602398926333529,-0.00218476287792972,0.00329323884647886,-4.01896589800006e-05,0.00338138336759701,0.00420637844276708,0.00293093758112082,-0.00340710094449745,0.00247162435073789,-0.00288231027071934,-0.00230294266626058,-0.00119732422637518,-0.00269434162623305,0.00757467904938203,-0.000225600902307056,-0.000216215125379738,-0.00111196713286489,0.000865821405227627,0.00432044729039714,-0.000935317065022477,0.0011977098611993,-0.000256628041520579,-7.01443534466832e-05,-0.00101290339889439,-0.00365233986860396,0.00476691778533703,0.00350362938347396,-0.00261995758501804,0.00550881236026389,-0.000999906788010638,-0.000267398673043961,0.00306859540003969,-0.00266346379665079,-0.000964511828954078,0.00249719686705686,0.00305653851606378,0.00111614024763278
0.0385092019010829,0.0506730626816064,-0.0540724801538553,-0.0463714379178646,-0.0505347674189419,-0.0450847944098444,0.0320318390588233,0.0388657631762902,-0.0660973136299877,0.00322957935766984,0.0347868059953421,0.00948263422639216,0.0226114650372816,0.0217607633857796,0.0252738685508856,-0.0653145611773096,-0.0679783600331089,-0.0574609735073773,-0.0691676971332473,-0.00652808744009046,-0.0624636875024769,-0.0580689248729723,-0.059996535798328,-0.0630098708475998,-0.0644083335376228,-0.0565598902179447,-0.0666193020017773,-0.0452390717639142,-0.0573204250216934,-0.052580190698474,-0.0615321464765288,-0.055110402093599,-0.0502032254193084,0.000576216703004641,8.70838059008976e-05,0.00412504371817998,-0.00332417631361447,-0.00245183749713707,-0.00170866616492621,0.000454581163284404,-0.000297799204660078,0.00130250479767228,0.00457021799059616,-0.000777129651679782,0.00196191392167201,-0.00344408535955711,-0.00219760898182944,-0.00282271912206035,-0.000172317755533465,-0.00200168227770019,-0.0017278966591979,-0.00147642933077467,0.00026317435682428,-0.00019287340161114,-0.00201042650504941,-0.00252466938160266,-0.000466155656133818,-0.00063608128925783,-0.00185273430442711,0.000960323382741623,-0.00177280865151382,-0.000558274439783593,-0.000368831937948052,0.00308805779054573,-0.000654392078281731,0.000559501537914059,4.18771170344158e-05,0.00302144947142607,0.00147507617320912,-0.000288887270409817,0.000876650039535671,-0.00109414461656747,0.00425581438877341,-0.00244138249866202,0.00192042089565777,0.00847637758399629,0.000100777859629158,0.000314280967334002,-0.000605310024292584,-0.00221526651199799,-0.000875068143255685,0.00113697825521044,0.000140929780223305,0.00244336202654924,0.000821125099178795,0.00117075204176576,-0.00140225421554571,0.00269060912041107,0.000123208155878358,-0.000376452500261786,-0.000808623665184128,-0.00104156769922186,0.00221729653819667,0.000828339719413604,-0.003594095905601,0.000737878289583949,-0.00214569335128348,-0.000801540744757185,-0.000369716002855185,-0.00121750250929116
-0.0936375620224109,-0.125814823349646,0.125315644753763,0.109841716593729,0.123685192176303,0.1103791689919,-0.0700470492554458,-0.0660973136299877,0.153055188457634,-0.00771865407785536,-0.0556124384128121,-0.0155063210104904,-0.0498664787308482,-0.0473570721785659,-0.0433269018520409,0.140204314512242,0.144353292278567,0.125093149871283,0.149821733192757,0.0116528871213903,0.135735709269416,0.124922916352567,0.136785206634537,0.141301320032145,0.142369763917537,0.126486135996373,0.145255600585563,0.0986647454961511,0.124171237544957,0.121490763610043,0.128816822396124,0.121932853481527,0.112476208315004,-0.00244599071717215,0.000227643574769147,-0.0013778017515476,0.000728838802237585,-0.00142831658265071,-0.000392976744546112,-0.00197030158670436,0.00210838009371132,-0.000237216368089826,-0.000184652583092606,0.000165872297779124,-0.002149837734554,0.00229345668226602,0.00049427281972252,0.00197815281477288,0.000485211889266633,-0.00148364479326913,0.00321729078556164,0.000294907523764368,0.000399082190832941,-0.00013741463318021,-0.000552061493548443,0.00111251089282591,0.00546903839737956,0.0032095559290285,-0.000296519972126711,2.46012382350485e-05,0.00518817016215021,0.00194328133337721,-5.65003305867609e-05,-0.0020938928661416,0.00305704860731167,-0.00253455756448498,0.00406198088135783,0.00425654205918597,-0.00343334762563119,0.00231313785726966,0.00432567202020202,0.00270429154250304,-0.000895942196416956,0.00351111895568389,-0.000376575620716956,-0.000551762633143947,-0.00312399889047854,0.00116265611831906,0.000771719652938143,0.00137409338133758,-0.0021165795495083,-0.0014066640037744,-0.00123662082014669,-0.00187510076800489,-0.00258889419744532,0.00394289389353042,0.00344084879733396,0.0045828528779073,0.0031877102417095,-0.00223657216041625,-0.000849359982159506,0.000185559073127346,0.000527686882487764,-0.00185753724934958,0.00196276038642955,0.00377133419918975,-0.000845450332044412,0.000997194205975843,0.00337721346507372,-0.00114479354065041
0.00600623462382578,0.00743041199325007,-0.00468561436729932,-0.00565148482516963,-0.00707504576387132,-0.00585212214433504,0.00746036969584094,0.00322957935766984,-0.00771865407785536,0.0063978577066142,0.00752233952746939,0.00376747860118056,0.00620063301316711,0.006136528732003,0.00521321879501605,-0.0110755281022223,-0.0108008531049273,-0.00934089707300039,-0.0130719118857584,0.00110297018339196,-0.0119944930856058,-0.00820075554908144,-0.0100394708931008,-0.0149840168585193,-0.0142428093275904,-0.0105017238595898,-0.0132574920397158,-0.00734951306595388,-0.0101830223375655,-0.0117450464087776,-0.0101689707904679,-0.0105935672642822,-0.0106939585820114,-0.00183437172920736,0.00103293833620962,-0.00105645157063707,0.000932380001502634,0.00145745693630176,0.000906617608064765,0.001029236009835,-0.00088475703919009,0.000951436696918001,-0.00163228345846236,-0.000702803904234108,-0.000656499946323673,6.04411819740903e-05,0.00373469262567218,0.0024068808219513,-0.00068602673991087,0.0014830709160977,-4.3186469488334e-06,-0.000839083955299273,-0.00195659744906223,0.00149772254611092,-0.00112384524466092,0.00268729760520611,0.00117731601879546,2.39906728265404e-05,0.000632028975044363,-0.00172513332316875,-0.000785723218466489,0.000227340011540926,-0.000977989265762629,-0.000334200309394845,0.000487025634259138,-0.00116388334026195,0.000158552397793267,0.00144830246203543,-0.000332159138179255,-0.000346351989758841,-0.00145017337227138,0.00146766871844528,-0.00318671317897269,0.00173544416000403,0.00222100455891076,-0.00383166105441494,0.00268102542788951,-2.30235191995987e-06,0.000160537718224692,-0.00132870544891582,0.00123244069454748,0.00114374658661585,-0.000409883473272809,-0.00235746193516099,-0.00178332541654457,0.000471151036178089,-0.000404437533113049,-0.00212437587775493,0.00157025244454556,-0.000476431991317615,-0.00256904501618393,0.000708785327261665,-0.00070077741471972,-0.00175866680682872,0.000905091394581809,-0.00281579651155318,-0.000374077135817091,0.00244184352482643,0.00095168806191991,-0.00121061431363858
0.0338333585682243,0.0464082970528711,-0.0472413785537385,-0.0420305117308289,-0.0432525175903073,-0.0393980588241902,0.0282253411467368,0.0347868059953421,-0.0556124384128121,0.00752233952746939,0.0381949683372937,0.0140905136552298,0.0242639821454772,0.0239650046988913,0.0260096660451059,-0.0619621261085862,-0.0634858089609436,-0.0529775890650538,-0.0659619736439723,-0.00525972808656855,-0.0573775154337359,-0.0522597985460739,-0.0549875635533625,-0.0636599017310041,-0.0635151290041845,-0.0550094007699138,-0.0638169381615978,-0.0422963258107321,-0.0536614312353594,-0.0525985977353578,-0.0568834743819371,-0.0539803294557842,-0.0469390454291646,-0.00241777246753516,0.00150412206154162,0.00279648721612052,-0.000156875023057416,-0.00190433369502297,2.27979544700021e-05,-0.0021480128320343,0.00133077336464426,0.0030452557982094,0.0034805990282896,-0.00114359380061179,0.000592700250111027,-0.0012796437727371,0.000883668513217449,0.000346747213633508,0.000353527765532815,-0.00153619402853416,-3.85887476028836e-05,-0.00176832005854429,-0.0010783104507914,0.0025690339911714,-0.00144896815497527,-0.000951397040938141,0.0038548563137676,0.00287123410982957,-0.00132964804300844,3.22090458225843e-05,7.69316218869669e-05,0.00122186147375112,0.00139779892226561,0.00101308136911013,5.28136235487719e-05,-0.00275422829459437,0.00215512360145173,0.00424584263549759,-0.000288883113058712,-0.000654433908954767,0.00237114067071939,0.00123160230956439,0.00405937085852117,-0.00113257113427879,0.00304817609122083,0.00578518926289231,-0.00112122616420944,0.000744121721013713,0.000741845119328923,-0.0016723574399599,-0.000137172901897853,0.000889618263210114,0.000773689362998795,-0.00019036193038125,-0.000283913383032882,0.00111519623141749,-0.000968489896813991,0.00118263865267439,0.00127773835590838,-0.00232463357976421,-0.00156020619500047,-0.00131646085285033,0.00260911504978358,0.000320274417680564,-0.00379140374736442,0.00148876541658589,-0.00262533728441729,-0.000541899185622484,-0.000696847469609408,-0.000621296737748474
0.0116879170239444,0.0140259739664811,-0.0157789793423139,-0.0151600455528723,-0.0116063455760892,-0.0113437247665076,0.00531899023741091,0.00948263422639216,-0.0155063210104904,0.00376747860118056,0.0140905136552298,0.0109550232085983,0.0102585027496088,0.0077003159615735,0.00824459920325451,-0.0197584411761583,-0.0196538683854793,-0.0156428935657319,-0.0212726759882248,0.000598549645733467,-0.0170938583141203,-0.0166970610993409,-0.0195164657542403,-0.0230768128097106,-0.0224707768331389,-0.0207688574920215,-0.0217301013391664,-0.0135765580292815,-0.0176074172478815,-0.0185708686583798,-0.0161549673062464,-0.0203178312045334,-0.0142347665838674,0.000454469643934636,0.000785396087459219,-0.000515598472317694,0.00279518853065713,-0.0014713350546131,-0.000201455503084937,-0.00137544975853747,0.00196485786430243,-1.58751247354022e-05,-0.000857779569415297,0.00372282977752856,0.00274828016397752,0.00058621727099884,0.000725522212499262,0.00388608482812902,0.0012735938685464,0.000542387348052008,-0.000743260423767836,-0.00159958225567705,-0.00105986524764722,0.00123118043026627,0.00116561843835244,0.00262492884497213,0.00319295631593887,0.00797019642234388,-0.00449461648134173,0.000113403675964218,-0.00087112317524683,0.00108684512442526,-0.00134205446728214,0.000189480282389616,0.00244416781251523,-0.00340894211677731,0.000704067128048301,0.000320964651267532,-0.0027434547217371,-0.000502830157255726,0.00119761290749015,-0.00157383422529514,0.00186109000035856,-0.00168227350360653,0.00128948734664198,0.00353361090903832,0.000396671893849127,-0.000459766124479583,0.00164716026478615,0.000384468245149714,0.00213394599136475,-0.00146893747945939,-0.000479220406468004,-0.00199658543413398,-0.00102155454939056,0.00128647185191314,-2.31487876236061e-05,-0.000601714919388193,-0.00174302436669611,-0.00153268276309504,0.00056953203470468,-0.00351484056253206,0.000602471094950709,-0.000628315352396073,-0.00233600146013596,0.00202197902392635,0.00116922132429396,-0.00153132913797604,-0.00207428670580594,0.000734159222364767
0.0347147935408061,0.0433604847489578,-0.044033832581091,-0.0414516881647966,-0.0429366038395691,-0.0381763604975542,0.0246536264491432,0.0226114650372816,-0.0498664787308482,0.00620063301316711,0.0242639821454772,0.0102585027496088,0.0339285706684297,0.0218543990632403,0.0168026815581831,-0.055962611615534,-0.0603437788882728,-0.0484325221523349,-0.0566669716974057,-0.00762342796748573,-0.0509480178964173,-0.0484917449019614,-0.0529246704145452,-0.05593733423386,-0.0547659841777367,-0.0470883231454565,-0.05816581745229,-0.0318362604500557,-0.050202226245376,-0.0504785170865339,-0.0467486168337088,-0.0475383909011259,-0.0458728006872431,-0.000481250324501466,-0.0038722258030653,-0.000982072189498421,0.00211130102085046,-7.99450579930876e-05,-0.00161118984871051,0.00226705116614914,0.000654590567199469,-0.00369762359135075,-0.00115117861514964,0.000605383884853611,-0.0033208943783681,0.0041098568690938,-1.91073577480265e-05,0.00316297840406105,-0.00485289593984077,0.00364913898319958,0.00239017296835053,-0.000933793286111854,-0.00118126098439071,-0.00473127906982088,0.00253131262375899,-0.000248712026711476,0.000720888601218009,0.0018316928648417,-3.58511810550401e-05,0.00194837551071624,0.000404592555366521,-0.000838879766356334,0.000413580979470198,-0.000289169413563015,0.00038074787301832,0.00262566930195429,0.00326578690206685,0.00350106775104344,-0.000809588008628347,0.00318593293315314,-0.00179870091326123,0.00165020559434334,-0.00197326577839586,0.00126573926406407,-0.00137683109901018,0.00353562480310231,0.00171592387208309,-0.000696475404275518,-0.00174192999951463,0.000278743874977864,0.000872913359479502,-0.00139679655592811,-0.003858179682542,-0.000277434154649174,0.00163086477803182,-0.00135840906460644,0.000137970252421541,-0.00458856443730197,-0.000735208897822872,-0.00037926778061964,0.00463302405185163,0.000500007774315397,-0.00117562187687152,-0.00191472131728422,0.00150805939999751,0.000569510891310397,0.00174977704926714,-0.00100526566626578,-0.000520923233078771,-0.000813641856585889
0.0294198589187669,0.0432782870495062,-0.042306520840752,-0.0365626583262003,-0.0402954191354279,-0.0370595075918897,0.0230314400497681,0.0217607633857796,-0.0473570721785659,0.006136528732003,0.0239650046988913,0.0077003159615735,0.0218543990632403,0.0256599911501038,0.0178689011571087,-0.052496265579381,-0.0522827267711201,-0.0446706277313702,-0.0555784503636814,-0.00409205023049784,-0.0480099329059139,-0.0434218615810585,-0.0464495407725976,-0.0545049259810858,-0.0509791793899709,-0.0446520588550789,-0.0540446815986349,-0.031393366632613,-0.0442662747341889,-0.0486979067243805,-0.0436004530791708,-0.041817082188334,-0.0437773369710045,-0.0015162054428284,-0.000588255228309058,0.00247876102498702,0.000368920816359107,0.00446684326488354,0.00450402117355078,-0.00104638971060582,-0.00420213191757239,-0.00161665399187584,-0.0015319418159493,-0.00402359803078702,-0.00529482173492001,-0.00139065547208639,-0.00243121185679038,-0.00168694470069282,-0.000878144164557257,-0.000442671884961285,0.00297692941365364,0.000675383687874519,-0.00126586807147347,0.00415416226292445,0.00063842207253171,-0.00109675614446525,0.000733969143834865,0.000871312242472028,-0.00222038930126597,-0.00114250744396231,0.00101969941471702,-0.00129712209875242,-0.000940755471241058,-0.00185085444057543,0.00297446433971547,-0.00319615533516894,0.00229917464526237,-0.00148988926308374,0.000489601536162481,-0.00018473217115137,0.000736387928554775,0.00142674229889228,0.000597057840309511,0.00391451939357362,-0.00263959947376548,-0.00283222261805248,-0.00206161229816554,-0.000124357507607959,-0.00080068108969373,0.000878700702255467,-0.0020586650358274,-0.000190226594059634,0.00195335308599584,-0.000780794677653128,0.00286327003806611,-0.000669356587419237,-0.00165270760016874,-0.000844928305606626,-0.00111330277717527,-0.00278744534964491,-0.00192129891343319,0.00179161433012906,-5.00348570203188e-05,0.000822554446524142,0.000722419393306073,-0.00110817067922288,-0.0012847715718693,-0.000994941705860171,-3.86174607660245e-05,-0.00233992439842056
0.0263482347920211,0.0359469099329396,-0.0349909346908401,-0.0310883024381848,-0.0342099827336641,-0.0313792534906468,0.0224264375452041,0.0252738685508856,-0.0433269018520409,0.00521321879501605,0.0260096660451059,0.00824459920325451,0.0168026815581831,0.0178689011571087,0.0226172102190138,-0.0479694856715972,-0.0479194734547071,-0.0410421251113396,-0.0501006674331662,-0.00700289115730239,-0.0447693773099948,-0.0390331065461594,-0.041099028211846,-0.0472343700654524,-0.0469776635796125,-0.0400902638002649,-0.0492049957071694,-0.0307184393247571,-0.0395519843439987,-0.0410663431748041,-0.0431669849444791,-0.039639563755337,-0.0343208142235027,-0.00213983788349479,0.000666303291011441,0.00206999563018084,-0.000577630632299957,-0.000153020872296083,-0.000514756463779623,0.00032692112360128,0.000834208083894597,0.00129820662286941,-0.000527535505047557,0.000221284518535016,0.00145015850942911,-0.00177822258287898,-2.26161034097471e-05,-0.00386840906288527,0.00197062774929382,-0.00276665199623323,-0.0002478224343583,0.00160430506193046,-0.0014746174628893,0.00170943653660756,0.00114151184530612,-0.00141012194008929,0.00400190163324503,0.00176410525507653,0.00154072194890994,0.00106707189447983,0.00107840312475631,0.00364795196440813,0.0020506439446778,0.000203495302622803,0.00213927200627249,-0.00266531680403827,-0.00434536893204787,-0.000625785204741739,-0.00301557720123229,-0.00101189537601051,-0.00201010661623488,0.000228184535950839,-0.000894407158976892,-0.00126955478038826,0.00037637725738619,0.00136859718929974,-0.00148154870189015,0.000363672868625233,-0.00204715481549731,-0.00289886043126914,-0.00242157215466048,0.000480939518655986,-0.00451191621357314,0.00218383191341771,-0.00218740478917567,0.00133449818222252,-0.000275019602653915,0.00127412901750639,0.00424596064366961,-0.000463151878042665,-0.00152966146365696,0.00225692084911316,0.000529195838367273,-0.000145631681393381,-5.5918344344107e-05,0.00086659437740306,0.000334560776268832,-0.000582001614897834,0.00268510365944527,9.17033591599138e-05
-0.0865541121329567,-0.120571266979222,0.118161874221133,0.105207503543163,0.117116658589443,0.104263491167397,-0.0662233820289943,-0.0653145611773096,0.140204314512242,-0.0110755281022223,-0.0619621261085862,-0.0197584411761583,-0.055962611615534,-0.052496265579381,-0.0479694856715972,0.14218700934993,0.145403164661834,0.123313666486385,0.148868298308417,0.0156358482855901,0.132037886203121,0.122839178494248,0.131769092930393,0.141225804853009,0.141120800435163,0.123430663320087,0.143705250251853,0.0923067560482839,0.123533906412993,0.124255757208652,0.124906462176313,0.120226816037282,0.112333252539101,-0.000289784535984577,0.002511810999847,-0.00237243980356405,0.00111217991004652,-0.00159394726176524,0.000639931550834091,0.000794439196584985,0.0010229971467902,-0.000304958791746244,1.37077626501667e-05,-0.000161068671491807,0.000229737703234822,0.0016106296013796,-0.00184553398999069,0.00230337090787307,0.00168377868037024,0.000180977727948199,0.000782023356971021,-0.00100910401988123,0.000910765066938699,-0.00220931712788976,-0.00181247616723098,0.00420475723454842,0.000124940071445162,-0.00153339108013346,-0.000447334842847672,-0.000193773557451547,0.00303824075535646,-0.00097764839643232,0.000121700688615643,0.00166345086076809,-0.000816937008942347,0.00170970156141078,0.00104917871308509,0.000175417442147919,-0.00025616359848215,0.000217055484243968,0.00219435344458246,0.00228257578249425,-0.00121080862179387,-0.0026263173326876,-0.000358294552031796,-0.000810767181161957,-0.000668091539509027,0.00127159633933592,0.00315708173714536,0.00173707232127078,0.00199674121489395,-0.000187230809068633,0.00141333101485541,-0.000800511930352127,-0.000129367734335028,0.00406628504218266,0.00181699554832055,0.00237893457306374,-0.000853672159722992,-0.000796652485694532,-0.00107990973822596,-0.00162533093038276,0.000976235530804518,-0.00148691571573379,-0.000344905369414744,0.00102009404287894,-0.00110613602304238,0.00236801592029938,0.00181845679914879,-0.00213659226773141
-0.0896912815328563,-0.122763194312835,0.120711008034089,0.108058071239964,0.119873212069434,0.106184564158313,-0.0691842730920522,-0.0679783600331089,0.144353292278567,-0.0108008531049273,-0.0634858089609436,-0.0196538683854793,-0.0603437788882728,-0.0522827267711201,-0.0479194734547071,0.145403164661834,0.150972812122214,0.126808105955279,0.151972962962462,0.0165628861419983,0.135698732472941,0.126946012133225,0.136362998653995,0.143401861261719,0.144379798857392,0.125884281923975,0.147685023306361,0.0949176751946472,0.127832782968166,0.125735383782651,0.128900095210079,0.123437157760283,0.115652057463725,-0.000686117291425237,0.00294974231911321,-0.00233788471162973,0.0011041299320669,-0.000226365701457279,0.0020129181833708,-0.000388264611349736,0.000186078225112523,-0.000143493185884611,-0.00173904144499801,6.84772168476044e-05,0.00101998171815754,0.000327278904011771,-0.00198227266912706,0.0017191148939413,0.00362806365069859,-0.000217361294862172,0.0010876103308039,-0.000278820553242924,0.00197576660408704,0.0010671126305431,-0.00194741654890389,0.00417615258825291,0.000570358928159327,-0.000400308435888956,-0.00142719739753613,-0.00173062183400549,0.00225502398818056,0.000221311067618965,-0.00109821034355565,-5.2947468088629e-06,0.000254996879268375,-0.00137946507593713,-0.000645368019253857,-0.00225118386565562,-0.00135245036988915,-0.00145407748647873,0.00215914571601339,0.000657409896463281,-0.00120172177944169,-0.00158164725361671,-0.000348694368942665,-0.00309579939300216,-0.00246405196923164,0.00112193793601756,0.0025330640701541,0.00134682890789704,-0.00020318674840539,0.000257577430466752,0.00221965728218069,-0.000630772355386829,-0.00150567153254759,0.0038379041337427,0.002027198436432,0.00365580545069682,-0.000659068679230093,-0.00133386517639542,-0.00286419434666625,-0.0010619020256393,0.000938701345178404,-0.000849786197996787,0.000591133225951353,0.0008985229358476,-0.000285328779479958,0.00283041649536589,0.00197037394410319,-0.00170895209083571
-0.076965450488533,-0.105434677147692,0.104749759526606,0.0931586833679116,0.10316874142172,0.0911972087764257,-0.0587418568506959,-0.0574609735073773,0.125093149871283,-0.00934089707300039,-0.0529775890650538,-0.0156428935657319,-0.0484325221523349,-0.0446706277313702,-0.0410421251113396,0.123313666486385,0.126808105955279,0.109028025515693,0.130277602096362,0.011652631700674,0.116748648835348,0.106489828568862,0.116227805998115,0.12335361296215,0.12378553191507,0.108575981802475,0.126423197236146,0.0813044404776721,0.108198803751474,0.108056445655207,0.110900675241001,0.10498741533069,0.098017078317166,0.000710301163251442,0.000792106813581834,-0.000957385850572194,2.51942476880425e-05,-0.00190405616593765,-0.000929166577134927,-0.00102572652121343,0.00140226462816222,-0.0001038593321507,-0.000436877728847523,0.00129097218752248,0.000934022740207619,0.000859275971396893,-0.00167307459843775,0.0026544052877208,0.00246972516192719,-0.00108763429274029,0.000436676132732573,0.000306340710135708,-0.00122075178769865,0.00101406178917323,-0.00110380014435987,0.00277360976592384,0.00148145300585654,0.00238767033481122,-0.00231242341512121,7.98429805692409e-05,0.0030101132050343,-0.000625115725613888,0.000146148159193048,0.000478448455518729,0.00163490828014823,-0.000359685150741383,0.00216232813223101,0.000160295130181747,-0.00130335999279155,0.000953056819141984,0.00281698400697914,0.00116465500412419,0.000560636146711281,0.000309236230376496,-0.000870705021113459,-0.000266779747155229,-0.000860262647553684,-0.000471109266894211,0.0026856921176849,0.00160414512292078,0.001317019644741,-0.00116927187869272,0.000905515023262205,-0.0027976102031601,-0.00216289341500149,0.0033835083531366,0.000957651695358305,0.00111477495134316,0.00113671023397378,0.00028856424357359,-0.00108137872335939,-0.000427540385474991,-0.00103139758672192,-0.000450651503357379,0.000291741804611026,0.00112938758853688,-0.00142280951669646,0.000864031704757795,0.00142776780349118,-0.00055822747526084
-0.0933330574470554,-0.128295203457186,0.125661612039531,0.112425206409672,0.123796350338265,0.110916996906238,-0.0699092851734378,-0.0691676971332473,0.149821733192757,-0.0130719118857584,-0.0659619736439723,-0.0212726759882248,-0.0566669716974057,-0.0555784503636814,-0.0501006674331662,0.148868298308417,0.151972962962462,0.130277602096362,0.160012176882794,0.0133316599949443,0.141429378803165,0.129673225456809,0.139444913865096,0.151410610594947,0.15055168871046,0.132974819557751,0.153228058547107,0.0996973401453817,0.129636926250693,0.131311367410454,0.133593694158255,0.128500189993901,0.120721733869401,0.00166780439204996,-0.00163219438066654,-0.00255286921155626,-0.00169535115134218,-0.00203968066318191,-0.000198041335393271,-0.00091502111756164,0.000544642915572123,-0.0042108869337889,-0.000756881539965896,0.00118130969138269,0.000335029246335374,0.00161240937089836,-0.00151582091156654,0.00245072954543212,0.000848190711962617,0.00127692565078615,-0.000673913677995967,-0.000869413963551118,0.000816463832996328,-0.00152029107449784,-0.000753929986866649,0.00161761977407319,-0.00203786105422771,0.000276750178799287,-0.00171299098007568,-0.000869879377807326,0.00227437737927606,-1.75693716879342e-05,0.00184291188550687,-0.00285215521270961,-0.00417923738537966,0.000843932104434073,0.000727404289329424,0.00161482293484114,-0.000407425638020165,0.00247925912418433,0.00147831109018394,0.00468105045276289,0.00100167299940179,-0.00254111490635213,-0.00184940024195818,0.000729134978204229,-0.0014925575642014,-0.00119952392918414,0.00017000202259356,0.000558060750673669,-0.000498600066778101,-0.000791037056780384,-0.00147291534301543,0.000822195832021383,-0.00135598171837647,0.00204162190791613,0.0020830167505343,0.00284010063804363,0.00128503100735176,-0.00125071061605744,-0.000226425168094904,0.000950457608899197,-0.000581031219643153,-0.00154998863466324,0.00239965887929302,0.00329234670569888,0.000793123559372021,0.00111237372390791,0.00216793757451405,0.00106645721417456
