0.0567967235071424,0.0777176728852881,-0.0763509025185281,-0.0682312983288146,-0.0754054661461684,-0.067153603820866,0.0421612618804361,0.0407646513303879,-0.0912398090879938,0.0067344503892495,0.0389989351078987,0.0121657652584773,0.0345330065400022,0.032761914916392,0.0286438203070585,-0.0889418819280086,-0.0913975669601529,-0.0781541142176434,-0.094902050304935,-0.00841967802547967,-0.0844694480207647,-0.0777363806022532,-0.0845810299234802,-0.0898003304431134,-0.0900778589036772,-0.0794562956372686,-0.0919511617908565,-0.0598831628289645,-0.0782025359321852,-0.0784409582984992,-0.0798852731151366,-0.0771427465151927,-0.0716470780479678,9.99092423534598e-05,-0.000508152764621939,0.00110554002263117,0.000759082707052111,0.000874720601453444,0.000137480832973871,0.000601598917132216,-0.000271901178618565,0.000706389695383129,0.000193579364139238,-6.62714661844874e-05,0.000552461778979765,-0.000415205430205802,0.00162538787280475,-0.000598549547708037,-0.00120783932105252,0.00052069664416336,-0.000928338998149104,-0.000225410190588301,-0.000300125161082535,0.00025011163937255,0.000673520196839457,-0.000617578605947778,-4.46672254879059e-05,0.000259958661102997,8.34528260053911e-05,6.95550554495919e-05,-0.00236254840345218,-0.000406461833620254,0.000113083252726787,7.74579066850168e-06,-0.000766626031865512,1.14212117368662e-05,-0.00107528820618441,-0.00081709825846712,0.000748969318415767,-0.000966621972498881,-0.00178016621836005,-0.00147092149661816,0.000490503434511544,0.00021317992320657,0.000705567501540201,0.00038922473987405,0.00118396633282001,-0.000580056324537128,-0.000921621671359196,-0.000638523633645441,0.00068691097903306,0.000110509582914275,0.000272436217314072,-0.000309588162166884,0.000852251911153672,-0.00170309581628733,-0.0015422342459341,-0.00285575150841997,-0.000923228039810169,0.000493565647736573,0.000527209483485668,-0.000181260132021728,-0.000370909603573693,0.000622944227188797,-0.00107695817841918,-0.0015373756859566,2.59954922138785e-05,-0.00116722641275643,-0.00160325421012702,-8.51614500107457e-05
0.0777176728852881,0.106344808392778,-0.104474591138788,-0.0933641484335004,-0.103180905338204,-0.0918894875011935,0.0576912708502041,0.0557802218464152,-0.124847794009194,0.00921507051983511,0.0533641078998,0.0166469983895927,0.0472531642724761,0.0448296949074467,0.0391947091196027,-0.121703430385621,-0.125063661649904,-0.106942011939165,-0.129859013800586,-0.0115210480847789,-0.115583585191373,-0.106370407056534,-0.115736268044884,-0.122878086541225,-0.123257842005671,-0.108723849048043,-0.125821171930549,-0.0819409954078188,-0.107008269686776,-0.107334514412344,-0.109310839445401,-0.105558109146675,-0.0980381231712855,0.000136710594132542,-0.000695329728512885,0.00151276328166428,0.00103868916861263,0.00119692202951166,0.00018812159831221,0.000823196567737671,-0.00037205538545449,0.00096658680088158,0.000264883901227567,-9.06824163880992e-05,0.000755959871786871,-0.00056814544594059,0.00222409595501524,-0.000819023969728828,-0.00165274430381083,0.000712494118757861,-0.0012702906458281,-0.000308439543259023,-0.000410675610376075,0.000342239716893432,0.000921609894152103,-0.000845062340118368,-6.11203006935062e-05,0.000355713867627585,0.000114192492671241,9.51755086060499e-05,-0.00323278796129968,-0.000556181164599765,0.000154737222528683,1.0598935787851e-05,-0.0010490110606887,1.5628190200228e-05,-0.00147136827452976,-0.00111807462201056,0.00102485053530304,-0.00132267507038417,-0.00243588656698742,-0.00201273222564912,0.000671179306103542,0.000291704283529587,0.000965461753727672,0.000532594824921349,0.00162007775236768,-0.000793718808088463,-0.00126109900634813,-0.000873722423141918,0.000939933141796305,0.000151215547047203,0.000372787504487961,-0.000423624287295688,0.00116617704608565,-0.00233042745020101,-0.00211031287082824,-0.00390766135559108,-0.00126329707711871,0.000675369478899299,0.000721405948257003,-0.000248026906795729,-0.000507533348062361,0.000852404376255072,-0.00147365337739936,-0.00210366467086689,3.55708751424051e-05,-0.00159717171921484,-0.00219380940590603,-0.00011653048460691
-0.0763509025185281,-0.104474591138788,0.102637264184099,0.0917222136372148,0.101366329597627,0.0902734866114246,-0.0566766918427347,-0.0547992512197791,0.122652176733584,-0.00905301104421617,-0.0524256279039606,-0.0163542384130044,-0.0464221534834811,-0.0440413041042271,-0.0385054171610347,0.11956311099611,0.122864248049938,0.105061292053279,0.127575267448823,0.0113184348755602,0.113550891554796,0.104499739615428,0.113700889273872,0.120717109234859,0.12109018618596,0.106811793147215,0.123608436488,0.0804999522037649,0.105126384568806,0.105446891839729,0.107388460524713,0.103701727062694,0.0963139902091334,-0.000134306353476002,0.000683101415018971,-0.0014861592938126,-0.0010204224150773,-0.00117587253715651,-0.000184813225629716,-0.000808719542975709,0.000365512288411643,-0.00094958806497892,-0.000260225559651077,8.90876434760437e-05,-0.000742665295240002,0.000558153840033046,-0.00218498222024564,0.000804620325744997,0.00162367856040374,-0.000699963946251971,0.00124795086714671,0.000303015216821899,0.000403453324456094,-0.000336220968698685,-0.000905402137971612,0.000830200776182409,6.00454175595419e-05,-0.000349458158272564,-0.000112184263277653,-9.35017185918267e-05,0.00317593501365616,0.000546399966757583,-0.000152015959236367,-1.0412539170245e-05,0.00103056278272406,-1.53533473432721e-05,0.00144549227385246,0.001098411767933,-0.00100682715284693,0.00129941404076326,0.00239304820792511,0.00197733560786438,-0.000659375710443661,-0.000286574269264059,-0.000948482803300492,-0.000523228424755628,-0.00159158649443911,0.000779760189589468,0.00123892087507583,0.000858356832892108,-0.000923403146529476,-0.000148556217180204,-0.000366231532141946,0.000416174281383003,-0.00114566824583711,0.00228944373230817,0.00207320016545043,0.00383893984675179,0.00124108028979971,-0.000663492193384894,-0.000708719049178882,0.000243665018260184,0.000498607687855088,-0.000837413692685821,0.0014477371900982,0.00206666888307504,-3.49453132044387e-05,0.00156908329485257,0.00215522830105569,0.000114481138463723
-0.0682312983288146,-0.0933641484335004,0.0917222136372148,0.0819679337849524,0.0905864377123012,0.0806732729147719,-0.0506493589708843,-0.0489715764298275,0.109608622627045,-0.00809026058574841,-0.0468503781827925,-0.0146150324788561,-0.0414853485540498,-0.0393576927056801,-0.0344105245508061,0.106848066314829,0.109798141031882,0.0938884561208481,0.114008162910276,0.0101147659180872,0.10147522166222,0.0933866224731716,0.101609267741327,0.10787934159124,0.108212743344337,0.0954527986292591,0.110463188092955,0.0719391136592983,0.0939466263152974,0.094233048957304,0.0959681398049709,0.0926734752704586,0.0860713938201735,-0.000120023425646508,0.000610456391470739,-0.00132811237058606,-0.000911904691731092,-0.00105082333322669,-0.000165159099854669,-0.000722715548617486,0.000326641561144748,-0.00084860328318104,-0.000232551642582438,7.96135393153987e-05,-0.000663685898220795,0.000498796476746643,-0.00195261835544848,0.00071905226626512,0.00145100702926364,-0.000625525661920535,0.00111523642952782,0.000270790795853765,0.000360547724187484,-0.000300465252707602,-0.000809116347622691,0.000741912341098642,5.36598345748321e-05,-0.000312294721660261,-0.000100253928676721,-8.35581957128486e-05,0.00283818739846743,0.000488292579510031,-0.000135849687734608,-9.30520849197622e-06,0.000920966673020728,-1.37205820542919e-05,0.00129177012079575,0.000981600197948285,-0.000899755229674978,0.00116122670647479,0.00213855738182728,0.00176705410553127,-0.000589253817911815,-0.000256098275390694,-0.00084761556153238,-0.000467585235615957,-0.00142232782240962,0.000696835903254726,0.00110716673994235,0.000767074117079696,-0.000825203023020315,-0.000132757875004331,-0.00032728431626505,0.000371915859710143,-0.00102383114395527,0.00204597081571165,0.00185272386203776,0.0034306843967762,0.00110909650979942,-0.000592932529837461,-0.000633349695690937,0.000217752246598161,0.000445582812735254,-0.00074835819362338,0.0012937762994398,0.00184688715465743,-3.1229022995076e-05,0.00140221774546627,0.00192602864308446,0.000102306540641678
-0.0754054661461684,-0.103180905338204,0.101366329597627,0.0905864377123012,0.100111132713596,0.0891556499534825,-0.0559748768783321,-0.0541206841881886,0.121133401903059,-0.00894090960679702,-0.0517764529259415,-0.0161517274887341,-0.0458473182040173,-0.0434959503570833,-0.0380286130799291,0.118082587384738,0.121342847187114,0.103760341264777,0.125995531072683,0.0111782811949021,0.112144815929643,0.103205742406809,0.112292956260074,0.119222295918028,0.119590753139596,0.105489166290069,0.122077820504018,0.0795031390650048,0.103824627754053,0.104141166254188,0.106058692922724,0.102417611467364,0.0951213553285081,-0.000132643267547392,0.000674642720983068,-0.00146775651132879,-0.00100778674955716,-0.00116131196708837,-0.000182524724252001,-0.000798705347389981,0.000360986230426605,-0.000937829525580229,-0.000257003243987524,8.79844908518867e-05,-0.000733469034823318,0.000551242344237545,-0.00215792606772042,0.000794656889861385,0.00160357290719743,-0.000691296447214006,0.00123249776702871,0.000299263046278894,0.000398457450996737,-0.000332057618659953,-0.000894190743153549,0.000819920583227602,5.93018884081931e-05,-0.000345130895037286,-0.000110795110308788,-9.2343907449864e-05,0.00313660811143084,0.000539634016580328,-0.000150133579168806,-1.02836029961405e-05,0.00101780155126971,-1.51632302321838e-05,0.00142759306210007,0.00108481037747164,-0.000994359834458001,0.00128332368352623,0.00236341562020247,0.00195285069750483,-0.000651210806570354,-0.000283025683345524,-0.000936737950113191,-0.000516749402668149,-0.00157187823020171,0.000770104591284299,0.00122357959135639,0.000847727989702169,-0.000911968849195943,-0.000146716678334828,-0.00036169656792056,0.000411020887122015,-0.00113148168884115,0.00226109405593768,0.00204752818543522,0.00379140310202844,0.0012257122665244,-0.000655276316011989,-0.000699943137633956,0.000240647768125139,0.000492433538917922,-0.000827044183778115,0.00142981018004348,0.00204107777848778,-3.45125931047783e-05,0.00154965368276834,0.00212854058474398,0.000113063543796437
-0.067153603820866,-0.0918894875011935,0.0902734866114246,0.0806732729147719,0.0891556499534825,0.0793990608553808,-0.0498493663380168,-0.0481980839087022,0.107877384712449,-0.0079624771547617,-0.04611038940199,-0.0143841920783107,-0.0408300989341235,-0.0387360488221058,-0.0338670198215641,0.10516043062457,0.108063909726436,0.0924055138934616,0.112207435472296,0.00995500598465352,0.0998724485689803,0.0919116065696167,0.100004377427299,0.106175417192883,0.106503552957394,0.0939451480441078,0.108718452552902,0.0708028552325028,0.0924627653057593,0.0927446639812607,0.0944523495483142,0.0912097233299609,0.084711919932333,-0.000118127688795348,0.000600814401408353,-0.00130713520258874,-0.000897501409042331,-0.00103422586897231,-0.000162550457498293,-0.000711300456179985,0.000321482347922438,-0.000835199828753073,-0.000228878553631123,7.83560654554543e-05,-0.000653203162804146,0.000490918124190849,-0.0019217772879424,0.000707695034360379,0.00142808877408262,-0.000615645656894338,0.00109762157821173,0.00026651373004024,0.00035485297248662,-0.000295719487045751,-0.000796336578433452,0.000730194040627089,5.28122923114555e-05,-0.000307362112804239,-9.86704455688005e-05,-8.22384170948327e-05,0.00279335901256868,0.000480580133109348,-0.000133703979445831,-9.15823529444461e-06,0.000906420258840903,-1.35038692511072e-05,0.00127136696859418,0.000966096093992471,-0.000885543844383059,0.00114288545143931,0.00210477945876591,0.0017391439740898,-0.000579946716641501,-0.000252053273879018,-0.000834227707894991,-0.000460199855991599,-0.00139986254737811,0.00068582957266638,0.00108967934714398,0.000754958393307557,-0.000812169169237175,-0.000130661001043505,-0.000322114950903178,0.000366041551449188,-0.00100766001387373,0.00201365527188468,0.00182346060045887,0.0033764976844687,0.00109157863681926,-0.00058356732432854,-0.000623346112212755,0.000214312910018027,0.000438544955302044,-0.00073653808269189,0.00127334146020076,0.0018177160822592,-3.07357692040049e-05,0.0013800701035446,0.00189560755273966,0.000100690637094813
0.0421612618804361,0.0576912708502041,-0.0566766918427347,-0.0506493589708843,-0.0559748768783321,-0.0498493663380168,0.031297087113259,0.0302603571839672,-0.0677290034942976,0.00499910750038684,0.0289496332642407,0.00903087332095965,0.0256344916105725,0.0243197774308384,0.0212628393796375,-0.0660232095190146,-0.0678461100904372,-0.0580152493505935,-0.0704475531126989,-0.00625008324884377,-0.0627032388312241,-0.057705157935681,-0.0627860681483222,-0.0666604517826753,-0.0668664663092639,-0.0589818827839773,-0.0682570538067594,-0.0444523830664858,-0.0580511936878974,-0.0582281790350021,-0.0593003207266682,-0.0572644923363253,-0.0531849556456994,7.4164484692686e-05,-0.000377211227365942,0.000820662875167344,0.000563481180334458,0.000649321335331141,0.000102054573655521,0.000446578040527435,-0.000201837290770743,0.000524366179907269,0.000143697554403756,-4.9194539200017e-05,0.000410102631000684,-0.000308214696132684,0.00120655558157309,-0.000444314437014341,-0.000896601542833357,0.000386522781936092,-0.000689123266236724,-0.000167326167586362,-0.000222788476728197,0.000185662511422956,0.000499966541153387,-0.000458440060082772,-3.31573104042044e-05,0.000192972138392327,6.19485814429649e-05,5.16320084476304e-05,-0.00175376352353543,-0.000301724162125493,8.39437970731895e-05,5.74984415790588e-06,-0.000569080730330806,8.47817742460749e-06,-0.000798206390412363,-0.000606547200789644,0.000555973824267661,-0.000717541428543569,-0.00132145041982123,-0.0010918923239768,0.000364109802092615,0.000158247413142295,0.000523755850159571,0.000288928747555496,0.00087888018063871,-0.000430586574261413,-0.000684136869901905,-0.000473987942835958,0.000509906767278885,8.20333142097645e-05,0.000202234459923547,-0.0002298130380454,0.000632642409552614,-0.00126423963010711,-0.00114482910120031,-0.00211987734110761,-0.000685329307013694,0.000366382939797432,0.000391357383428879,-0.000134552759785333,-0.000275333081991476,0.000462423060303997,-0.000799446041793217,-0.00114122250196493,1.92969362889806e-05,-0.000866453827319763,-0.00119012535301577,-6.32169247504075e-05
0.0407646513303879,0.0557802218464152,-0.0547992512197791,-0.0489715764298275,-0.0541206841881886,-0.0481980839087022,0.0302603571839672,0.0292579693946451,-0.0654854501326207,0.00483350984119758,0.0279906637876742,0.0087317216259281,0.0247853376756173,0.023514173987776,0.0205584983690245,-0.0638361613413819,-0.0655986775206827,-0.0560934684148972,-0.0681139465858996,-0.00604304646164396,-0.0606261661591056,-0.0557936489160097,-0.0607062517182384,-0.0644522946716599,-0.0646514848754349,-0.057028081685912,-0.0659960085436439,-0.0429798781082257,-0.0561282220800425,-0.0562993447088141,-0.0573359712301333,-0.0553675805606087,-0.0514231803371406,7.17077531542791e-05,-0.000364715937703362,0.000793478052456345,0.000544815615640486,0.000627812277327454,9.86739705167393e-05,0.000431784944329574,-0.000195151340751434,0.000506996316997951,0.000138937509007925,-4.7564948210868e-05,0.000396517798965002,-0.000298004947251838,0.00116658789134543,-0.000429596323689537,-0.000866901217983932,0.000373719042887275,-0.00066629575157079,-0.00016178341387057,-0.000215408509356486,0.000179512358162906,0.000483404927128974,-0.000443254029211778,-3.20589597511082e-05,0.000186579850488127,5.98965071324491e-05,4.99216752056454e-05,-0.00169566932687202,-0.000291729415070152,8.11631214630524e-05,5.5593780130633e-06,-0.000550229678052933,8.19733402694148e-06,-0.000771765448745881,-0.000586455055015464,0.000537556944082127,-0.000693772549612892,-0.00127767678697974,-0.00105572290515088,0.000352048502968774,0.000153005397205032,0.000506406204694576,0.000279357854298255,0.000849766883793154,-0.000416323202495453,-0.000661474531832148,-0.000458286881434199,0.000493015878843377,7.93159241941221e-05,0.00019553535349942,-0.000222200378956043,0.000611685848382913,-0.00122236113011809,-0.00110690612808644,-0.00204965546141636,-0.000662627468934299,0.000354246341976193,0.000378393496055534,-0.000130095639778175,-0.000266212551202405,0.000447105090779327,-0.000772964036123437,-0.00110341899905468,1.86577166925362e-05,-0.000837752158954234,-0.00115070192141604,-6.1122836003766e-05
-0.0912398090879938,-0.124847794009194,0.122652176733584,0.109608622627045,0.121133401903059,0.107877384712449,-0.0677290034942976,-0.0654854501326207,0.146570123210834,-0.0108184051805457,-0.0626489553298312,-0.0195434178426372,-0.0554747656094637,-0.0526296356153855,-0.0460142158735295,0.14287867021093,0.146823549768726,0.125548905294904,0.15245324760314,0.0135256009183441,0.135694030135622,0.124877846597071,0.135873278354054,0.144257705369889,0.144703534674729,0.127640765120402,0.147712859636383,0.096197949577371,0.125626691260672,0.126009699466807,0.128329886266251,0.123924216573594,0.11509582453268,-0.000160496937773346,0.000816310490618557,-0.0017759697104943,-0.0012194112089005,-0.00140517508324069,-0.000220852967904337,-0.000966424944209759,0.000436789485309635,-0.00113476371467762,-0.000310971181730548,0.000106460294701572,-0.000887489702397856,0.000666997352048164,-0.00261106750620917,0.000961526353817201,0.0019403060996634,-0.000836461321580455,0.00149130914126432,0.000362105091382227,0.000482129262196442,-0.000401786173883197,-0.00108196125378275,0.000992095153101898,7.1754651929779e-05,-0.000417604698743322,-0.000134060900742416,-0.000111735142248611,0.00379526233172613,0.000652951399501139,-0.000181660028127219,-1.24430498484791e-05,0.00123152901206527,-1.83473467143608e-05,0.00172737236566998,0.00131260897645437,-0.00120316478496204,0.00155280795766268,0.0028597076711237,0.0023629284974157,-0.000787958124313468,-0.000342458055565734,-0.00113344292001501,-0.000625261260959296,-0.00190195587883737,0.000931818334633256,0.00148051824390181,0.00102574181809371,-0.00110347257231382,-0.000177525614593319,-0.00043764898609451,0.000497330885794094,-0.00136908076499801,0.00273589967063992,0.00247748724713492,0.00458755728045162,0.00148309875808892,-0.000792877347338775,-0.000846923724685688,0.000291181230530794,0.000595839325391922,-0.00100071463372401,0.00173005505471391,0.00246968232358622,-4.17598692369013e-05,0.00187506441368872,0.00257551138549597,0.000136805681047077
0.0067344503892495,0.00921507051983511,-0.00905301104421617,-0.00809026058574841,-0.00894090960679702,-0.0079624771547617,0.00499910750038684,0.00483350984119758,-0.0108184051805457,0.000798511238761148,0.00462414691376831,0.00144250825613502,0.00409461681897949,0.00388461652428788,0.00339632948707341,-0.0105459374130153,-0.0108371107061106,-0.00926681985182246,-0.011252641176322,-0.000998330545404024,-0.0100156359729377,-0.00921728871454808,-0.0100288663626815,-0.0106477246038904,-0.0106806314607276,-0.00942122094446939,-0.0109027510581047,-0.00710041291681723,-0.00927256126812622,-0.00930083127207156,-0.0094720852789665,-0.00914690086359795,-0.00849527336885991,1.18463494812737e-05,-6.0252235907166e-05,0.000131085104492042,9.00052770004734e-05,0.000103716590169183,1.63012545788632e-05,7.1332249670065e-05,-3.22396237866595e-05,8.37574082673364e-05,2.29529195291383e-05,-7.85788111854959e-06,6.55060047967006e-05,-4.92313675579602e-05,0.000192724039641387,-7.0970682561303e-05,-0.000143214845567458,6.17395775924624e-05,-0.000110074182829482,-2.6727135862992e-05,-3.55861726358506e-05,2.96560139937735e-05,7.98600354332497e-05,-7.32269790649836e-05,-5.29624237982487e-06,3.0823586262572e-05,9.89509397501252e-06,8.24721993316868e-06,-0.00028012997991422,-4.81946296302596e-05,1.34084064769641e-05,9.18426975386644e-07,-9.08996973752589e-05,1.3542257207384e-06,-0.000127498113122376,-9.68842451641951e-05,8.88061213127322e-05,-0.000114613437483477,-0.000211076279438127,-0.000174408790398093,5.81595352953606e-05,2.52769795186887e-05,8.3659919833081e-05,4.61508083405674e-05,0.000140384198921534,-6.87779206149886e-05,-0.000109277701954853,-7.57104541885729e-05,8.14477953036713e-05,1.31032435978327e-05,3.23030639171587e-05,-3.67082111514695e-05,0.000101052452683925,-0.000201937956535171,-0.000182864422039041,-0.000338609618124543,-0.00010946817084059,5.85226253078094e-05,6.25118121616576e-05,-2.14922145376156e-05,-4.39791623516649e-05,7.38631867161274e-05,-0.000127696123579179,-0.00018228833720331,3.08231429294458e-06,-0.00013839932806584,-0.000190099626752202,-1.0097687415046e-05
0.0389989351078987,0.0533641078998,-0.0524256279039606,-0.0468503781827925,-0.0517764529259415,-0.04611038940199,0.0289496332642407,0.0279906637876742,-0.0626489553298312,0.00462414691376831,0.0267782513785119,0.00835350809969912,0.023711763601378,0.0224956602236782,0.019668009357209,-0.061071105294456,-0.0627572782864947,-0.0536637862288992,-0.06516359875906,-0.00578129259346783,-0.0580001506873467,-0.0533769533774066,-0.0580767673496207,-0.0616605508798133,-0.0618511131826328,-0.0545579168326881,-0.0631373989615186,-0.041118209590538,-0.0536970345430029,-0.0538607450146286,-0.0548524701764214,-0.0529693401242195,-0.0491957911465065,6.86017400058636e-05,-0.00034891830846366,0.00075910864112357,0.000521216989394302,0.00060061866014745,9.43999187392145e-05,0.000413082228718194,-0.000186698382687042,0.000485035829358549,0.000132919446653381,-4.55046779046879e-05,0.000379342675732284,-0.000285096896954046,0.00111605726990056,-0.000410988407931532,-0.000829351490611462,0.000357531445173486,-0.000637435227093616,-0.000154775783752856,-0.000206078114344634,0.000171736800845451,0.000462466297850756,-0.000424054531496966,-3.06703295663466e-05,0.00017849816554677,5.73020967582001e-05,4.77593235385104e-05,-0.00162222160339786,-0.000279093188732981,7.76475501148845e-05,5.31857418856701e-06,-0.000526396542310918,7.84226743860682e-06,-0.000738336516366141,-0.000561052821202424,0.000514272726366522,-0.00066372187076271,-0.00122233436269201,-0.00100999438793703,0.00033679956221967,0.000146377985877906,0.000484471277702282,0.000267257500704736,0.000812959328151702,-0.00039829021046795,-0.000632822837938012,-0.000438436237440119,0.000471660952287938,7.58803639849542e-05,0.000187065761966653,-0.000212575794887211,0.000585190745633153,-0.00116941469719765,-0.00105896061540943,-0.00196087486890241,-0.000633925835701096,0.000338902202081182,0.000362003424935961,-0.000124460561980755,-0.000254681584913043,0.000427738784771993,-0.000739483187068157,-0.00105562453097392,1.78495598222219e-05,-0.000801465019748701,-0.0011008593989466,-5.84753073343391e-05
0.0121657652584773,0.0166469983895927,-0.0163542384130044,-0.0146150324788561,-0.0161517274887341,-0.0143841920783107,0.00903087332095965,0.0087317216259281,-0.0195434178426372,0.00144250825613502,0.00835350809969912,0.00260588701574945,0.00739691350650354,0.00701754857814835,0.00613545944983706,-0.0190512056042685,-0.0195772093207693,-0.0167404834089859,-0.0203278639200526,-0.00180348125886283,-0.0180932175780271,-0.0166510055519617,-0.0181171182390461,-0.0192350838718228,-0.0192945300140521,-0.0170194085387624,-0.019695788427851,-0.0128268755119429,-0.0167508552610251,-0.0168019249418418,-0.0171112948127349,-0.0165238501016706,-0.0153466869066447,2.14003962653173e-05,-0.000108845490868137,0.000236804864236424,0.000162594274027166,0.000187363721829807,2.94481695108648e-05,0.000128861503862354,-5.82407876426322e-05,0.000151307517130944,4.14643831119433e-05,-1.41952396397339e-05,0.000118336409256132,-8.89363238936424e-05,0.000348155423297116,-0.000128208333920319,-0.000258717206601464,0.000111532369344716,-0.000198848694684857,-4.82824940636065e-05,-6.42863185133145e-05,5.3573503982791e-05,0.000144266924315834,-0.000132284327064633,-9.56764662604176e-06,5.56827199281912e-05,1.78754588054796e-05,1.48985790885226e-05,-0.000506054003002042,-8.70634598091285e-05,2.42222477352263e-05,1.65913568944598e-06,-0.000164210041861674,2.44640486947469e-06,-0.000230324974644067,-0.000175021110229564,0.000160428002726286,-0.000207048845161445,-0.00038130869170501,-0.000315068978217631,0.00010506503323196,4.56627907985785e-05,0.000151131404554859,8.33713025277614e-05,0.00025360365157714,-0.000124247115771149,-0.000197409854275688,-0.000136770717732398,0.000147135207955018,2.36709718717884e-05,5.83553920559117e-05,-6.63132778645601e-05,0.00018255096512531,-0.000364800337664565,-0.000330344052456821,-0.000611697301229197,-0.000197753935769943,0.000105720954295125,0.000112927408872858,-3.88256237460536e-05,-7.94482302949216e-05,0.000133433634356556,-0.000230682679964761,-0.000329303356858015,5.56819190481738e-06,-0.000250017988085238,-0.000343414428961171,-1.82414432721985e-05
0.0345330065400022,0.0472531642724761,-0.0464221534834811,-0.0414853485540498,-0.0458473182040173,-0.0408300989341235,0.0256344916105725,0.0247853376756173,-0.0554747656094637,0.00409461681897949,0.023711763601378,0.00739691350650354,0.0209964319604082,0.0199195895856297,0.0174157446576986,-0.054077601675628,-0.0555706840585327,-0.0475185252027181,-0.0577014468700436,-0.00511925298440919,-0.0513583147197676,-0.0472645387615736,-0.0514261576927119,-0.0545995474210131,-0.0547682876502357,-0.0483102652310761,-0.0559072755505894,-0.0364095941792944,-0.0475479661155331,-0.0476929294272665,-0.0485710880591194,-0.046903602979631,-0.0435621786262262,6.07458724122496e-05,-0.000308962236911481,0.000672179986350013,0.000461530286755655,0.000531839345395828,8.35897955207684e-05,0.000365778482576949,-0.000165318782487311,0.000429492380267114,0.000117698293757898,-4.02937499533163e-05,0.000335902584666003,-0.000252449277904883,0.000988252958545193,-0.000363924433826147,-0.000734379038043158,0.000316589047887407,-0.000564439895734313,-0.000137051771741552,-0.000182479261311245,0.000152070512960079,0.000409507378702147,-0.000375494301805599,-2.71581438972203e-05,0.000158057605961567,5.0740197819042e-05,4.229020683612e-05,-0.00143645433098313,-0.000247133079021792,6.87558095756663e-05,4.70952236847288e-06,-0.000466116707750201,6.94421711763624e-06,-0.000653786563090804,-0.000496804353510306,0.000455381239867827,-0.000587716347648398,-0.00108235982403436,-0.000894335773720416,0.000298231258177254,0.000129615640264246,0.000428992477744543,0.000236652744342038,0.000719864009572213,-0.000352680359216343,-0.00056035569024422,-0.000388229099410129,0.000417649115417106,6.71909912027174e-05,0.000165644091653583,-0.00018823286571226,0.000518178144869538,-0.00103550020723827,-0.000937694676953683,-0.00173632701725279,-0.000561332379193823,0.000300093116094348,0.000320548922841866,-0.000110208070783534,-0.000225516948426598,0.000378756656074749,-0.000654801923811357,-0.00093474062127727,1.58055332631917e-05,-0.000709685961731793,-0.000974795458344354,-5.17790592235012e-05
0.032761914916392,0.0448296949074467,-0.0440413041042271,-0.0393576927056801,-0.0434959503570833,-0.0387360488221058,0.0243197774308384,0.023514173987776,-0.0526296356153855,0.00388461652428788,0.0224956602236782,0.00701754857814835,0.0199195895856297,0.0188979751420685,0.016522544714437,-0.0513041279196814,-0.0527206347024089,-0.0450814462922748,-0.054742117247141,-0.00485670225430332,-0.0487243048226697,-0.0448404860340055,-0.0487886683383312,-0.0517993046741719,-0.0519593907363675,-0.0458325804113072,-0.0530399634527617,-0.0345422581512166,-0.0451093772712814,-0.0452469058609079,-0.0460800264392316,-0.0444980615374709,-0.04132800855529,5.76304035730798e-05,-0.000293116514669721,0.00063770594361053,0.000437859818794273,0.000504562942206151,7.93027321718351e-05,0.000347018829957695,-0.000156840090933202,0.000407465037926843,0.000111661910509705,-3.82272075298093e-05,0.000318675174901903,-0.000239501931401304,0.000937568505835875,-0.000345259869661138,-0.000696714997371621,0.000300352169983637,-0.000535491510652105,-0.000130022808171548,-0.00017312046161286,0.000144271284375979,0.00038850500558454,-0.00035623635472037,-2.57652862810307e-05,0.000149951317803827,4.81378892354112e-05,4.01212722835658e-05,-0.00136278300930554,-0.000234458383997325,6.52295357114739e-05,4.4679854606353e-06,-0.000442211016371582,6.58806959380773e-06,-0.000620255862421064,-0.000471324787227657,0.000432026137596473,-0.000557574184985177,-0.00102684891982569,-0.000848468044372949,0.000282935894808165,0.000122968052991619,0.00040699077386611,0.000224515553428093,0.000682944400038219,-0.000334592469032315,-0.000531616771491687,-0.0003683180237495,0.000396229177681115,6.37449720568505e-05,0.000157148715993536,-0.000178578981351947,0.000491602382609939,-0.000982392588555786,-0.000889603202904567,-0.00164727614841106,-0.000532543369071009,0.00028470226376291,0.000304108955138942,-0.000104555838019126,-0.000213950878212648,0.000359331392879564,-0.000621219148415223,-0.000886800651652135,1.49949161066258e-05,-0.000673288352946676,-0.000924801199402348,-4.91234706357272e-05
0.0286438203070585,0.0391947091196027,-0.0385054171610347,-0.0344105245508061,-0.0380286130799291,-0.0338670198215641,0.0212628393796375,0.0205584983690245,-0.0460142158735295,0.00339632948707341,0.019668009357209,0.00613545944983706,0.0174157446576986,0.016522544714437,0.0144457002291669,-0.0448553213355189,-0.0460937765922316,-0.039414815955466,-0.0478611635997655,-0.00424622635801871,-0.0425997758521923,-0.0392041438272762,-0.0426560490273605,-0.0452882555523392,-0.0454282191781192,-0.0400715343062392,-0.0463729664798595,-0.0302003786411285,-0.0394392360769915,-0.0395594776507334,-0.0402878769582987,-0.0389047612737075,-0.0361331763948269,5.03863992194371e-05,-0.000256272467487239,0.000557547826619373,0.000382821883312722,0.000441140583114162,6.93345677743732e-05,0.000303399390232241,-0.000137125665367795,0.000356247653947286,9.76262745308131e-05,-3.34221386667674e-05,0.000278618465053257,-0.000209397109532812,0.00081971837956527,-0.000301861527052069,-0.000609139582984522,0.000262598618176066,-0.000468181504231907,-0.00011367925112404,-0.000151359632261077,0.000126136727834137,0.000339670852474756,-0.000311458294104365,-2.25266512130677e-05,0.000131102794599787,4.2087071306394e-05,3.50781239959214e-05,-0.00119148443354663,-0.000204987524015042,5.70303385623369e-05,3.90637033871773e-06,-0.000386626145726656,5.75996495006484e-06,-0.000542291179039089,-0.000412080384985578,0.000377721481935547,-0.000487488439040512,-0.00089777645833723,-0.000741817633716526,0.000247371527274402,0.000107511261853576,0.000355833003748469,0.00019629448354731,0.000597099916910502,-0.000292534993254055,-0.000464793810547611,-0.000322021326136007,0.000346424114551156,5.57323810202964e-05,0.000137395496993725,-0.000156132029080614,0.00042980913496468,-0.000858908181935933,-0.000777782200875953,-0.00144021746322226,-0.000465603937019973,0.000248915867862087,0.000265883184392522,-9.14134184133204e-05,-0.000187057762823082,0.000314164293344694,-0.000543133382279999,-0.000775331923635418,1.31100908958989e-05,-0.000588657611920928,-0.000808555893116588,-4.29487674740532e-05
-0.0889418819280086,-0.121703430385621,0.11956311099611,0.106848066314829,0.118082587384738,0.10516043062457,-0.0660232095190146,-0.0638361613413819,0.14287867021093,-0.0105459374130153,-0.061071105294456,-0.0190512056042685,-0.054077601675628,-0.0513041279196814,-0.0448553213355189,0.139280188581671,0.143125714074949,0.122386883779653,0.148613624725835,0.013184950866398,0.132276497806113,0.121732726081759,0.132451231554889,0.140624491945616,0.141059092782547,0.124426058910215,0.14399262616121,0.0937751487925126,0.122462710661058,0.122836072584849,0.125097824142967,0.12080311377986,0.112197069879001,-0.000156454729924707,0.000795751240592463,-0.00173124089010495,-0.00118869963503673,-0.00136978493917322,-0.000215290658662531,-0.000942084975181054,0.000425788690464471,-0.00110618403672577,-0.000303139193351636,0.000103779030842078,-0.000865137762912973,0.000650198639444201,-0.00254530626669051,0.000937309758609871,0.00189143837262989,-0.000815394561266621,0.00145374966131911,0.000352985266027774,0.000469986558947728,-0.000391666957603576,-0.00105471143623084,0.000967108665072273,6.99474696792583e-05,-0.000407087083801206,-0.000130684499717607,-0.000108921028314525,0.00369967646324923,0.000636506442304693,-0.000177084815654837,-1.21296644689427e-05,0.00120051224434708,-1.78852582164779e-05,0.00168386749740954,0.00127955016311857,-0.00117286238664558,0.00151369959459374,0.00278768428579685,0.00230341678179957,-0.000768112944968072,-0.000333833052128021,-0.00110489650703772,-0.000609513695855787,-0.00185405402421097,0.000908349953005442,0.00144323053892388,0.000999907919420636,-0.00107568097981089,-0.000173054529707843,-0.000426626544226875,0.00048480532089661,-0.00133459967713133,0.00266699446113762,0.00241509030340373,0.00447201700720783,0.00144574606137442,-0.000772908274527261,-0.000825593462721701,0.000283847663474891,0.000580832768687218,-0.000975511059108772,0.00168648262138426,0.00240748195135144,-4.07081228700895e-05,0.00182783983610569,0.00251064564736324,0.000133360151148882
-0.0913975669601529,-0.125063661649904,0.122864248049938,0.109798141031882,0.121342847187114,0.108063909726436,-0.0678461100904372,-0.0655986775206827,0.146823549768726,-0.0108371107061106,-0.0627572782864947,-0.0195772093207693,-0.0555706840585327,-0.0527206347024089,-0.0460937765922316,0.143125714074949,0.147077414512919,0.125765985189625,0.152716846356645,0.0135489873112123,0.135928651422897,0.125093766200103,0.136108209569833,0.144507133649817,0.144953733814253,0.127861461938024,0.147968262038686,0.0963642803049678,0.125843905650946,0.126227576096077,0.128551774606376,0.124138487305976,0.115294830564741,-0.000160774444441151,0.00081772192941165,-0.00177904044469845,-0.0012215196275779,-0.00140760469629402,-0.000221234832954526,-0.000968095937872767,0.000437544714638507,-0.00113672577390178,-0.000311508865362539,0.000106644369501042,-0.000889024213357633,0.00066815062148227,-0.00261558216333045,0.000963188877589657,0.00194366097912533,-0.000837907602097205,0.00149388768410882,0.000362731187921506,0.000482962886107649,-0.000402480880859114,-0.00108383201509694,0.000993810531749631,7.18787190592383e-05,-0.000418326756684213,-0.000134292698273036,-0.000111928337504747,0.00380182451676053,0.000654080382830218,-0.000181974126762236,-1.24645644602137e-05,0.00123365838298776,-1.83790701299001e-05,0.00173035907280537,0.00131487853840515,-0.00120524511281706,0.00155549283482016,0.00286465223865078,0.00236701411065342,-0.00078932054054696,-0.000343050181466586,-0.00113540269552378,-0.000626342366751367,-0.00190524444898438,0.000933429491859252,0.00148307812878304,0.00102751537338964,-0.00110538052769793,-0.000177832564635104,-0.000438405701540202,0.000498190794019311,-0.00137144796929687,0.00274063016837764,0.00248177093777737,0.00459548938029056,0.00148566310479916,-0.0007942482691376,-0.000848388095183862,0.000291684696417016,0.000596869559289408,-0.0010024449158545,0.00173304640034339,0.00247395251915297,-4.18320739924604e-05,0.00187830648724216,0.00257996456443133,0.000137042224430465
-0.0781541142176434,-0.106942011939165,0.105061292053279,0.0938884561208481,0.103760341264777,0.0924055138934616,-0.0580152493505935,-0.0560934684148972,0.125548905294904,-0.00926681985182246,-0.0536637862288992,-0.0167404834089859,-0.0475185252027181,-0.0450814462922748,-0.039414815955466,0.122386883779653,0.125765985189625,0.107542569218387,0.130588266734924,0.0115857471601574,0.116232671197767,0.106967754358061,0.116386211476694,0.123568136485032,0.123950024552974,0.109334412640282,0.126527749442165,0.0824011537718384,0.107609199051505,0.107937275878799,0.109924699416207,0.106150894803869,0.0985886786306807,-0.000137478323680214,0.000699234511323177,-0.00152125854918422,-0.00104452216473593,-0.00120364361838445,-0.000189178038089214,-0.000827819415971226,0.00037414474739894,-0.000972014889700406,-0.000266371417238782,9.11916641969989e-05,-0.000760205137006492,0.000571335996380307,-0.00223658587353513,0.000823623385785803,0.00166202566671348,-0.000716495292119614,0.00127742425291335,0.000310171655920319,0.000412981853009239,-0.000344161642145187,-0.000926785404884511,0.00084980798058793,6.14635356937101e-05,-0.000357711460048472,-0.000114833766680049,-9.57099883999177e-05,0.0032509424200305,0.000559304526886579,-0.000155606184722972,-1.06584565311397e-05,0.00105490202175309,-1.57159538696749e-05,0.00147963107893808,0.00112435342526838,-0.00103060581742212,0.00133010285416308,0.00244956584403334,0.0020240351828997,-0.000674948466704085,-0.000293342415519789,-0.000970883524587395,-0.00053558573273375,-0.00162917566879405,0.00079817611723395,0.00126818099568374,0.000878629010849808,-0.000945211550908425,-0.000152064732468948,-0.00037488097781396,0.000426003246179832,-0.001172725979486,0.00234351449750394,0.00212216381446612,0.0039296057199179,0.00127039141022248,-0.000679162170371649,-0.000725457168031572,0.00024941975850684,0.000510383517430789,-0.000857191247604493,0.00148192901432446,0.00211547828002033,-3.57706315113729e-05,0.00160614100158338,0.00220612924339602,0.000117184888143116
-0.094902050304935,-0.129859013800586,0.127575267448823,0.114008162910276,0.125995531072683,0.112207435472296,-0.0704475531126989,-0.0681139465858996,0.15245324760314,-0.011252641176322,-0.06516359875906,-0.0203278639200526,-0.0577014468700436,-0.054742117247141,-0.0478611635997655,0.148613624725835,0.152716846356645,0.130588266734924,0.158572512566642,0.0140685000504465,0.141140603018916,0.129890272658261,0.141327046015813,0.150048012471009,0.15051173675472,0.132764090954359,0.153641851906752,0.100059203776048,0.13066917492303,0.131067556555007,0.133480872481012,0.128898365229202,0.119715613599696,-0.000166939065464994,0.000849076077859995,-0.00184725470701965,-0.00126835670795704,-0.00146157689028415,-0.000229717704142035,-0.00100521592042006,0.000454321618182521,-0.00118031157902458,-0.00032345313988454,0.000110733465405467,-0.000923112325902009,0.000693769714010316,-0.0027158721867213,0.00100012070730525,0.0020181873342111,-0.000870035735631615,0.00155116825165628,0.000376639494772367,0.000501481271736558,-0.000417913321683047,-0.00112538969952747,0.00103191649640736,7.46347855735383e-05,-0.000434366780507995,-0.000139441922044265,-0.000116220038122615,0.00394759897380467,0.000679159976128106,-0.000188951613336879,-1.29424968604254e-05,0.00128096090317647,-1.90837841316513e-05,0.00179670673120401,0.00136529530650426,-0.00125145817476967,0.00161513554647934,0.00297449242797793,0.00245777321730738,-0.00081958568632756,-0.000356203853794628,-0.00117893776946966,-0.000650358393276105,-0.00197829778794378,0.00096922024884051,0.0015399442224242,0.00106691369253878,-0.00114776445297958,-0.000184651250095247,-0.00045521561815401,0.000517293067725629,-0.00142403379544617,0.00284571494359353,0.00257693019864475,0.00477169555874794,0.00154262831492336,-0.000824702360240793,-0.000880918085295956,0.000302868847095413,0.000619755501433241,-0.00104088195119927,0.00179949709971907,0.00256881199613372,-4.34360533046032e-05,0.00195032693614324,0.00267888889192595,0.00014229687407839
