0.0586552574556033,0.0791052395256547,-0.0777096400056144,-0.069306240080009,-0.0765252155605588,-0.0680635823470083,0.0412904402242207,0.0402517141585092,-0.0930044174224964,0.00526182502630254,0.0373874073000299,0.0110217422704394,0.0329560868371512,0.0322677715779324,0.0272058702459839,-0.0878564753408423,-0.0905880903430165,-0.0775847432654317,-0.0949601989108506,-0.00839517681008382,-0.0840278594214639,-0.0761881066819782,-0.0844466698090092,-0.0885657541219513,-0.0889183743725081,-0.080039311824471,-0.0911545343879375,-0.0607912060464123,-0.0777734178997746,-0.078338446902978,-0.0797090380851455,-0.0767794670437788,-0.070158191093674,0.000405132529107114,-0.000177921460066165,0.00111726313396401,0.0015148933175875,0.00152916594209394,0.0017773678927279,0.000627707328312395,-0.00135169131443286,-0.000350724400975674,-0.000216111741617631,-0.0008481539224344,0.00145941181175376,-0.00148143731521174,0.00106859574507882,-0.00347400317832176,-0.00148342894842957,-0.000177269605052679,-0.0018787765301601,-0.000509866837476682,-0.00172536168497089,-0.0010292243550445,0.000516729226524416,-0.00111538024256159,-0.000113520163104617,-0.00321408122321167,0.00328211969178261,0.00123678302870091,-0.00135867130016405,-0.000158224852810061,3.96186779056992e-05,0.00131367926787186,0.000457727995406272,0.000223766964301598,-0.000916553057922193,-0.00347361533507157,0.00135783019361119,-0.00335621818832495,-0.000649176732362019,0.000628647834026765,0.000661916209859874,0.000441940413415262,0.00172802606284516,-0.00230477903686421,-0.000455868263292491,-0.000102168595640263,0.000806749659323308,-0.00154180328694355,0.00327478762312664,-0.00127418779551135,0.00112705808093743,-0.00023039258543274,0.00240246248054583,-0.00287976286304006,-0.00258018009043131,-0.00224362648056864,-0.00260291875836539,-0.00144653519326348,0.000178222556263354,-0.00173921745871672,-0.000395865952795635,0.00041860769489634,-0.00312196545828157,-0.00234708814717703,-0.000924694897063946,-0.00235057973218785,-0.0026048686674109,-0.000673833690619123
0.0791052395256547,0.110669385960999,-0.107317938525401,-0.0965340018763142,-0.106667194700509,-0.0945629421813373,0.0556545536176452,0.0536267544367573,-0.12751385856735,0.00689728825080618,0.0481861241857031,0.0146122887334511,0.0431987371386185,0.0441293546699993,0.0353868949265593,-0.119339057873271,-0.122458240598741,-0.105711280453214,-0.127860722820249,-0.0110817145066602,-0.112421717050826,-0.102987176634227,-0.115218444130688,-0.12056916120945,-0.122266187330207,-0.109117241526158,-0.123599507769162,-0.0837863428721461,-0.105371993749179,-0.107735756416049,-0.108537661604377,-0.105864795536696,-0.0938499252955363,0.000292329341488716,0.000582045199957606,0.00202715416094494,0.00304925652885659,0.000909646872613642,6.94379986857723e-05,0.000550156197587213,0.00127171047175835,0.0037522577125109,0.00180326216155891,4.860837978176e-05,0.00250671363250016,-4.9912013818094e-05,0.00468465361630233,-0.000843063100359092,-0.00176937946724962,0.000465298761648248,-0.00207741055894672,-0.000446868953503085,0.0016495013232007,-0.000307678089833548,0.00025704710864911,-0.00147798528514962,-0.000789673527774908,-0.00206678163184229,0.00153913618458581,-0.000142204425384371,-0.00436280142916788,-0.00168015676223911,1.10692024668127e-05,1.4396583515308e-05,-0.0024639065198715,0.00046795543427242,-0.00167409810382612,-0.00718350090784293,0.0017977281823799,-0.00401848503397281,-0.001550129067838,0.000508008124602327,0.00152508347798994,0.00107370600231045,-0.000204725840522934,-0.00579352198095906,-0.00248805856812751,-0.000304003172569878,-0.000116364473944672,4.10863905508118e-05,0.00209048090038924,-0.000257207347209694,0.00119716609920604,-0.00116227745276195,0.00179932941861915,-0.00442706367972655,-0.00191378814434987,-0.00832304643955158,-0.000920950351175267,0.00121231166084885,0.00201891820941933,0.00086747292114878,-0.00035672239507783,0.00252918237871319,-0.00236112778615897,-0.00271568876344141,-0.000357449078259083,-0.00225113475405317,-0.00317790629353279,0.0017535573713165
-0.0777096400056144,-0.107317938525401,0.106547359223502,0.0942432716797496,0.104583794333576,0.0932929480419954,-0.0544814507859706,-0.0532831844989407,0.125373171998852,-0.00574889808160291,-0.049075885834569,-0.0128548381577555,-0.0436122098830816,-0.0432906307112047,-0.0358583602116716,0.118478917719497,0.121285459494281,0.104971789119856,0.126467793029289,0.0123464461757542,0.111619084232158,0.102474629344276,0.112215766683517,0.11866967924228,0.118576862083979,0.105865702377199,0.121693082523069,0.08179480973995,0.103707971527779,0.105858554431919,0.106740338687945,0.102310546328012,0.0921501926746629,0.000808279958948826,0.000936270684492345,-0.00257358737333267,-0.00132878796444576,-0.00124176702554365,-0.00115049755522766,-0.000542172141506533,7.82287947709587e-06,-0.000975634961241007,0.000719503690990696,0.000688207899367869,-0.000483002436198562,-0.000662266128924016,-0.000560177354726033,0.00346479362749303,0.000459076154936457,0.000451240618141058,-0.000771640464344043,-0.000983845307651955,-0.00268002634667696,-0.000155270144642135,-0.0012368730718851,0.00205169197314555,-0.000999001958375974,0.00283784769131092,-0.00425443378935081,-0.000785426549908789,0.0023592069457589,-0.000613663766407045,-0.00108648013544233,9.54896719032874e-06,0.00207391729018401,-0.00108468400394866,0.00205203634181561,0.00596988628436573,-0.00207749724935845,0.00358494747154173,0.00171581412603892,0.000102298926138486,-0.00201001583424233,-0.00109708042448576,-0.000429671859861853,0.00431185115076103,0.00365515939032364,0.000689491607375299,0.00178197512874572,0.0015782413367559,0.000403039188698776,0.000143726481906015,0.00133495806391433,-0.000427249547539307,0.000141016124033578,0.00430441555296882,0.00230449612596512,0.0063833562436009,-0.00223554804626262,-0.00193707407357881,-0.00116802149643406,-0.00312111970939976,0.000159148388751639,-0.00281291442546819,0.00102495936328929,0.00238139000273929,3.86260933225786e-05,0.00183152021177875,0.00124714256413118,-0.0018059934653363
-0.069306240080009,-0.0965340018763142,0.0942432716797496,0.0851553913872006,0.0936073291976083,0.0823524382780414,-0.0473966279212832,-0.0467865474420343,0.110378270893293,-0.00611879923256007,-0.0426506186041675,-0.0133643864310065,-0.039758753761845,-0.0397044710309608,-0.0315584934516873,0.105657217051912,0.108395518954911,0.0930282836287135,0.112467853912563,0.0109776055581795,0.0984499494360954,0.0910248000038509,0.10036954070458,0.105996637709052,0.107383216507326,0.0953009293845774,0.10831760754963,0.0723035056167683,0.0933695222226528,0.0957040238879426,0.0951141562728728,0.0930904291788509,0.083141759762436,0.000596007572486953,0.000908963031807711,-0.00166305641718342,-0.00182817185951877,-0.000477412289397162,-0.00048152864602254,-0.000171616167423998,-0.00123997787578357,-0.00186205584730236,-0.000248726642080334,-0.000544890993113466,-0.00254647852928097,-0.000627901152323555,-0.00496104385552108,0.00223396086149189,0.00184947164561837,-0.00111949160357771,0.00111921557980317,0.000410803605182684,-0.00210425451604131,0.000703949855476826,-0.000279022080189854,0.000853943877566529,0.000196654607723335,0.00191857305348107,-0.00270137392411466,-0.000417296851162923,0.0032610818124792,0.000886767295395522,-0.000108644773531862,0.000891406502124915,0.00223814248975971,0.000125030349246603,0.00145244026112329,0.00570738844061542,-0.00111830947065667,0.00343887473162033,0.00106700695000255,-0.00149114612607839,-0.00240297521381773,-0.00313811009023486,-0.00108838288628373,0.00579232365215074,0.00240480521477351,0.00135353089558629,0.00147262942524532,0.00132548328738803,-0.00151193656810309,0.00162907896058768,1.4871445668726e-05,0.00207712541625986,-0.00079466705463791,0.00518313344010621,0.002305244483107,0.00709979794407284,0.000384825499416257,-2.84070988705504e-05,-0.00101546529159222,-0.000965438318788113,0.000999207073979092,-0.00165437158899536,0.0016151556439058,0.00267335829775386,0.000236727200074788,0.00269042193254288,0.00315322975225389,-0.00138794159696684
-0.0765252155605588,-0.106667194700509,0.104583794333576,0.0936073291976083,0.103530928896616,0.0916924993855847,-0.0534049496405144,-0.0521383073970186,0.123128019787917,-0.00634663144837505,-0.0473944390952151,-0.0137354443986073,-0.0430086541437259,-0.0432097263229467,-0.0348359506934763,0.1166227942209,0.119472465437309,0.103170465369228,0.124362086376566,0.0118585799135624,0.109282311188658,0.10065761309941,0.110992608890603,0.117144653225411,0.118063126181353,0.105092142335303,0.119900075705036,0.0805899522517631,0.102618588376708,0.105077515074179,0.10526709944834,0.10214226957675,0.0912840351211051,0.000239359691280316,0.000958417343198491,-0.00262052560970556,-0.00155595052385756,-0.00133321954249853,-0.000985223517815876,-0.000759475898362534,-0.000205515549651201,-0.00146106911100433,-0.000612049112946657,0.000567038786693171,-0.00209217703637582,0.000129605757808439,-0.00363382778505233,0.00198271818965989,0.00208447623990684,-0.000523281372851789,0.00127069069653848,0.000643852854947136,-0.00260352046183118,0.000345212701367124,-3.90978405662176e-05,0.00178204888818513,0.000522372039926398,0.0024914026121967,-0.00223535321664886,0.000431889105071948,0.00420916076118566,0.00112587497674047,4.23389079330627e-05,0.00123725827634543,0.0031761464366743,4.19033700700222e-05,0.00135454840795604,0.00591545157540292,-0.00196695466583386,0.00323913198211241,0.00113704593177765,-0.000217279626452273,-0.00186839665196263,-0.00163287545340878,-0.000245054927185878,0.00583729186972319,0.00332070493594969,0.000336179829810525,0.00111146761323704,0.000558649010305087,-0.00041996709945684,8.40551746181684e-05,0.000432491250632234,0.000443318219300692,-0.000610491138326632,0.0047202320533106,0.0016568355843112,0.00748887180620918,-0.00126587163816438,-0.00186830142846654,-0.00164197263432408,-0.00260293655612222,6.62937802119188e-05,-0.00278721382503453,0.000994572918269986,0.00219172389890599,-0.000172681759005978,0.00177786665917775,0.00208061420690301,-0.00216421437641054
-0.0680635823470083,-0.0945629421813373,0.0932929480419954,0.0823524382780414,0.0916924993855847,0.0823105921644141,-0.0492459098457579,-0.0471632248594048,0.111079280951385,-0.00542244204902246,-0.0431180855821129,-0.0112462816201655,-0.037260550073836,-0.0374333806248247,-0.0315083651083973,0.103732085609968,0.106146182118141,0.0921903897841554,0.110963935298899,0.00977758500559869,0.0983543998723377,0.089939334390797,0.099476333629759,0.104533178901233,0.104622253636269,0.0934259053891351,0.107284904179541,0.0728143837083352,0.0906403246543591,0.0922650782472371,0.094081376420142,0.0899948749050771,0.0806143834167539,4.1565557698154e-05,-0.000300285993610593,-0.00236335592604128,-0.00173604769757399,-0.00115821521688947,-0.000253667835366257,-0.00069592328977032,-0.000264864482358766,-0.00239097442562316,-0.000567006545042798,0.000692442077216505,7.33288181331494e-06,-0.000323462787582491,-7.09818497902512e-05,0.00122388158034287,6.87457082714684e-05,0.000813406440597533,-0.000310366197845675,-0.000993856287570051,-0.00199068488731373,-0.000837557507072223,-0.00106222672141601,0.00205083399252369,-0.000465064117401026,0.00153488462660543,-0.00184653315878881,-0.000113266912979508,0.00270437910390798,7.51534354768074e-05,-0.000889749000578575,-0.000571200218646329,0.00191520200519983,-0.00132588059201793,0.00239718606313127,0.0058799665560361,-0.00168852493545401,0.00322999870723571,0.00255982828972085,0.000871342406740528,-0.00119111178005791,0.000430280357108654,0.000669929636190423,0.00248619698955255,0.00258478449794775,0.000570876844949559,0.00132233683475804,0.000688798005335491,0.000389660924661721,-0.000683242492562505,0.000393004368364465,-0.000526200778115803,-3.67578790120913e-05,0.0026422698314502,0.0018859332774486,0.00631992292916125,-0.00142635093549157,-0.00240714284064954,-0.00156238080800282,-0.0023750674056827,0.000202982254669876,-0.00264518640489015,0.00133712826896276,0.00219261795724476,0.000241670571462126,0.00126813686058165,0.00104889298983649,-0.00153489929390861
0.0412904402242207,0.0556545536176452,-0.0544814507859706,-0.0473966279212832,-0.0534049496405144,-0.0492459098457579,0.0359107631863265,0.0324745815535209,-0.0689894835539109,0.00665326803148271,0.0308585851721201,0.00936289735945534,0.024863709251677,0.0227609856349335,0.0231854311322157,-0.0660529853613624,-0.0679684666029883,-0.0585260729643782,-0.0710032241191397,-0.00397638262805037,-0.0648035629655631,-0.0585038122844385,-0.0648501407652665,-0.0681328230126064,-0.067533759840265,-0.0596594809379823,-0.0698164049115334,-0.0463186160056616,-0.0574611575097141,-0.0559686928082246,-0.0602874759932772,-0.0566138828009746,-0.0534080633545652,0.00190709819500299,0.00133690496004667,0.00143134988447239,0.000696327773845263,0.00182927960442895,-0.000465127943714349,0.00150437377063197,-0.00202805117397765,0.00105402740707792,0.00189222485113531,-0.00145393575840941,-0.00160375291100367,-0.00240130076429678,-0.0024596619791089,0.00282655020873247,-0.000501078764966135,-0.00103255055594509,-0.00170661582696392,-0.000313303402202191,-0.00298803590135571,0.00176800859262281,0.000516123638076638,-0.00147452269769204,-0.000978013041100733,0.00188471067489197,-0.00423783142207466,-0.00129903216912255,-0.00254566326653182,-0.0012771046792444,-0.000268050880464996,0.00148459457669053,0.000182843163481859,0.00048492575592465,-0.00136080563398143,0.00023964206023093,0.000569121626221032,-1.12561861758904e-05,-0.00338463360326044,-0.0041847583902472,-0.00211549231228693,-0.00462791565454146,-0.00148509102305712,0.00527180635214147,0.00303052715089515,0.000624570368813073,0.00047926721240214,0.000970791580814545,4.94936563458173e-05,0.00288081044461893,0.00146600444208984,0.00171829815943721,0.00101850013218091,0.00236293235464292,-0.000532250780825624,-0.00123790141764991,-0.00132234024889511,0.00229628290691234,0.00121407300422763,-0.000811783098466573,0.000404029991781874,0.000690235220963338,-0.00138561478259016,-0.000552025279707956,-0.000213951153523162,0.000787374984201049,-1.1288462189542e-05,-0.000723282575259309
0.0402517141585092,0.0536267544367573,-0.0532831844989407,-0.0467865474420343,-0.0521383073970186,-0.0471632248594048,0.0324745815535209,0.0308230541990258,-0.0651944154405203,0.00594511570769368,0.0297231170756409,0.00934576722332493,0.0258900721136103,0.0231095267569946,0.0224412811306947,-0.0646186394285721,-0.066564619597098,-0.0567463605639069,-0.0689584018885763,-0.0055674194255599,-0.0621810001682113,-0.0567929569040554,-0.0614426384068005,-0.0656520711152472,-0.0649485507825712,-0.0572055539426208,-0.0670720626221862,-0.0433359896879991,-0.0565057704521333,-0.0555675990110572,-0.0579175783843476,-0.0549191605935181,-0.0523606967906669,0.000540307892239056,-0.000249239299088994,0.000908132200896775,0.000145497177726572,0.00119342120731694,0.000224909499924551,0.000820488776006759,-0.00165603091338818,-0.000665233432031084,-9.33135588260554e-05,-0.000748471606138217,-0.000925716869815589,-0.00128222375149625,-0.0013270308932301,0.000100742294743273,-0.000624115099594242,-0.000197540695390846,-0.000686955858201604,-0.000104550355563259,-0.00205640924809114,0.000666504410179123,0.000882916427452861,-0.000734941097676094,1.92595740472127e-05,0.000716945897627216,-0.000919903726757203,-6.22273604945682e-05,-0.00119729535066286,-6.45238951707511e-05,0.000123276801585056,0.000712232516848955,0.000506243090111548,0.000143333543062346,-0.000249869737146007,0.00123779042604462,0.000739159829028562,0.000269003076825371,-0.00147470589435987,-0.00281017927239648,-0.0011191009263471,-0.00214235044374225,4.73181549482137e-05,0.00282458682407853,0.00197928456065173,0.000615920342450846,0.000103490819084653,0.000112489410357939,8.08105462257104e-05,0.0015647435826208,0.000232278847991548,0.00124806480810159,0.000709951768242471,0.000366780989132559,-0.000541957089707028,-0.000412304676459153,-0.000357792097142088,0.00121945008174987,0.000428020731448218,-5.88585449727933e-05,0.00056761540640511,0.000495599499524503,-0.000461162318614082,-0.00025339923975955,0.000242298670692992,0.000270629138151599,-0.00013901771253792,-0.000417503405339001
-0.0930044174224964,-0.12751385856735,0.125373171998852,0.110378270893293,0.123128019787917,0.111079280951385,-0.0689894835539109,-0.0651944154405203,0.151746764082051,-0.00821017730040062,-0.0599799702728771,-0.0158096530664236,-0.0502095371396337,-0.0502190331168686,-0.0435502483583853,0.140614837328851,0.144279412228022,0.125118373573302,0.151617002933716,0.0119923323658553,0.135171186075651,0.122470742422361,0.136460240376863,0.142480108885599,0.1424551464027,0.127918970876176,0.146646197472291,0.0996270657878676,0.123159077921452,0.124116414928265,0.128388134961508,0.122159522009413,0.11045341828622,-0.00161094268601383,-0.000958580545505949,-0.00346079991198492,-0.00213577469516259,-0.00313052877226719,-0.0016162031049724,-0.0019254440775113,0.00220309970202308,-0.00169437472088614,-0.00170874555825074,0.00248124623809238,-0.000235360941837052,0.00250757603561711,0.00116758987149485,0.00155560582842878,0.00135680553371645,0.00171109060786117,0.00213092385133102,0.000168227191925604,0.000765245116081327,-0.000828767259717424,-0.000532935015628472,0.00338330118441882,0.000784588031518173,0.00294475350033159,-0.000834345037615403,0.000404373179084635,0.00426539994976392,0.00119731785663217,-0.000116071772654676,-0.00172175555962161,0.00157657800553198,-0.00115662399145578,0.00345185673244292,0.00730485846122764,-0.00219774644201552,0.00497869092570495,0.00410227643552926,0.00164093192839171,-0.00041886407419747,0.00243852051565441,0.000365897066932722,0.00086977316868633,0.00147528344303227,0.000454266902654912,0.000231985596598516,0.00124855490097687,-0.00163973611046109,-0.000864114803253626,-0.00117770599390574,-0.00118414282136067,-0.00179531895147022,0.00205366175876349,0.00335199364694344,0.00626584481603543,0.00118926826128425,-0.00180040522032467,-0.00177932671872973,-0.000105829667234518,0.000500330623929346,-0.00240385308209555,0.00392584181823878,0.00351792627330136,0.00124113989354366,0.00202562031458216,0.00210392163924093,-0.000225670487755993
0.00526182502630254,0.00689728825080618,-0.00574889808160291,-0.00611879923256007,-0.00634663144837505,-0.00542244204902246,0.00665326803148271,0.00594511570769368,-0.00821017730040062,0.00369685811891254,0.00625212947851804,0.00450253190442908,0.00659870527074516,0.00459917765563435,0.00560865573570161,-0.0115671102953239,-0.0121712533878753,-0.0093634328190415,-0.0116282697230564,-0.000226531011945028,-0.0107616010389937,-0.0105123842976402,-0.0111755723517962,-0.0124328181252744,-0.012986614042977,-0.010111500297041,-0.0120664433323553,-0.00634381864463867,-0.0104835971553199,-0.00944303460835789,-0.00995732920344236,-0.0104580776515384,-0.0110245731309561,0.000667821642243477,3.16161589412205e-05,-0.000427613944169896,-1.94166653657796e-05,-0.000163898323339055,-0.00115591405257336,0.000213178243173288,0.000125229765766348,0.000464259440652108,0.000987908674909737,0.000757508262919818,0.000309136473365357,-0.000694056546655662,0.00209523564029019,0.00271979676769428,-0.00112802862586023,0.00117868053050608,-0.00159918242013621,-0.00107873341565866,-0.00195726261690818,0.000399205390971326,-0.000267570238906344,0.000800365463689649,-0.00104690840588828,0.00294183939782528,-0.00383847341734561,-0.000855657185759398,-0.00132097667501125,-0.00139647999000761,-0.000783583211139534,-0.000438099326393151,0.000275015896193262,-0.000990731398726885,0.000205645372440828,0.00242246976689371,-0.00099835877075703,0.00141212397594069,-0.00105349458231625,-0.00123608037779261,-0.000830401121148172,-0.000288725547191064,1.15198177427279e-05,0.00276384108671317,0.00340917339785404,-0.000484041669918465,-0.000235062217175574,0.000562183540080821,0.00064917032043229,0.000291686051253751,0.00110720745078747,-0.00133716277583549,0.000477780924474141,0.000888293328072583,0.000112883282057779,-0.000145767626620212,-0.00214423924482344,-0.00037432927230106,6.71931149434087e-05,-0.00181988607941457,-0.000505866472827731,-0.00104569258349076,-0.00013884687552762,8.59001149468423e-05,0.000124807542495563,0.000139683743786957,-0.00102743490539761,-0.00083651876473617
0.0373874073000299,0.0481861241857031,-0.049075885834569,-0.0426506186041675,-0.0473944390952151,-0.0431180855821129,0.0308585851721201,0.0297231170756409,-0.0599799702728771,0.00625212947851804,0.0300491631016075,0.00931795922489567,0.0262929844431773,0.0220350058143202,0.0228529074258037,-0.0618499898498681,-0.0637294584684952,-0.0537939435408643,-0.0655398641178187,-0.00576624769934919,-0.059570641189977,-0.0547925685192417,-0.0576839515320053,-0.062414817089541,-0.0609520633890893,-0.0531851082245767,-0.0635575305753697,-0.039827465012705,-0.0537732400273569,-0.0521281930841604,-0.0546477636378555,-0.0509533745417438,-0.0503268286496078,0.000253178674948927,-0.00126016713393604,0.000916284413612309,-0.00115694109990243,0.00138298349723291,0.000779110519313192,0.000876436698594633,-0.00254240219154795,-0.00262145305614432,-0.00146511672436131,-0.000805927783535984,-0.0018234824132013,-0.00131410372525197,-0.00300855863741733,-0.00113031665253035,-0.000322302837742551,-0.000326450880675278,0.000280819411818218,0.000277532289091277,-0.00286129992834452,0.000964488372357326,0.00118149471515231,-0.000678181152187754,0.000661888640086109,0.00121257965203463,-0.000541562771707879,0.000591446459127958,-1.36774134718832e-05,0.000817258815591839,0.000361725583668912,0.000862911946581611,0.00137570480102331,-5.01108470090899e-05,-0.00145953394585254,0.00210146766190124,-0.000331271638670344,2.76841296128761e-05,-0.00290339044382025,-0.0023421161520011,-0.000401875595948892,-0.00110848166630681,0.00140162785151304,0.00552907956781521,0.00314870077038915,-0.00142556248171748,-0.00187601903998472,-0.0023019766765445,-0.000267996964186628,-8.58194897715024e-06,-0.000622299747249805,0.000326047128875546,-0.000340622618796106,0.000591138954509052,-0.00219391664008453,0.00111739220142216,-0.00095264354038789,-0.000393735825571366,-0.000804696725716901,-0.00120458996041744,-0.0009298170447802,-0.00093077708982752,-0.00101423336258295,-0.00116402451420786,-0.000401547690262236,-0.000658666500604896,-0.000362046081313142,-0.00187893912115895
0.0110217422704394,0.0146122887334511,-0.0128548381577555,-0.0133643864310065,-0.0137354443986073,-0.0112462816201655,0.00936289735945534,0.00934576722332493,-0.0158096530664236,0.00450253190442908,0.00931795922489567,0.00668263516554219,0.0108524907211216,0.00842631174839196,0.00812177304333129,-0.0200813257101862,-0.0212201187121513,-0.0164465678758276,-0.0207141851714873,-0.00151441196103484,-0.0182375392306044,-0.0175164069020327,-0.0189307764978906,-0.0208662927424687,-0.0220544865629772,-0.0180864039369176,-0.0206111299492836,-0.0113654465861165,-0.0185934287837543,-0.0178042154765614,-0.0173189707218467,-0.0187132682386739,-0.0185601823241756,-0.000125858328940574,0.000177751220470382,-0.00161498778353837,0.001135276457739,-0.0013066428486749,-0.00177220689528881,-0.00067827476250985,0.00169022256119626,0.0014243536599894,0.000330157485312407,0.00222533279369732,0.00113971435323284,0.000573480046235086,0.00423080921595694,0.00170285420401935,-0.000824613697257274,0.00200937352398397,-0.00137168313762892,-0.00053734471055292,-0.00224330530741103,-0.00044088575073158,0.000596570640971387,0.00192732970754895,-0.000248693077607191,0.00279455915759938,-0.00170782684584387,0.000631822113888821,-0.0002554556412803,-0.000755778482274153,-0.000231924699667198,0.000215746659248433,0.00146473886258091,-0.000685859315973966,0.00120461904185627,0.00271535294269674,-0.000881323303232304,0.00135687288281478,0.000356913444335305,-0.000308597766550255,-0.000590758225273887,0.0010399827486135,0.000780092712459482,0.000940745031372881,0.00370348096153305,-8.33572777468988e-05,0.000597275678709698,0.000814518151733169,0.00221505047562901,-0.000581058021684468,0.00163921172588613,-0.00224040530617557,0.00147552422649143,-0.000512353826716494,0.000167164474288019,-0.000264148065044308,-0.0032867006884089,-0.00158820942167806,-0.000118700642470054,-0.00263781270849133,-0.000308378166032188,-0.00130650609038815,-0.000350709565650019,0.000134632733455167,0.000272761552536896,-0.000496541110346192,-0.00211298740695482,-0.000825193480616366
0.0329560868371512,0.0431987371386185,-0.0436122098830816,-0.039758753761845,-0.0430086541437259,-0.037260550073836,0.024863709251677,0.0258900721136103,-0.0502095371396337,0.00659870527074516,0.0262929844431773,0.0108524907211216,0.0273203889153924,0.0221276302570968,0.0209928527814047,-0.0571009962955686,-0.0589815207073173,-0.0485551588575073,-0.0589639727149395,-0.00718722632869875,-0.0522200206930501,-0.0497767244712182,-0.0506822941070343,-0.0568103596466171,-0.0564074277115381,-0.04781783640952,-0.0569665961125112,-0.0334922726273019,-0.0504029491739135,-0.0498075470350771,-0.0487611319119816,-0.0478638114321911,-0.0474291036709141,-0.00171691236038108,-0.00268708205223862,-0.000596940803123301,-0.000797785443241195,-0.00083690026805453,-0.000492098505188407,-0.000595319154459476,0.000364825709342719,-0.00207752253333636,-0.00271970951535958,0.00180124160690476,-8.14231297970636e-05,0.00137886298545428,0.00221528056404936,-0.00150117934398035,-0.000750370506065492,0.00217631691638249,0.00105234687603888,0.000252995492685418,-0.000750423822955406,-0.000317577701323605,0.00162190384383817,0.00147242914649075,0.00141814670460951,0.00222414951229031,0.00130996429830892,0.00141532119465161,0.000522287300705662,0.00124936470538203,0.000635903387094371,-0.00106494562301027,0.00102451555587912,-0.00081020525032508,0.00132828556755727,0.00453449748446465,-0.00027257982380385,0.00216760996348429,0.000450752043744737,-0.00127087415034899,0.000340347131457713,0.00231548729090718,0.00210473992056507,0.00111988633317399,0.0025898599853617,-0.000492367313825888,-0.00175475862871487,-0.00092109212182175,-0.000474529636600633,-0.000506445709850893,-0.00150502352917255,-0.00112809562949724,-0.000511517535263073,-0.0020945858126679,-0.000288061483626884,0.000160968353550466,0.000490654225283246,-0.000458667332497149,-0.000810370946454848,0.000555143111009005,5.43135598304435e-05,-0.000582878517099965,0.00166727292625977,0.000414874004814313,0.00121170281926865,-0.000333018745821473,-0.000791967599614282,-0.000167370003578086
0.0322677715779324,0.0441293546699993,-0.0432906307112047,-0.0397044710309608,-0.0432097263229467,-0.0374333806248247,0.0227609856349335,0.0231095267569946,-0.0502190331168686,0.00459917765563435,0.0220350058143202,0.00842631174839196,0.0221276302570968,0.0201665679811451,0.0169756376616909,-0.0520944691180351,-0.0535959061664115,-0.0450591194906546,-0.0545641548164539,-0.00597911910110335,-0.0477748550934074,-0.0450684604998425,-0.0480096469459515,-0.0520647605698621,-0.052611563613214,-0.0456068820346692,-0.0526180501328931,-0.033153364384366,-0.046207738041763,-0.0467829891029183,-0.0457889968484034,-0.045275003200293,-0.0421780103282557,-0.000474121106780257,-0.00191032789218677,0.000663276291649071,-0.000320951214575312,0.000300524310484089,0.000449684633053075,0.000199656304285529,-0.000137506750789674,-0.00108952879745736,-0.000530283566711138,0.000456944478687942,0.00157114279443443,-0.000179590108971739,0.00357151594856462,-0.000885471852955751,-0.00211889652339381,0.00166342490607916,-0.00113320504081317,-0.00126879789074165,0.000293759914030059,-0.000633785966147626,-0.000270786129672775,0.000196113662328966,-0.000521298349582319,0.000189072553947964,0.000141700614759709,-0.00025341947130433,-0.00195024340884062,-0.000774957878168756,-0.000575688479804072,-0.00180853208573133,-0.00116716677586409,-0.00133205668577519,0.000254535496779367,0.000286540456606774,6.87340391148503e-05,-3.14434308746674e-05,-4.56489773343288e-05,0.000198353046848607,0.000972152812658447,0.00236886723353958,0.00138964811542189,-0.00182036572324196,0.000369234574544215,-0.000759419053338653,-0.00124720823117838,-0.000782982944323648,0.000385472741732385,-0.000888349213816923,-0.00051593396934836,-0.00149364664264349,0.000104545588565525,-0.00261408356011556,-0.000740025016066267,-0.00228354573029814,-0.000182096113078729,-0.000348583285702203,-3.30512088071926e-06,0.000322303224670616,-0.000455592750575093,7.92226423674808e-05,0.000230230062721869,-0.00067394966163159,0.000448068091661349,-0.000999383380012088,-0.00155994534732271,0.000356917519130152
0.0272058702459839,0.0353868949265593,-0.0358583602116716,-0.0315584934516873,-0.0348359506934763,-0.0315083651083973,0.0231854311322157,0.0224412811306947,-0.0435502483583853,0.00560865573570161,0.0228529074258037,0.00812177304333129,0.0209928527814047,0.0169756376616909,0.0179225832249266,-0.0469297426611546,-0.0483784219840565,-0.0404373003838156,-0.0490633437787246,-0.00443622960277156,-0.0445675754039243,-0.0415390288807433,-0.0432761781588291,-0.0474355049469237,-0.0465381329788989,-0.0398202431859678,-0.0479335257066177,-0.0293044750483329,-0.0408091472423106,-0.0394724298985982,-0.0409667603270099,-0.0387698191866727,-0.0385703516290604,-0.000414566591573277,-0.000723647742569973,-7.43592415777127e-05,-0.00040221144956223,-9.56668599909802e-05,-0.000838131550581816,3.81006434976218e-05,-0.000326307107692857,-0.000607842425870129,-0.0012826508895833,0.000718124326928034,-0.00174787507320714,0.00045871492439065,-0.00135540113550383,0.000236613791198906,0.000528612077567854,0.000339117324573753,0.00115726405216849,0.00102067241680781,-0.00174758264438047,0.00108784514321814,0.00170001342409843,0.000358260451705928,0.00117764321459961,0.00270679273498806,-0.000794081632831631,0.000873523036787833,0.000504011784148497,0.00101066914555188,0.000832068601843641,0.000761778695289063,0.00144574582288504,0.000317629251037353,-0.000686008035885554,0.00267352314725759,-0.000565353013330259,0.001070777936242,-0.00208599066581045,-0.00227004822352265,-0.000435854059217164,-0.000582099458956789,0.000664534455203242,0.00461923435369376,0.00317124182043421,-0.00104768489304748,-0.00173682681222798,-0.00105145747583544,-0.000711343436594219,0.000353878305452371,-0.000571294048090016,-0.000242578659210877,-0.000624230860269555,0.000494861174459594,-0.00103211817250992,0.000328695009680333,-0.000376473493949956,0.000159174404464669,-0.000455273122288336,-0.000472501026850101,-0.000546188257570491,-0.000650355398556607,0.000118565730496544,-0.000345505348070773,0.000183144038108741,-0.000114476543286402,-0.000221314349283257,-0.00103906397670331
-0.0878564753408423,-0.119339057873271,0.118478917719497,0.105657217051912,0.1166227942209,0.103732085609968,-0.0660529853613624,-0.0646186394285721,0.140614837328851,-0.0115671102953239,-0.0618499898498681,-0.0200813257101862,-0.0571009962955686,-0.0520944691180351,-0.0469297426611546,0.141075109427073,0.144877095110265,0.123293772847793,0.148951481527157,0.0143398506821755,0.13244413701669,0.122968004158202,0.131983077141678,0.141853346831153,0.141465958621847,0.123725876136194,0.144257699000758,0.0929440967877432,0.123649635300201,0.123911351392538,0.125302210630184,0.120632674105811,0.112829132422957,0.000664153179724119,0.00242595121204961,-0.002104390339613,4.52193830837674e-05,-0.00118184769146212,-0.000239328868550019,-0.000819754597112245,0.000856363092527317,0.000852344631369723,0.00123864887811697,-0.000169052388150844,5.10364213095226e-05,6.31153591200234e-05,-0.00177818080083279,0.00134976801695328,0.00182646145674056,-0.00125322110669194,0.000115708522667064,9.83986681565025e-05,8.48189653905829e-05,-0.000740854301657329,-0.00146346162846659,0.000883114453521287,-0.000520950722752614,-0.00127915236774547,-0.000291669191299035,-0.00020241225006911,0.00307973888571571,3.70855816847899e-05,-0.000432584011264759,0.00103157509136353,0.00119901834662302,0.000445127430486481,0.00142472175276273,0.000370406089448783,-0.00071460771901824,0.000666551793393983,0.00295970010616113,0.00246303678198832,-0.000987654568376944,-0.00111594640788238,-0.00138320905600414,-0.000823583202749005,-0.0013475094016074,0.00152651261095366,0.00313635349043053,0.00180343028567027,0.000761077848465157,-0.000221659855931481,0.00135506008846709,0.000769089376256578,0.000460089407821011,0.00322657177940214,0.00229406463517635,0.00489286546923058,-0.000775195822969973,-0.00148710815248982,-0.000513650127307014,-0.00158938248575702,0.000677154527652075,-0.00114634507461056,0.00013760134878559,0.00183394391704074,-0.000577756742515982,0.00137674676446899,0.00178621309142484,-0.000427725036890306
-0.0905880903430165,-0.122458240598741,0.121285459494281,0.108395518954911,0.119472465437309,0.106146182118141,-0.0679684666029883,-0.066564619597098,0.144279412228022,-0.0121712533878753,-0.0637294584684952,-0.0212201187121513,-0.0589815207073173,-0.0535959061664115,-0.0483784219840565,0.144877095110265,0.149052967725957,0.126512678783513,0.153370590940952,0.0145658239167101,0.136373826292639,0.126243037606729,0.135854082163396,0.14585847932605,0.145630121246657,0.127607524399711,0.148459385961076,0.0954314847123787,0.127326321928174,0.127285784626875,0.128800520719426,0.124302873783629,0.116573054963672,0.000715681615102946,0.00202493067596861,-0.00142268063283994,-0.000623793489250859,-0.000876645054008255,-8.15691565459153e-05,-0.000528712668485976,0.00061002407638033,0.000580307369475523,0.0014330253056264,-0.000594207704226252,-0.000136586709905913,-1.33627437658703e-05,-0.00210903752952051,0.00180026275250526,0.00165188383320667,-0.00138841391540687,0.000358674936903824,-9.58921044683848e-05,0.00119661384963587,-0.000326740204430732,-0.00195198518746742,0.000407331407251902,-0.000821208193717042,-0.00108804923850532,-0.00113802018000438,-0.00100754909137249,0.00236570575846085,-0.000273394110666577,-0.000650333386109517,0.000155591423176735,4.93511497954432e-05,0.000194255254507609,0.000799005656503303,-0.000238364102295243,-0.000879537551243868,0.000640154420734099,0.00226673651615216,0.00242127506016466,-0.00056715164781748,-0.00091667104675049,-0.00173424403925274,-0.000794622234349611,-0.00208816545798905,0.000919352609524112,0.00207166931760357,0.00149116305828767,-0.000481012858066211,-9.05707653498897e-05,0.000650895942626621,0.000757325653135351,-0.000533446287410661,0.00331103995375448,0.0022444537567255,0.00410346532714087,0.000407146427872869,-0.000743019769838981,-0.000387785472511408,-0.000544870329007553,0.000361886567871064,-0.000837027579235159,0.00062756056799237,0.00171692887468524,-0.000526353878471225,0.00153651519820382,0.00225704165994867,-2.35593708863227e-05
-0.0775847432654317,-0.105711280453214,0.104971789119856,0.0930282836287135,0.103170465369228,0.0921903897841554,-0.0585260729643782,-0.0567463605639069,0.125118373573302,-0.0093634328190415,-0.0537939435408643,-0.0164465678758276,-0.0485551588575073,-0.0450591194906546,-0.0404373003838156,0.123293772847793,0.126512678783513,0.10832019748285,0.130704049140774,0.0122014875510527,0.116372745960991,0.107467182454342,0.116020832105037,0.124158383814229,0.123603656740799,0.108731415961478,0.126592324154603,0.0825463485209447,0.107874099083379,0.108254382951777,0.11009540983362,0.105481443676554,0.0980897134316742,0.000156098656071832,0.00168976249828055,-0.00238578903590025,-8.98158900914778e-05,-0.00163671010392924,-0.000617169877884727,-0.00109903680517325,0.00142047266268503,0.000673986655308002,0.000538048799147119,0.000760545255903168,0.00024280429473247,0.000710740985695157,-0.000470102418813451,0.00101183809931176,0.00160861732573437,-0.000426604454715115,0.000399510763225379,0.000231024464537109,-0.000178231578804423,-0.000758275496746325,-0.00101614615681705,0.00148089095511108,-0.000135677193819047,-0.000225812216192228,-0.000154900566015587,0.000370083520390311,0.00319872740078327,0.000254529484630009,-0.000255310107498634,0.000793034265771053,0.00156114100566414,0.000142110778992339,0.00105738096403965,0.000925757081468533,-0.00138700036846309,0.000704874652294944,0.00230923974631911,0.00281973865327788,-0.000322701842377789,0.000427438026880198,-0.000408537116410618,-0.000255137459170593,-0.000219530952554988,0.000243237912501063,0.00183796040964682,0.000726123718373861,0.00103051554881126,-0.00135569293992462,0.00110725479743337,-0.00071631695021933,0.000155574279337959,0.00230728875138665,0.00138491724832963,0.00433939843324414,-0.0015703461028581,-0.00250535447689672,-0.000991780506288587,-0.00230583319664761,-0.000257504578837668,-0.00187438889367128,-4.16576876714478e-05,0.0012024678463754,-0.000670050004033852,0.000508536499438878,0.000772574254038215,-0.000933172304971171
-0.0949601989108506,-0.127860722820249,0.126467793029289,0.112467853912563,0.124362086376566,0.110963935298899,-0.0710032241191397,-0.0689584018885763,0.151617002933716,-0.0116282697230564,-0.0655398641178187,-0.0207141851714873,-0.0589639727149395,-0.0545641548164539,-0.0490633437787246,0.148951481527157,0.153370590940952,0.130704049140774,0.158961550487198,0.014331411216047,0.141576390044203,0.129853478965746,0.14109059009685,0.150289624156841,0.149938346074236,0.132642862864233,0.153618577913746,0.0999885263116692,0.131022142462992,0.130834184348572,0.133465090993445,0.12817078799421,0.119720967263653,-0.000157049109553157,0.0013329911006789,-0.00185039839560111,-0.00102100924330645,-0.00194709509708065,-0.00121361960735245,-0.00107719072938474,0.00203648773700748,0.00104407212921608,0.000877085235379017,0.000685500782329472,-0.000355655035627555,0.00154616590202872,-0.000813528667587532,0.00267004171399981,0.00201068795963741,-0.000470340944585529,0.00155140300122511,0.000388605254633988,0.00245190435441681,5.14371150324609e-05,-0.00156909883759282,0.00123821435744024,-0.000275819926549734,0.000878481523198638,-0.00174688854747233,-0.000967288484862223,0.00257970232382858,2.40973674799122e-05,-0.000326439393497627,-0.00080340006963595,-0.000320864826721238,-6.13887231707203e-06,0.000910372368677046,0.000943069141778867,-0.00158874778891135,0.00182535396131923,0.00210924676046602,0.00237958460516712,-1.49810716486145e-05,0.000479945408445977,-0.00174466971315077,-0.000564606938565475,-0.00166792748865859,7.48344062448658e-05,0.000522777424040223,0.00141838757832349,-0.00181976426062274,-0.00030794612086009,-0.000272980830225629,-0.000316003868813598,-0.00181327581831209,0.00290660045661256,0.00260716395206436,0.00330759033147815,0.001493883358645,-0.000393004416532624,-0.000522131918939687,0.000456416204302829,-1.70863082625411e-05,-0.000966305664457084,0.00201716034675405,0.00208708884479744,2.55068385691969e-05,0.00171699520382752,0.00237799911854906,0.00046529019959595
