0.0610816824690803,0.0776126498812108,-0.0767025483161086,-0.0691830523107792,-0.0772615430180893,-0.0688049963993622,0.0420381512668088,0.039566421395421,-0.0939993166629388,0.00574932865792447,0.0341571827635886,0.0103597376899185,0.0334119124988063,0.0293555004638048,0.0274233968183997,-0.0871637108551123,-0.0901912003082521,-0.0775485336500547,-0.093609157365688,-0.0101733534055756,-0.0832475935184984,-0.0793034017881038,-0.0835025395655015,-0.0883506370601745,-0.0884892336673821,-0.0791368393602188,-0.0908312889177928,-0.0604287916192111,-0.077376387652579,-0.0770051875232558,-0.0803963171964141,-0.0774676717737038,-0.0696345017962805,-0.000290637425093129,-0.00139324057101181,0.00251768384433104,0.000367847269680712,0.000550431946157132,0.000147034010380467,0.00416513079186985,-0.000713759145504476,-0.00181742128250269,-0.00272503322945957,0.00052479660046841,0.00476078717650547,-0.000943681032972866,0.00135210434856275,-0.0033743636826019,-0.00127337229976255,0.00200564796172172,-0.00229653678347199,-0.000855391202215754,-0.0015669337616408,-0.00302788814199242,-0.00034749563304808,0.00265201943850825,-0.000934299467628603,-0.00158848835896332,0.000584690390193178,0.00158376527397939,-0.00242141901064485,-0.00231145716740799,-0.000240229976893555,0.00244684568674503,-0.000157289612134272,0.00156687488076717,-0.00284039873951445,-0.00363007326614891,0.00063393032649984,-0.00147201703980622,-0.00249897219105863,-0.00301734015808917,-0.0022311539025229,-0.000469960820218762,0.00135744259947925,0.00050835564229,-0.00133586075799655,8.7041914532741e-05,0.000555497996513642,-0.000461589030217728,0.00356377882288232,-0.000301499861550652,-0.00284078936226226,8.56414367898076e-05,0.000724552143612737,-0.00226005576830911,-0.00217083047554855,-0.0054009839171315,-0.000473977295540805,0.00291804229962072,0.00226249282599115,0.000548683866131004,-0.00107896811781397,0.00178688463734434,-0.00167371664657045,-0.00381477318599368,0.00135253972255787,0.000220924696814369,-0.00183829031450333,-0.000453550616825205
0.0776126498812108,0.115288251938362,-0.106117209001591,-0.096036634794043,-0.107219493703117,-0.0963805521194189,0.0559821080661803,0.0506717539906265,-0.125814683833031,0.00743188484112808,0.0481521112887347,0.0140267520899245,0.0433602855979555,0.0451689135810181,0.0359463264709614,-0.120571573521399,-0.122762740561104,-0.105434246346324,-0.127682213001028,-0.0134221378105423,-0.110011915306401,-0.103765011152085,-0.115320386308956,-0.121305199593167,-0.122244143131829,-0.109802831708068,-0.122125925416439,-0.0835127043766744,-0.104122309916096,-0.10802365300266,-0.106676741098046,-0.105535458711473,-0.0942226729532308,0.000543821589670001,0.00102701505441232,0.00270830300031981,0.00422274680555444,0.0038920441592875,0.00133653127438266,-0.00248794114050145,0.0010212030216301,0.00518485143475626,0.00287155109106939,-0.00223895584146772,-0.00051072814820258,-0.000606195579236495,0.00551591913028778,-0.000714763318780992,-0.00241872957504856,-0.00117178614769145,-0.00250932268205454,0.00153033247481518,-0.00173761290809185,0.00257035920648846,0.00240394944964181,-0.00439666380633619,0.000253957069721957,0.000143484582649094,0.000406296102174335,-0.000709149719939161,-0.00236818727513219,-0.00236188046230628,0.00281729105428348,-0.00334453437889107,-0.00102815141335309,-0.00222496691571497,-0.00112554072085263,-0.00696242490330005,0.000398061269419032,-0.00335285968158731,-0.00144870356969101,-0.000607389228998589,0.000275878255725849,0.00218401081432017,-0.00195939651705853,-0.00395540593072691,-0.0044205666711003,0.000259383507721524,0.000707930858197403,0.00292570186267644,0.00137583174546936,-0.000685122234725105,0.00430792536002171,-0.00214540987679115,0.00367356623285516,-0.00528778346991856,-0.00124940236309981,-0.00817984746741657,-0.0027588326516465,0.00132407087457757,0.00480596385295852,-0.000776270078591684,-0.00141346751135081,0.00438525989282251,-0.00377968939282335,-0.00105968661000552,-0.00148288272113058,-0.00448692720386413,-0.00536066240029906,0.00310966417743531
-0.0767025483161086,-0.106117209001591,0.109022465425924,0.0954969782015418,0.103602549365928,0.0917542661537824,-0.0522619929530918,-0.0546846908875245,0.125525162374039,-0.00453761123341664,-0.0488600318840778,-0.0150103510793148,-0.0432790645973334,-0.0425372415177345,-0.0356136419156256,0.118515383705775,0.121000489853533,0.105087513929389,0.125617323242501,0.00898781095936714,0.110718587552342,0.104544915720711,0.11400520716313,0.118360591367425,0.118821738921842,0.107407832094377,0.120878164954647,0.0794083913431699,0.104496924680786,0.104268964478475,0.105976299130039,0.102046964629162,0.0935353116817689,-0.000876253379599408,0.000196331430673412,-0.00117796116426533,-0.000695984712826955,-0.000845541938917783,-0.0016188876521729,0.00140500102148206,0.000440243322837651,-0.000419909562495693,0.000266841700573006,-0.00130063587265163,-0.000178114932341981,-0.000139698714175748,0.000851427565336589,0.00342667072038919,-0.000236226055399632,-0.00186130766906733,-0.000820875457880116,-0.000523577476053012,-0.00488941905175563,0.00017558452410602,-0.00231990589635063,0.0015816866017893,0.00268152369031994,7.88239471422162e-05,0.000640555606953143,-0.00084412447650251,0.00331569195563697,0.000114264590899656,0.00169019346843515,-0.000446230097520972,0.000718434233525917,-0.000376369808574268,0.00235459487707978,0.00399833947765255,-0.00196349499697796,0.00299105185034737,0.000918987739045747,0.00299664303615903,-0.00401520490106322,-4.656472899487e-05,-0.00040683776121715,-0.00386784866132557,0.00278540549276979,0.000803720593939351,0.0023238128785983,0.000444929933542187,0.000953075010377759,0.00102396957923663,-0.0024918423646227,-0.00282373259690349,-0.00491266335211744,0.00492093513354037,0.00195289248218364,-0.000945120363541994,0.00743212213819487,0.00306685625041196,-0.00172934267455419,0.0036282251094422,-0.00125365117628708,-0.00210348392960138,0.00331710409060071,0.000622417908823935,-0.00192438805628489,0.00343496386048629,0.00576165494689119,-0.000412174946608948
-0.0691830523107792,-0.096036634794043,0.0954969782015418,0.0866879880172998,0.0928238334619381,0.0816755461661876,-0.0454315690879592,-0.0470292787539982,0.110066683701415,-0.00549209515709828,-0.0428325886717921,-0.0143335636265824,-0.0406404363035353,-0.0371080616946603,-0.0317575494257505,0.105586970779288,0.108369029999638,0.0935213730060277,0.112414945046099,0.00980175711172739,0.0975305895280131,0.0929426861413862,0.101414672733339,0.105633758282416,0.107178650383739,0.0970182187888726,0.106997381909644,0.0705701890968115,0.0931103583464866,0.0941030187216957,0.094808194515749,0.0931205647703686,0.0833507822294069,0.000262677292919944,-0.000121889076264285,-0.00086915606263043,-0.00271060218824675,-0.00103971978114871,-0.000676991812016998,-0.000270630687487094,-0.00141491228155117,-0.00192312186013697,-0.00127033894992096,-0.000822582823244613,-0.00216531383829484,-0.000476077346040186,-0.00398307237025325,0.00237225746225059,0.00281962964964092,-0.00135733289541844,0.000709593111027067,0.000940194335477738,-0.00396714366144209,0.00315664630661377,-0.000998246303775402,0.0019564365379775,0.000452607986367629,0.000564171208689936,-0.00114147274049623,-0.000708629905907215,0.00376697453509833,0.000667273317136536,0.00207172322058562,0.000139461162849234,0.000638223545206679,0.000376447062473203,0.00295292821936069,0.00434417731126613,0.000614092802078893,0.00400506331868707,0.00193961326823997,0.00389157873096428,-0.00124425251178125,-0.00223221826062125,-0.00251377526227802,-0.00181835813948423,0.00247386213192608,0.000410136326938009,0.00216099748367691,0.000516808873896019,-0.00078345159169871,0.00243502542250533,-0.00167820596441705,0.000349408698116381,-0.00293147384273908,0.00484822200165166,0.00130130081482023,0.0018463785998975,0.00667066741617689,0.00137937125432048,-0.00420316306995928,0.00544190869276365,-4.54657706799261e-06,-0.00119602973352223,0.00452728045240142,0.00146901239267182,-0.00124299447695544,0.00381564483246247,0.00630479451892941,-0.000407526822922552
-0.0772615430180893,-0.107219493703117,0.103602549365928,0.0928238334619381,0.105247841084301,0.0928909777356554,-0.0551167144480495,-0.0496969869718181,0.123398883092258,-0.00728043017907511,-0.0453529709462596,-0.0126577751477319,-0.0439662818165207,-0.0424632962059168,-0.0333589465468131,0.116634863437844,0.119477099122453,0.102706817720142,0.122894744762485,0.0124140503473464,0.107428610491538,0.103599993212542,0.111140026976009,0.117315696071614,0.117799917527904,0.105115893350437,0.118149757393091,0.0790374376293795,0.102996744335054,0.103906182481356,0.103963492662725,0.101625874047225,0.0927174296677868,-0.000629132217743019,0.00242909280373743,-0.00238690672312913,-0.00105829726724257,-0.00170481894192154,0.000177731166532893,-0.00024749379717255,0.000608016505605515,-0.000579772135192972,0.00149683520552642,-0.000396367790596532,-0.00185842911242882,-0.000170450890004603,-0.00417674068344152,0.000869197577510561,0.0019767337188133,-0.00438169597184538,0.00133994114172508,-0.000344878671341179,-0.00113895718002187,-0.000685335080711715,-0.000361537936440066,-0.000144524619574216,0.00310736300375258,0.00164963364456924,0.00128157005538696,0.000697209960808762,0.00473703145923066,0.00371965256430871,0.000637508952289205,0.0015659859613614,0.00238881317379226,-0.00084477956909845,0.000203433030705766,0.00419032751544118,-0.00298803178566746,0.00229049490954138,0.00152356739958652,0.00252570675522849,-0.00013957287442955,-0.00332022250726028,-0.000513656828456025,-0.000444872711364304,0.00470390212619751,0.000833915349002392,0.000903472507383021,-0.000969187915917752,-0.000660209558214726,-0.00078888554916281,-0.00252763233042707,0.000539864781396466,-0.00252735056394256,0.00619681364520948,0.00158667645713724,0.00723334409920889,0.00351640829666959,-0.00133988890165937,-0.0033391633713359,-0.000499384830223392,0.00155472450036836,-0.00388253779999593,0.00157028170196073,0.00363283014271022,-0.000855317605918633,0.000294088196623713,0.00545266158449978,-0.000973982644208407
-0.0688049963993622,-0.0963805521194189,0.0917542661537824,0.0816755461661876,0.0928909777356554,0.0851337167877068,-0.0499713006833507,-0.045796275650403,0.110623082434324,-0.00567992198089527,-0.0416334651319388,-0.0104503325859721,-0.037299866781131,-0.0383547806850992,-0.0321031173650205,0.104675205613433,0.106521614098051,0.0915906593590006,0.110466412426104,0.0141841409046777,0.0972791662459057,0.0920608398778429,0.0980293200284585,0.104721250072077,0.103508187732151,0.0929170082385889,0.106470422535555,0.071658526267021,0.0893054903045795,0.0924826239762548,0.0931765537549416,0.0904574882731173,0.0818510233912897,-0.000466528794024629,0.00121711950670012,-0.00367542952293763,-0.00140446354948236,-0.00173351849966459,0.00200696710793943,-0.000892585828176134,-0.000560140129646777,-0.00281316228324672,-0.00030976951496408,0.00101240022154247,-0.00143478549034518,0.000765744541823582,0.00077137634239608,0.000300034219930101,0.000140245781542228,-0.000733831728868353,0.000147753277897608,-0.00226714204973346,0.00058229969530762,-0.0025802762149227,-0.000618745304792429,0.00268318164992395,0.00092933805388071,0.00144392212466753,0.00153802425768987,1.16217198947179e-05,0.00291866079192014,0.00268220640806456,-0.000991617783750591,-0.000146361795398661,-0.000511849324794407,-0.000313926036802482,0.00173940392728654,0.00636365082570524,-0.000147402908076938,0.00307058635684961,0.00285825370633605,0.0030077322392412,0.00090293122282173,-0.00147328458828797,0.00214291662221188,-0.00174575213884729,0.00522928617881654,0.000376802095036392,0.000471302371434073,-0.000522940294390627,0.00142462234898461,-0.00138139054596857,-0.0017868076821284,-0.000274374561694768,-0.000752073054926425,0.00301736491003408,0.00134480986102553,0.00783602500172422,0.000662603738939208,-0.00307065164874291,-0.00344043557369874,-0.00249807284532097,0.0022168029933824,-0.00404907878185885,0.00128126859182126,0.00265298875633522,0.000725484510881292,0.000500723114577377,0.00242204737460583,-0.000130195485661002
0.0420381512668088,0.0559821080661803,-0.0522619929530918,-0.0454315690879592,-0.0551167144480495,-0.0499713006833507,0.0397135084591719,0.0309347123151851,-0.0696726552966038,0.00772870584890409,0.0279988041821842,0.00669701089452681,0.0260038598434192,0.0238827592601754,0.0213111866812184,-0.0655927196410485,-0.0686657913138673,-0.0581375500356135,-0.0692523900780611,-0.00541732708485732,-0.0655167219105929,-0.0571428866939739,-0.0642734154442231,-0.0677092664438982,-0.0673994115960957,-0.0568653601243545,-0.0701253964064789,-0.0474187222247457,-0.0583643892746469,-0.0561156416257161,-0.0604671849576003,-0.0559194613678485,-0.0541751828157901,0.00163934877101452,-0.000559277967375123,0.000367811948260493,-0.000456305816684018,0.00119842294046229,-0.00131209144700549,0.00187530039228276,-0.00240901381638253,0.000408641553085696,0.000641246479385585,-0.00208720183102858,-0.00243811317042161,-0.0010470867210466,-0.000495092517965487,0.00370963931246908,-0.000927166959081459,0.00209944696431873,-0.00200834447808161,0.000155587982069861,-0.00544721355761711,0.00270850078194661,-0.000207323793884612,0.000402580625485691,-0.00372023175946097,-0.00223764079631087,-0.00158831707791145,-0.00136726876324597,-0.00196183085235316,-0.0030197762491969,0.00258591771541828,0.000887076080863728,-0.00285244000394364,0.00308870487509375,0.00101163446261997,0.00100089407605357,0.00361448916418526,0.00143216549303063,-0.00339508131288294,0.0033008378840863,-0.00217830207131559,-0.00330205471690415,-0.00204752168403477,-0.000730217611532821,0.00514285287513742,-0.000657083846212368,0.000858613765290736,-0.000361456015904673,0.00172015904907754,0.00402017865459294,0.00103533740223822,-0.000504534535662335,0.000265741197278447,0.000153145706480693,-0.00169428925692752,-0.00804904424288181,0.00246911017052192,0.00291032124883824,-0.00108964116105178,0.00468228922899965,-0.00135539107740965,4.37240533627455e-05,0.00158304715654695,-0.00289920927579301,-0.00192603814685185,0.00273882936415935,0.00142463480890976,-0.000420124246260193
0.039566421395421,0.0506717539906265,-0.0546846908875245,-0.0470292787539982,-0.0496969869718181,-0.045796275650403,0.0309347123151851,0.0379519449487998,-0.0657844052059562,0.00345272427030876,0.0337294913097823,0.0106293887057975,0.0237342832240881,0.0206996728437378,0.0243447593726612,-0.0647866593672561,-0.067545209628873,-0.0569553545632503,-0.0694690399662469,-0.00650986627124551,-0.0635019688934261,-0.0578619825154117,-0.0598206876863919,-0.0643721816264447,-0.0643414438476039,-0.0568106631561607,-0.0664252032205814,-0.0456521351712786,-0.0565839517169257,-0.0528168980926864,-0.0611174847111974,-0.0559893926267039,-0.0510482727791532,8.63686282706011e-05,-1.40299966555226e-05,0.001952757346637,-0.00309674854953223,-0.00235899394735804,-0.0010369136553467,-0.000138540951276537,-3.06341447865878e-05,0.000658723824421679,0.00427692101766102,-0.00150736906171198,0.00195001220943931,-0.00250808768656591,-0.00391220021897717,-0.000635430544628582,-0.000216554938085285,-0.00202761952372342,-0.000781262155603364,-0.00232735243411215,3.94393121318028e-05,0.000145052270018667,-0.00248455446793825,-0.00348080311979346,-0.000648977572833101,-0.000809722762064417,0.000353637440400002,0.000684318676074732,-0.0016125054588139,0.00101094838367091,0.000210735093446852,0.00332495714508799,-0.00121054076895916,0.000388528054697752,0.000916152075420019,0.00390646715409636,0.000982339339871042,-0.000103987223297271,0.000885715874054445,-0.00168023160217578,0.00484338219337769,-0.00327248281532591,0.00287231982174913,0.00625295956804793,0.00330395898581952,-4.58496693671217e-05,0.00028807257471256,-0.00289713807676901,-0.000163824245636104,0.000886152674932611,8.15296989326848e-05,0.00180759214656968,-0.000965594559989952,0.000332948713485196,-0.00197109560432405,0.00241452506257274,0.00114104904779682,0.000842734250505084,-0.000838914067542784,-0.00102194214696909,0.00192029254652246,-2.78967476430351e-05,-0.00229053310130492,0.000540432745643997,-0.00148081596941371,-0.000601166410841916,-0.000214838541364865,0.000509320090199666
-0.0939993166629388,-0.125814683833031,0.125525162374039,0.110066683701415,0.123398883092258,0.110623082434324,-0.0696726552966038,-0.0657844052059562,0.152947895783575,-0.00779565038337529,-0.0571068911515837,-0.0158993672413335,-0.0502511004715888,-0.0484008056755138,-0.0430091367561626,0.140024399730543,0.144205168574184,0.124920549415363,0.149337305028053,0.0116463393308238,0.134746932314345,0.12468211777807,0.13672591725183,0.141768427641353,0.142348052161818,0.127001275898292,0.146037369937019,0.09892440917768,0.123919917796437,0.121947566720234,0.12867508856428,0.122233947241619,0.111198583763565,-0.00227843336053898,0.000262294403153596,-0.00247227058306505,-0.000143103553875234,-0.00145947102709441,-0.000621877449242621,-0.00230829522891266,0.00201621271176796,-1.75181831633996e-05,-8.36948953166705e-05,0.000414652339811627,-0.00214530287823315,0.00197238465908391,0.00108081903160375,0.00122787559765943,0.000499652746802475,-0.00276236764746645,0.00289283895736327,0.000585358420232794,0.000475636148806407,-0.000254307473060496,-0.000390206508722848,-0.000220887975780606,0.00532988602865237,0.0025282884077397,0.00216809325257069,0.000119557872070232,0.00513336999802178,0.00339336286645617,-0.000255276055352737,-0.00217458716802124,0.0032477661716994,-0.00247640508764764,0.00376231780772264,0.00536572770506456,-0.00326482220718507,0.00295639748788142,0.00432265374505722,0.000983800722235617,-0.00109683043315261,0.00379592829718195,0.000340700446302898,-0.00306625040838832,-0.000172194230724594,0.00128654217223132,0.000465936094182535,0.00116509290346934,-0.00235959727660898,-0.00132138959790121,-0.00154446045079301,-0.00180548282278066,-0.00371671099193856,0.00344232132511925,0.00363494946623678,0.00625604542614434,0.00449822121587612,-0.000677230438604123,-0.00132031634190604,0.000406568581680573,0.000629258229936564,-0.00214519805472604,0.0033237046798421,0.00383847616720322,-0.000225781669544213,0.000928018107844116,0.00407232056850106,0.000295089418254525
0.00574932865792447,0.00743188484112808,-0.00453761123341664,-0.00549209515709828,-0.00728043017907511,-0.00567992198089527,0.00772870584890409,0.00345272427030876,-0.00779565038337529,0.00634383064512796,0.00667633517199257,0.00348850657310769,0.00592730234053981,0.00609888775693991,0.00543990154493718,-0.0112056595733571,-0.0109069801228387,-0.00946524568819516,-0.01293375563149,0.00109886022730381,-0.0116994763039454,-0.008128866232321,-0.0100839660682942,-0.014653110413586,-0.0142608309231354,-0.0105699699256501,-0.0128979838416663,-0.00734790016984385,-0.0103638348920665,-0.011733403182934,-0.0102710869163383,-0.0103800064744504,-0.0108630455781085,-0.00171463192410052,0.00105744617945175,-0.001156363149577,0.001443978145796,0.00143476840370968,0.00074258600334276,0.0011121571021417,-0.000949888865672414,0.00110846151841774,-0.00156095543250372,-0.000524458776384919,-0.000653719747643249,-0.000167487597480364,0.00415244932835061,0.00187490810935427,-0.000674897405570739,0.00158813689440524,-0.000234931204223044,-0.000631654672205748,-0.00190202845007809,0.0014162153640172,-0.00100829180213573,0.00274417698070575,0.00117651085754852,-9.43298171956344e-06,0.00040888958968416,-0.00165824426430909,-0.000825310655553366,-0.000183402025882961,-0.00111947446252842,-0.000392090541704434,0.000622410929706227,-0.00112226723066251,-5.45342631463067e-05,0.000839273358254411,-0.000212101410381869,-0.000668815506598771,-0.00145282564816627,0.000887745923816698,-0.00332955311920771,0.00193819973950279,0.00207114907943651,-0.00401597564579864,0.00265043348927938,8.47646377276604e-05,-5.7541350901245e-05,-0.00097691716826873,0.00105894555162447,0.00120497561247245,0.000302727525247905,-0.00292208288698717,-0.00182289016026491,0.000437591254561934,-0.000266103298487338,-0.00292271200146871,0.00110790670610618,-7.51918337186731e-05,-0.00221550653480424,0.000474459362040257,-0.000628889888168017,-0.00157715960571625,0.000779538500969722,-0.00276804690467533,-0.000578712663623981,0.00239312456040957,0.000608363341323854,-0.00141314932131431
0.0341571827635886,0.0481521112887347,-0.0488600318840778,-0.0428325886717921,-0.0453529709462596,-0.0416334651319388,0.0279988041821842,0.0337294913097823,-0.0571068911515837,0.00667633517199257,0.0352223593001495,0.0128187068172694,0.0222029933263573,0.0235095295046668,0.0240729362374121,-0.061703778975813,-0.0624939175584144,-0.0523439638753737,-0.066752091508313,-0.00454768195892799,-0.0585212573872894,-0.053220696667347,-0.0550543342051341,-0.0632341533578102,-0.062485151257208,-0.054574172826494,-0.0625292048022936,-0.0420779989843072,-0.0530103812838224,-0.0521729783199564,-0.0556172940558256,-0.0531696957743313,-0.0496541153670825,-0.00124072626961894,0.00192999484677736,0.00178756198828248,-0.000969890619879463,-0.00165949942249014,-0.00127735260219332,-0.002811361020193,0.000994863908345863,0.00480220401441168,0.00349030641010503,-0.000459069637327773,-1.35172145750725e-05,-0.00177941014469779,-0.000789636155451952,0.000674866972406353,0.00155907827805729,-0.00278754231420507,0.00112994299917396,-0.000162292017165848,-0.000636787251071152,0.0043821515797133,-0.00145779349171784,-0.00216609776294198,0.00310686627188352,0.00270123833421448,-0.000500583677157882,0.000189651630339035,-0.000408275749406593,0.00170974517632967,-0.00108853907017763,0.00266869607769111,0.00334366224952944,-0.00221378373363164,0.00296006249908275,0.00384792596528442,0.00017517266847939,-0.000825259162677166,0.00267872545018394,-0.00220856381337281,0.00423065045156544,0.00155019096170083,0.00333230194317324,0.00357506071758554,0.00239636313116897,0.000239548979068131,0.000975088501361983,-0.00167406112342526,-0.000683563491766805,0.00083182860117786,0.00281319800493594,-0.00166258166372108,-0.00170915752042878,0.000682369313447324,-0.00147803898732842,0.00204432148208534,0.000995880208705632,-0.000424285629251568,-0.00260571297929686,-0.00168587297610492,0.00152916830052785,0.000397723149428819,-0.002551646106219,-0.000108607584738065,-0.00278779945692138,-0.00058591405938949,-0.00091266704753977,-0.00017094092749988
0.0103597376899185,0.0140267520899245,-0.0150103510793148,-0.0143335636265824,-0.0126577751477319,-0.0104503325859721,0.00669701089452681,0.0106293887057975,-0.0158993672413335,0.00348850657310769,0.0128187068172694,0.00951652846021424,0.00884823550096984,0.00650360476606837,0.00941008974090904,-0.0204209088456172,-0.020196797177767,-0.016276766850845,-0.0216518064723522,0.000578365987216839,-0.0181084147498291,-0.0168961090382959,-0.0197383553451489,-0.0213674043481984,-0.0225556385695983,-0.0198339615774927,-0.0207360480489764,-0.0130571583639468,-0.0185321536288252,-0.0177884644322301,-0.0166747372024195,-0.0192142195410533,-0.0153303588749622,0.0010714058287792,0.000911833210149873,-0.00144043253225319,0.00117142530175356,-0.00158781599543279,-0.00104529606820289,-0.0018205399768966,0.00162863644320563,0.000792395069641339,-0.000489674553306495,0.00464078234551064,0.00276323241950455,-0.000588873026137608,0.00287783730299011,0.00114364145458501,0.00133043429746581,-0.00105834178440183,-0.00193205974812269,-0.000531929168170226,-0.000778654313038465,0.000810154688611845,0.00176028252956018,0.00108553346187456,0.00291040281690844,0.00713817147621008,-0.00164676685900741,0.000458394638978641,-0.00107505868255863,0.00292528513164959,-0.00207135921610467,-0.000108501626811068,0.00314144410915768,-0.00319505453169587,-0.00039520289840145,0.00190922814835587,-0.00212503944738181,0.000438069958266113,0.00118324088454656,-0.00312506146638011,0.00112632788604404,-0.000637413202949993,0.00221816179757658,0.000789992141055616,0.00352349638358851,-1.15257321822447e-05,0.000522715229825,-0.000131211778612168,0.00124058248592768,-0.00115473579423177,-0.00135918025669657,-0.0014369343083528,-0.0021607451756963,0.000686016200924501,0.00068805541172547,0.00213218043328367,3.3560991873878e-05,-0.000159143311020658,-0.000373533216661768,-0.00306761000388288,0.000972005461902068,-0.000972992703942331,-0.0007507308326256,0.00226696564197016,0.00200357404284988,-0.00178328841290369,-0.00106686493879883,0.00245843673288679
0.0334119124988063,0.0433602855979555,-0.0432790645973334,-0.0406404363035353,-0.0439662818165207,-0.037299866781131,0.0260038598434192,0.0237342832240881,-0.0502511004715888,0.00592730234053981,0.0222029933263573,0.00884823550096984,0.0325458695668751,0.0207613191963827,0.0179442383942741,-0.0566103637980553,-0.0608749895463719,-0.0490523509085755,-0.0572288964398605,-0.00764294299919771,-0.0520673371490877,-0.0489478914181418,-0.0531408779071126,-0.0542611305440807,-0.054847743460055,-0.0462709435568791,-0.0569853155222829,-0.031353746294121,-0.0511072209120043,-0.0497419638520414,-0.0472564364485917,-0.0464560514747468,-0.0476586567771962,0.000123654349908595,-0.00374824365406451,-0.00203605082535733,0.000806681162094901,-0.000194233254711325,-0.00243885533906124,0.00180578035804664,0.000325356069613462,-0.00290483509707397,-0.000790419117400592,0.00150557164278388,-0.00330634431965811,0.00295833893105958,0.00209081836658752,0.000475654398563695,-0.00479695407746173,0.00197985910640954,0.00122505380946399,0.000113051893515635,-0.000905552914164274,-0.00514347709061311,0.00311434922690567,-0.00181883495002386,0.000373825322914556,0.00109667066074278,0.00246960525419138,0.00228635040304796,0.000204481668677371,0.000652626416879738,-0.000301361550814638,-0.000581328195213041,0.00106426657552416,0.00283547875900977,0.00218827387088919,0.00458645480919479,-0.000203490600667836,0.00388087294419226,-0.00181308474744953,-0.000830684394790145,-0.00269363727971294,0.00229019023318866,-0.000658249397881577,0.000696642986006903,0.00523632929790793,-0.000257427400991213,-0.00284422697121612,9.60609586774537e-05,-2.86580054240912e-06,-0.00108866826845198,-0.00380317919761309,-0.000338718917424337,0.000381061486161188,-0.00187790389397528,0.000835163205767522,-0.00234715827234165,0.000505380767237805,0.00146538875171604,0.00378363199359349,0.000688644880770814,-0.000813762457576286,-0.00209712068467441,0.00309976217477726,0.00080944178218157,0.00232249247652239,-0.00125208546713857,0.000199544859261812,0.000609375049868887
0.0293555004638048,0.0451689135810181,-0.0425372415177345,-0.0371080616946603,-0.0424632962059168,-0.0383547806850992,0.0238827592601754,0.0206996728437378,-0.0484008056755138,0.00609888775693991,0.0235095295046668,0.00650360476606837,0.0207613191963827,0.0255844354427149,0.0168978257452253,-0.0525893734057297,-0.0521095285355854,-0.0446537458701388,-0.0556892145305273,-0.00387543619529385,-0.0481771386646089,-0.0435595642228533,-0.0471406876072352,-0.0538594840431209,-0.0511347577937918,-0.0445749907878957,-0.0538381476640365,-0.0313523196725705,-0.0443518786588188,-0.0486230694673013,-0.0431158940524514,-0.0416278002466208,-0.0441828909239178,-0.000703998356382044,-3.54780622953655e-05,0.00232463948922613,0.00023984377690256,0.00444853175722367,0.00271075519225919,-0.0011473599573568,-0.00357221947861798,0.000633717530222561,-0.00111041739715635,-0.00290137922589564,-0.00557249827403794,-0.00134022075763734,-0.00105003841794489,-0.00134870695407037,-0.000570575639627628,-0.000636882606259356,0.00290337786348906,0.00209409132424792,-0.000989273664352485,0.00458313706207147,0.00119359470562212,-0.001285088575289,0.000619623264895216,0.000842747880064378,-0.00208724225527289,-0.00107839906094816,0.000399106568654713,-0.00121814978823906,-0.00214733011998331,-0.00140702238942487,0.00454611069408816,-0.00247398564805258,0.00207005238289025,-0.00154400367646664,0.000663308447676026,-0.000206812728959795,0.000238633410763202,0.000903329247993706,-0.000625198914466117,0.00563215248180585,-0.00259394441327285,-0.00317427378379596,-0.00152166217933079,-7.38517199588703e-05,-0.00107863855399671,0.000876858195411635,-0.00244364160546455,0.000149335750717388,0.00225729343914882,-0.00100009722589462,0.00264505365556418,-0.00073595772324045,-0.00112653126400006,-0.000704697614108968,-0.00114949228528463,-0.00249675593458475,-0.00208243892419821,0.00173778511911817,-0.000751346538874812,0.00083312545368424,0.000914695470690998,-0.00187297170620903,-0.00130643711184073,-0.000895715116958921,-6.71539549844229e-05,-0.00226661176963939
0.0274233968183997,0.0359463264709614,-0.0356136419156256,-0.0317575494257505,-0.0333589465468131,-0.0321031173650205,0.0213111866812184,0.0243447593726612,-0.0430091367561626,0.00543990154493718,0.0240729362374121,0.00941008974090904,0.0179442383942741,0.0168978257452253,0.0216725844060214,-0.0474330938221925,-0.0474793206224479,-0.0405284263896039,-0.0504076495411065,-0.00698476845360643,-0.045573100562221,-0.0388704279070678,-0.0409204704815407,-0.0486192869689062,-0.0469097931359456,-0.0405335460199334,-0.0487721703580163,-0.0311855656575308,-0.0388034335905476,-0.0413907458833411,-0.0427456457562919,-0.0405333240650976,-0.035526863162972,-0.00263794572808039,0.000563649249904135,-0.000126928761855203,0.000386431169529202,-5.8583053550529e-05,0.000167924615557887,-9.53671542783862e-05,0.00110601874425993,0.000644089547823016,-0.000825569010486548,-0.000521159909095513,0.00143801048601965,-0.000826595223550018,-0.00176551742392076,-0.00164501404084838,0.00192545873072733,-0.00273566759574724,0.000714610297670895,0.00073948865384394,-0.00170207331355486,0.00205257680230292,0.000659668082811716,-0.00226964932127313,0.00395043558037034,0.00160361604797622,0.00335444603550427,0.000786694476219816,0.00124156473325936,0.00463012194796063,0.00263983510736779,0.000444507462321009,0.00157429844883784,-0.00283890640534434,-0.00345629627208632,-0.000511617616673261,-0.00351651667389536,-0.00121242113246502,-0.00200059187999818,-0.00115733440461964,-0.000297730797804594,-0.00211432963792696,0.00101465542071311,-0.000883843219866961,0.00158761497041542,-1.85128653056447e-06,-0.00113852483646057,-0.00302437383147388,-0.0016984574394354,0.000226135812233552,-0.00363677581001313,0.000863423682378065,-0.00392009883061111,0.000623035123433973,-0.00085282921953327,-2.52553881284795e-05,0.00464127145580715,0.00127570665370614,-0.00105217392898751,0.00197301975113519,0.000227543220016807,-0.000734441508552433,0.00101819782500455,0.000666083790503143,0.000662912088328724,-0.000378211569636467,0.00246527786159186,0.00140111663963195
-0.0871637108551123,-0.120571573521399,0.118515383705775,0.105586970779288,0.116634863437844,0.104675205613433,-0.0655927196410485,-0.0647866593672561,0.140024399730543,-0.0112056595733571,-0.061703778975813,-0.0204209088456172,-0.0566103637980553,-0.0525893734057297,-0.0474330938221925,0.141883756416801,0.145153367233154,0.123022475221201,0.148674816848012,0.0156237082653033,0.131810840530955,0.122569221002439,0.13166994602247,0.142013455740198,0.141084618837669,0.123942049127876,0.143852395296506,0.0926919466220586,0.123110414908452,0.124660059469118,0.124667236767414,0.120734493475521,0.112208741772044,-8.47424367358163e-06,0.00257022438031982,-0.00183246814140619,4.32596330952936e-05,-0.00164668188150523,0.000254723010148131,0.000827466610300982,0.000867942918248536,6.46542176031259e-05,0.000183577655693469,0.000257695116457941,0.000237368987124041,0.00106957249370382,-0.000857154614951993,0.00103741659470036,0.00170766074332158,-0.000633992943717344,0.000235405487040638,-0.000519551371488799,0.0010395625058419,-0.00240756716344404,-0.00153951429252489,0.00385157529278508,0.000108256641219222,-0.00187759544299187,0.000135046411147857,-3.32365163816217e-05,0.00294726841389003,-0.000579672793571845,-0.000212054398325546,0.0015273863275396,-0.000495769938430996,0.00180787615120239,0.000545020713369209,0.000866175644167611,2.80069696793015e-05,0.000761873321978195,0.00219079672156351,0.00204770366069797,-0.00155027992699757,-0.00214767927204529,-0.000261260813090707,-0.00110465745816074,-0.000573717356681282,0.0014819071989866,0.0026430418040039,0.00167564996338303,0.00158731161661911,-4.31769461105104e-05,0.000649801019968047,4.59237214199058e-05,0.000155158373212524,0.00415988443162708,0.00214545910748586,0.00417979385242526,-0.000203988265508239,-0.000816601210436073,-0.00161402766797659,-0.00130746703452126,0.00114924583936589,-0.00135030548610621,-9.50768913474913e-05,0.00113499162520833,-0.000877143502579354,0.0022517327987452,0.00241210495815221,-0.00194564578927221
-0.0901912003082521,-0.122762740561104,0.121000489853533,0.108369029999638,0.119477099122453,0.106521614098051,-0.0686657913138673,-0.067545209628873,0.144205168574184,-0.0109069801228387,-0.0624939175584144,-0.020196797177767,-0.0608749895463719,-0.0521095285355854,-0.0474793206224479,0.145153367233154,0.150767429247813,0.126568559967175,0.151995757206696,0.0165536078313594,0.135826165576215,0.126856665111727,0.136280238998497,0.144046957980562,0.144348583118531,0.126293179095373,0.147535079517431,0.0952488661729239,0.12748432104093,0.126031173073647,0.128703295289172,0.123853068653521,0.116182290212201,-0.00045486051718476,0.00299763773814956,-0.00139488966986368,0.000205335073592524,-0.000269955576513674,0.0016961245812192,-0.000214452770130893,5.92033650186488e-05,0.000160324100045046,-0.00159992271957316,0.000412963071863203,0.00102597450530749,-0.000116194739179702,-0.0011710994569515,0.000682104485682963,0.00364825633668625,-0.000656635370205253,0.000639316611491799,0.000123190910218263,0.00208151828792497,0.000905690792319683,-0.00172332303762956,0.00422662067141633,0.000658561575100832,-0.000598356134635703,-0.00143177961925896,-0.00159943090137498,0.00217979593875133,0.00029980305469732,-0.00137220035605979,-0.000117165003191097,0.000518204559441216,-0.00129879557935064,-0.00105919816934081,-0.0017108141837509,-0.00111929645941233,-0.00100447969585237,0.0021554553536667,0.00126428214487987,-0.00147985220071902,-0.00118876353393467,-0.000405410095578633,-0.00260885325471861,-0.0034351243144344,0.00129338035288877,0.00211070682096278,0.00126213695584301,-0.000539359006471884,0.000375896935245613,0.00118021438030709,0.000439285934347765,-0.000817633502867971,0.00407759465915917,0.00229637418878599,0.00512963946476683,-0.000183441743519057,-0.00196496706641664,-0.00324907253969176,-0.000711099869848091,0.00107992436856337,-0.000671151810895972,0.000413404578164566,0.000992328519259165,-0.00015279655492189,0.00273520881814055,0.00248379337490712,-0.00185009528068948
-0.0775485336500547,-0.105434246346324,0.105087513929389,0.0935213730060277,0.102706817720142,0.0915906593590006,-0.0581375500356135,-0.0569553545632503,0.124920549415363,-0.00946524568819516,-0.0523439638753737,-0.016276766850845,-0.0490523509085755,-0.0446537458701388,-0.0405284263896039,0.123022475221201,0.126568559967175,0.108748552212849,0.130259125758353,0.011641104697087,0.11674132131638,0.106377292855186,0.116131925237778,0.124106969728317,0.123749839725312,0.109026081776921,0.126431353987283,0.0816432935901201,0.107792594485076,0.108405926109078,0.110670982230288,0.105472961124528,0.0982960586486905,0.000979686605216624,0.000848017522495269,-0.000279444653161173,-0.000905593272245975,-0.00195463006556318,-0.00129814345530752,-0.000935463486648271,0.00125395888112412,0.000250124225704197,-0.000274343786548975,0.00169208358055812,0.000941238442970921,0.00034150003067173,-0.000726865627492425,0.00144307089312689,0.00249273329107469,-0.00162130994366958,-8.65182853828442e-05,0.000775071673293115,-0.00109746258002598,0.000824600577596247,-0.000842443757454877,0.00265795810795926,0.00149219222223275,0.00214735655032498,-0.00205673793978484,0.000233369897055182,0.00292287806915174,-0.00038888455412614,-0.00017335006577322,0.000348129230375795,0.00194227192906318,-0.000265657839450291,0.00167976030594226,0.000753975142799576,-0.00103133365556173,0.00141491372792273,0.00281343139319115,0.00144682761485041,0.000235686297408403,0.000767398064572126,-0.000824358522316517,-0.000149157038189281,-0.00128431833847804,-0.000270015668015989,0.00219355022569177,0.00148244496887867,0.000925020119090284,-0.00103128322322261,1.30589536621088e-05,-0.00188886347132794,-0.00171970329842712,0.00352081780202188,0.00127209201904488,0.00262712829645551,0.00167197355973296,-7.72096121628595e-05,-0.00152693320409566,-0.000111618208112112,-0.000865890866563695,-0.000336596370999986,0.000316375857227629,0.00123933536591396,-0.00123873683089495,0.000752822022709587,0.00193719695476613,-0.0005159044963481
-0.093609157365688,-0.127682213001028,0.125617323242501,0.112414945046099,0.122894744762485,0.110466412426104,-0.0692523900780611,-0.0694690399662469,0.149337305028053,-0.01293375563149,-0.066752091508313,-0.0216518064723522,-0.0572288964398605,-0.0556892145305273,-0.0504076495411065,0.148674816848012,0.151995757206696,0.130259125758353,0.159814033536711,0.0137510660827284,0.141143476544036,0.129425346747523,0.138939974317992,0.151533317527374,0.150278373944476,0.133086249554944,0.15357126716711,0.0997541251124207,0.129410192141326,0.131422298448542,0.133805501138833,0.128641198842793,0.120011960739232,0.00225202623968331,-0.00144607727679197,-0.00281435151163401,-0.00189091399905095,-0.00217046890182017,-0.00118757433354098,-0.00108796729424612,0.000766332393850675,-0.00315647901669998,-0.000665563750751473,0.00199740371700623,9.93822561807189e-05,0.00161010160163552,-0.000958267647767878,0.00289460733322529,0.00127772541892992,0.000962541434936423,-0.000676084421012339,-0.000109372529584785,0.000986046730149514,-0.000827884367846059,-0.00046902102772807,0.00131082413394079,-0.00223612125268437,0.000241704148768874,-0.00152696918325515,-0.000988353424146415,0.00180794035936122,8.912035134706e-05,0.0011554843188896,-0.00271059196761323,-0.00350701640528277,0.0011469967109685,0.000498514250601501,0.00148529754867066,-0.000269649234654469,0.00241977832623175,0.00103351558898871,0.00377482520553182,0.00077883923121025,-0.00166933415585526,-0.00178469035943231,0.000167950314130583,-0.000585708934265353,-0.00161830051261876,-0.000299264629205282,0.000564640348018114,-0.000864284343424566,-0.000618359049326648,-0.00091054487798383,0.000416239928711924,-0.001726335826894,0.00193188174263595,0.00211955742805967,0.00303237674665438,0.00118524740253381,-0.000755729203198457,-0.000494164557001284,0.000844654089984293,-0.00111851696939089,-0.00152485128922767,0.00271302405809967,0.00279958351688622,0.000738466136264562,0.00116712325404208,0.00209536671784811,0.00116604983821116
