0.0642816577436508,0.0762148258503623,-0.0790452091079205,-0.0699447869850011,-0.0765555698307947,-0.0681422739374897,0.0409146011261614,0.0391431153323973,-0.0936679064276536,0.00329203104625746,0.0338075673463979,0.0112393787668624,0.0359566551626977,0.0304978181022778,0.0256219918840985,-0.0871987568711032,-0.0901069055715061,-0.0771077853408519,-0.0938457440441134,-0.0100982596520138,-0.0830087274013247,-0.0792796348899565,-0.0815535338735267,-0.0911667323073079,-0.0886437936637822,-0.0786732124780697,-0.091295417397901,-0.0606766664125739,-0.0772932606247905,-0.0777052705801726,-0.0791701989976582,-0.0762243945998651,-0.0700297354944269,-0.00019518375627037,0.00131783500394195,0.00262962970692454,0.0020225613704362,0.00112544235119025,0.00112770804850996,0.00444710242457679,0.000371473874376284,-0.00278600625673179,-0.00209020502242909,0.000658635171482504,0.00505333734463688,0.000579091187068766,0.000239772007718974,-0.00024141966744773,-0.0025185380326261,0.00325601282622159,-0.00208942534836085,-0.00201459392471058,-0.00246205546407627,-0.00159629047378431,-0.00125450756164135,0.00111009125918587,-0.00126173655891131,-0.00232342552537697,-0.00135371195753392,0.0013941484541251,-0.0011180581847383,-0.00387242431441062,0.00139284777458641,0.00221002465446608,-0.000220123153324674,1.27142032011775e-05,-0.00254469701776812,-0.00544347919461882,7.57754263570514e-05,-0.00214312247089646,-0.00251727669381395,-0.000587601365680542,-0.00192083204733782,-0.00137695495463226,-0.00174459068209926,0.00204081569738714,-0.00306781190615234,-0.00116730445072448,0.00257233740996457,-1.52484873652105e-05,0.00309453035199124,-1.85448300363155e-05,-0.00085567326534449,-0.000798454191647889,0.0016178067796677,-0.00122522442660233,-0.00177631837912681,-0.0100492266590997,-0.00139605959881984,0.0027338567794782,0.00359676210766588,0.00165695367745443,-0.00166466076812605,0.00205223378346365,-0.00200862298634045,-0.00595413053832169,-0.00109676074881927,0.00121740249820785,-0.00227470850471388,-0.00234634420856608
0.0762148258503623,0.116461871280076,-0.104843541291972,-0.0959537022665984,-0.106883341166532,-0.0974438019192095,0.0558567901762771,0.0501878160248692,-0.125757222401001,0.00952671108226833,0.044949829204898,0.0147521432848833,0.0419616814240657,0.0439029468928604,0.036503791574543,-0.119603677805225,-0.122533930347858,-0.10503786696784,-0.127164813462334,-0.0129842897430425,-0.113903505894756,-0.103459496594945,-0.116758695808564,-0.120916252720389,-0.122006294627056,-0.109088720055373,-0.122199594821617,-0.0829793513766764,-0.104083858242961,-0.107085581209018,-0.106776219902725,-0.107480466034506,-0.097275309326224,0.000147053613925566,-0.000935985132858792,0.00093332137509026,0.00183194349399926,0.00415218804646456,0.00093749396314979,-0.00148724131034199,0.000619843848715651,0.00523603476001168,0.00237565474399652,-0.00289972427142508,-0.000431747493223258,-0.00142959346417921,0.00441464525606439,-0.00135044893584884,-0.0017675434955689,-0.00404034208245163,-0.00186428020002411,0.00181123138311943,-0.00125285386179847,0.00106422779875159,0.00285490732861443,-0.00444018465312676,-0.000929473632252281,-0.000547796604091292,0.00452364878789487,-0.000200453960979451,-0.00320997384447666,-0.000803775724177797,0.00297280468287136,-0.00286524997356331,-0.00182639527386269,-0.00123189960182828,-0.000323188538197729,-0.0045923667477066,0.000379693804752598,-0.00169797885668926,-0.00124846643530352,-0.00689223911122225,0.000529802131323898,0.00260570669123969,0.00178032459240155,-0.00809185985546835,0.00415491600079017,0.000525869211680867,-0.000214743809941124,0.00137458178111678,0.00161145335688556,-0.000802083017965519,0.00239584990824234,-0.00226949344475796,-0.000641787920995618,-0.00680124691330586,-0.00153202966466144,-0.0032229960535467,-0.000143931511914033,0.00544869433980567,0.00308684494177817,-0.000795229778480846,-0.00133643087500317,0.00241088426016606,3.73735381848726e-07,-0.000148102677953675,0.00254213824717183,-0.00500512493526658,-0.00229795688479468,0.00624337652947806
-0.0790452091079205,-0.104843541291972,0.110871226872376,0.0959994697967888,0.10335309772405,0.0909915398225501,-0.0516604447666438,-0.0546463234366688,0.125370961661477,-0.00232487998676626,-0.0462218296467979,-0.0151582120477481,-0.0453859557197715,-0.0411769303788789,-0.0343565411173553,0.119027386495395,0.121014213541953,0.1050603067932,0.126782076505121,0.0092186368469871,0.109868629138637,0.10338544311558,0.112314002024248,0.119997616059677,0.119032590394336,0.10681790295712,0.117645699866396,0.0812614715460005,0.104320841964362,0.103952058759717,0.105368034440233,0.100551810482245,0.0934995831262137,-0.00104075509002373,-0.00206083019588274,0.00158287598800671,-0.00454586224613973,-0.000927675228367309,-0.00240891658469415,-0.00311985801818038,-0.000287219553111511,0.000123636922313914,-0.000224704777801377,-0.00159221401116519,-0.00022136264540745,-0.00145999851975189,0.000966523278435573,0.00132617784537724,0.00066398774497981,-0.00200690640194919,-0.000714622493306346,0.000297541145560275,-0.00420327855271582,-0.00138732259913397,-0.00157546180491175,0.00142422130971057,-0.00110362258937945,-0.00406328081485681,0.0019931927890432,-0.000387725300902069,0.00224792199703886,0.00246620635708332,0.00103337863933099,-0.000115023003175584,0.000371531822826497,0.000881718122800915,0.00254906507500952,0.00368037696435735,-0.0016532871310536,0.00164505341757102,0.00105620545909616,0.00436126772134911,-0.00410990677635251,0.000753218732481398,-0.0046165651996272,-0.00375742823712985,0.000273363246561931,0.00153211002230255,0.000776828912415004,0.00081585019149515,0.00112534624119863,0.000902633581537732,-0.00210990015376958,0.00267308065342685,0.0025128288482634,0.0054796032574758,0.00175541524665844,0.00658695674620055,0.00200725503617772,-0.0024137749711175,-0.00137452513528173,-3.83539489566533e-06,-0.000921590436940303,-0.00688326022810117,0.00291089843893555,0.00205417353574302,-0.000900824814227873,0.00268924282754783,0.0021542727942066,0.00105854758904908
-0.0699447869850011,-0.0959537022665984,0.0959994697967888,0.0872056044996887,0.0922760538966239,0.0821649790654313,-0.0446397961372048,-0.0463342838111946,0.109849231474667,-0.00559529058124903,-0.0411544613628979,-0.0149608021290392,-0.0416881543437057,-0.0358673681060641,-0.0311090190314819,0.105406017520335,0.108056229007758,0.0933042908799736,0.112323078454897,0.00997629059245761,0.0974109228146224,0.0927383915929379,0.101229423542662,0.106430053888225,0.107139573187672,0.0961752182077069,0.105886709915299,0.0719554990250242,0.0923984169573296,0.0936313390233951,0.0946844103263913,0.0936046344219084,0.0828961856794342,0.000646576026536366,-6.50690903392901e-05,7.50649879113509e-05,-0.00382050136036704,-0.000838679590544961,-0.00127443856423617,-0.00302073816831301,-0.00155610552534932,-0.00152408660949002,-0.00102757949684951,-0.000271774448394172,-0.00204834911231219,-0.00136090084566495,-0.00292807008216208,0.000738271390754896,0.00277645736190597,-6.80960748976426e-05,1.62507928373215e-05,0.00162480516808978,-0.00382151457507679,0.00257861210444834,-0.000572353050472009,0.00114272088812999,-0.00200892072583238,-0.00263589224187841,-0.00097549125264612,-0.000248097586856072,0.00363362281482869,0.00147789622238335,0.00201392921727377,2.99562485042082e-05,0.000892052502865619,0.000509091894302086,0.00246344265061723,0.00349254778596289,0.000973958084666089,0.00220182440195655,0.00198840020344336,0.00545912112864925,-0.00170077496667304,-0.00141689522199488,-0.00491054801351039,-0.000530960862118691,-0.000405648295536872,0.000523531223098822,0.00141256417141389,0.000223945684526715,-0.00159530950299767,0.0027340000050341,0.000801108311294633,0.00326396801140534,0.00218433065340158,0.00506385764822504,0.00191153828326289,0.00638896943282919,0.0010693877124829,-0.00340685997033167,-0.00429817265786633,0.00224669984435383,0.00016005770054313,-0.00376867721064977,0.00324624486773134,0.00145420482425071,-0.0016796132586504,0.00366185603675203,0.00321738753429567,-0.00111215766604447
-0.0765555698307947,-0.106883341166532,0.10335309772405,0.0922760538966239,0.106145313714352,0.0920331012252587,-0.0561616751155908,-0.0508355898881047,0.123742804807938,-0.00652186105874366,-0.0436134501885907,-0.0113432418585652,-0.0434142375501924,-0.0385898856839926,-0.0339705360959466,0.117597434208649,0.119825171391176,0.10334766356884,0.124613713273824,0.0127282717195463,0.108725811625821,0.104937329731785,0.110835398804015,0.115883576411508,0.118025123389003,0.10325619082424,0.116135198909579,0.0791314277956726,0.103350495699131,0.102184016547186,0.104580836509451,0.100280512453916,0.0941775198530155,-0.00108406520172917,0.00199393751882391,0.000120371655955594,0.0010070288465162,-0.00134132188518337,0.000563845486316773,-0.000399162323376253,0.000864683216955759,-0.00119162885720332,0.00130720601701836,-0.00116914453960839,-0.00162134743407375,0.000241124969811245,-0.00626742977035366,0.00256710129438347,0.00197751924388775,-0.00195673424065062,0.00235788604768803,-0.000977302571756605,-0.00121389025726886,-0.000988210855957967,-0.000591428873214852,0.00260068993499789,0.00214068956573805,2.41722139557837e-05,-0.00221113508781419,0.000816240931089941,0.00466812783270037,2.45353598385078e-05,0.00158432302571568,0.00188424720524485,0.0015200168453746,-0.000778994341570502,0.00127748701319936,0.000728412455376213,-0.0034776888793635,-0.000712167470637306,0.0017191527139423,0.00408452967339528,0.000499320404458426,-0.00382701350903024,-0.00123009162768165,0.00429821652912944,-0.00188036305791115,0.000414689280813825,0.00147356349169549,-0.000494246290248577,-0.000234158004844587,-0.000886820336566221,0.000889972338319223,0.000847420555021021,0.0012946929923815,0.00572370360064302,0.00122256763766341,0.00634904225171245,-0.00266722498833061,-0.00578568744509148,-0.00206807078033419,-0.00324849860175922,0.00124273147722436,-0.0044469004474578,-0.00151873466267543,0.00335063399438922,-0.00136861533381997,0.000446404016102816,0.00287732268064501,-0.00438063956725738
-0.0681422739374897,-0.0974438019192095,0.0909915398225501,0.0821649790654313,0.0920331012252587,0.0869459067470578,-0.0490697347493637,-0.0456047063469717,0.110509309513699,-0.00760686226358313,-0.0381545542758848,-0.0122000658500569,-0.0368715058310803,-0.0361904970215192,-0.031322196006849,0.103944660012829,0.105536081938034,0.0907843703539101,0.109222740657748,0.0141047953957657,0.0998759960545521,0.0927788436070448,0.0988015683420645,0.104799375746943,0.103727393126059,0.0935146627894731,0.106727960152092,0.0708601795538344,0.0878102986233367,0.0913599587543851,0.0935776818667785,0.0929788362277034,0.0844205411305627,0.000556515575529405,0.00363290707477961,-0.000661595923694489,0.000114943095852563,-0.00189843814980324,0.00159732980197621,0.000324458832366674,-0.000106356036118054,-0.00228993392294788,0.00116007063531816,0.00230713261876929,-0.000825648959722392,0.000287640371111841,0.00248276544768529,-0.0013726872329921,-0.000668271245826558,0.000374341799367788,-0.00112295941841719,-0.00172211549262172,0.000479003492126455,-0.00162283641111378,-0.000479568833768538,0.00120679694042326,0.00309831112538724,0.00197615852440124,-0.00195177381817192,8.04328162573554e-05,0.00350432586517519,-3.96586194309876e-06,-0.00102531268692686,-0.000993741904890645,0.000306222358505782,-0.00113745156774879,0.000264576290443132,0.00450308514804163,8.9806487795803e-05,0.00311066951489323,0.00311285845879269,0.00914494847656956,0.000530425152724839,-0.00117153954621041,-0.00068792628210243,0.000703532546955338,-0.00285388699362375,0.000188355407903228,0.000746586698278439,-0.000311727134366896,0.000328028315346797,-0.000744598492808965,-0.00230351537958957,-0.000685226551202362,3.08477714009209e-05,0.00455485738736078,0.00239554408173114,0.00274241725953819,0.00300172681639488,-0.00411032970031434,-0.00287854568890798,0.00133537507326546,0.00227586171120823,-0.000887620095678797,-0.000650210852702057,0.00106372150883199,-0.00295531651459257,0.00122968880844084,0.00363336443887065,-0.00256971363880325
0.0409146011261614,0.0558567901762771,-0.0516604447666438,-0.0446397961372048,-0.0561616751155908,-0.0490697347493637,0.0410791727377642,0.0325762709290567,-0.0701317545709881,0.00708912681199171,0.0294837557816578,0.00548138436472849,0.0246411839290988,0.021666291627404,0.022070414123371,-0.0664313129282481,-0.069043669391848,-0.0586487147999466,-0.0701424768693477,-0.00544889550961704,-0.064991266101704,-0.0580393991160459,-0.0641264173685726,-0.0660698387880653,-0.0677273330023484,-0.0571243439021339,-0.0689769558535869,-0.0461815723758704,-0.0590671908555856,-0.0554057743257409,-0.0610500097734764,-0.0547080112405009,-0.053869051814938,0.00220036238506863,-0.000333440273364665,-0.00114953841182316,-0.00299849193590339,0.00125571163507182,-0.00204887231352874,-0.00237744162518844,-0.00273312256693067,0.00108726494770698,0.000789772375264606,-0.00113345220616199,-0.00262453795712176,-0.00202745093402216,0.00183980876080454,0.00136479126829852,-0.000962087242603629,0.00285424425031449,-0.00328370550549228,0.00113559619818029,-0.00532960469590259,0.00227966303595891,0.000287477987835897,-0.00245308935766195,-0.00566970648941995,-0.00429325138499029,0.00175706570941912,-0.000994015370125767,-0.00200218758657682,0.00152645324318012,0.00198958007646883,0.000682130248155395,-0.00205971704051772,0.00315475117211353,-1.25859288950198e-05,0.00337220512080106,0.0042860251710378,0.00132112354422037,-0.00357578730677747,0.00549461609373,-0.00308756162628767,-0.00217337201569984,-0.00298518851905416,-0.00215403598898396,0.00499749679555761,-0.000323173438043285,-0.000225511321466872,-0.00118018178716095,0.000652910317909151,0.00431827216693067,0.00126307587399482,0.00314926023795895,0.00377402327160465,-0.000637152742985111,-0.000908979293890018,-0.00170476496388701,0.000136883541439777,-0.00087883446079086,-0.00178266868714151,0.00226122380360734,-0.00101048503586317,-0.00193232655307007,0.00146734935022886,-0.00259493513213247,-0.00169439413730804,0.00239978276873096,-0.00159479273234456,0.00224496188942624
0.0391431153323973,0.0501878160248692,-0.0546463234366688,-0.0463342838111946,-0.0508355898881047,-0.0456047063469717,0.0325762709290567,0.0455393746066999,-0.0671625172815649,0.000340323726174098,0.0319485316765793,0.0122169211152221,0.0212332901310152,0.0202128528087991,0.0211124803099624,-0.0672714125976614,-0.0658706254432366,-0.0559189296398615,-0.0666951129896627,-0.00645242288423557,-0.0562523595947322,-0.0577281636087589,-0.0566786524130033,-0.0624465668686995,-0.0674943176429674,-0.0574910814734114,-0.0630974034471586,-0.0440610940815669,-0.054771323267176,-0.0533398196452204,-0.0628916479915716,-0.0548994938514949,-0.0454024223361508,-0.00017805616826604,-0.000528881737307966,0.00101794966529109,-0.00205724040717563,-0.000158372420644946,-0.00113897813463149,-0.00474935560372092,-0.00076587273514288,0.000105443019375208,0.00127986703229816,-0.000389363545085833,-0.000651010650657686,-0.00220246219167206,0.000483151492728261,0.000345833299385619,-0.000621512091212999,0.00134686652477316,-0.00293987532441463,-0.00176812597101337,-0.00134207144924235,-0.00173285014035221,-0.00258462267817755,-0.0034945571841619,-0.00186524923900328,-3.62011232732111e-05,-0.000486375693585152,0.00185074297022529,-0.000559991152588522,0.00245583737554938,0.000874954029804439,0.00457064663919457,0.000365004777541893,-0.000306938161599815,0.0011116131268019,0.00260772828729841,0.00249772039228287,-0.0014289324591155,-0.0012035607402346,0.00349236319501764,0.00178526052839556,-0.000448377053367003,0.00126869255836091,0.00838031253880536,-0.00562372436753334,-0.000617120629983553,-0.0015428775302031,9.13706708154872e-05,-0.00320970862341252,0.000893715731698119,0.00197578667545047,0.00518857602377461,0.00620913576304181,-0.0036182732343106,-0.000464809925859955,0.00335660295589595,-0.0046604473099774,-0.00643094343880519,0.0017363406141958,-0.00370333819247516,0.00213397422290966,0.0029360956730968,-0.00539895737783603,0.00266604426529266,-0.00114567827592484,-0.00260552821504234,-0.00662262316320861,0.00117653879669447
-0.0936679064276536,-0.125757222401001,0.125370961661477,0.109849231474667,0.123742804807938,0.110509309513699,-0.0701317545709881,-0.0671625172815649,0.153234815425724,-0.00732337454194139,-0.0555268697339665,-0.0159072872333498,-0.0496728467964593,-0.0456391887117003,-0.0426750197864348,0.140568492151177,0.143993340456706,0.124882814612681,0.150232472823708,0.0117008823512989,0.134236279058315,0.124984673450525,0.136283369046573,0.141105773301367,0.1428734520998,0.126573001914309,0.143702030211461,0.0991962788842568,0.123664349876948,0.121013137477926,0.129125838265307,0.121932606195067,0.110994100690642,-0.00228762743077215,0.000425154190200066,0.00054283903659517,-0.000399135527470017,-0.00170107225521905,-0.00051697240042578,-0.00217632056867868,0.00223093710099493,-7.11279347438143e-05,0.000401335718119471,0.000145900287996554,-0.0016710182080716,0.0020356550091951,2.42135132236044e-05,0.00145813439763856,0.000491034422275962,-0.00208328857555967,0.00338038171758671,0.000360612219040953,0.00063251525342032,4.31188554722534e-05,-0.000442309237786973,0.000921365030742797,0.00403067221876877,0.00102309696041261,-0.000390779603754338,-2.99574870319252e-05,0.0050246600210073,0.00082955134111928,-0.000106601302385964,-0.0023361146155127,0.00286345023222589,-0.00243808856828155,0.00390681599730064,0.00328891874190523,-0.00360039854277423,0.0019031045705398,0.00468632888418282,0.00123746042011965,-0.000514489657003979,0.0032556316746582,-0.00181847987764136,-0.000916384690328444,-0.00336231689369035,0.00123861449675399,0.000929394246178044,0.00125719942022718,-0.00187577128084278,-0.00130737763313286,-0.000513686690331109,-0.00119918359740799,-0.00179010898362397,0.00439880295981136,0.0033906198389199,0.00602760549526447,0.0022326107604166,-0.00181647016750073,-0.000701507793625761,8.19228011386522e-05,0.000515717304816006,-0.00355421731377348,0.00280720963406743,0.00333333475836198,-0.000454468764432212,0.0013187564596323,0.00375113371164625,-0.00102573124110564
0.00329203104625746,0.00952671108226833,-0.00232487998676626,-0.00559529058124903,-0.00652186105874366,-0.00760686226358313,0.00708912681199171,0.000340323726174098,-0.00732337454194139,0.0109022183354516,0.00852432793785376,0.00385132006120485,0.00459292784959376,0.00624600350481523,0.00745488576089326,-0.00921650803735853,-0.0109731441181912,-0.0093806674754365,-0.0122549500104512,0.00141483359343627,-0.0133315163576357,-0.00943815737976426,-0.0134644721464647,-0.0139943980015669,-0.012939785499582,-0.0110856878134476,-0.0158044529962994,-0.00735704559330788,-0.0104177166652651,-0.011663996089635,-0.0103405289829483,-0.0138448538857768,-0.0107178247748549,-0.00238800630007272,-0.00236026518628416,0.000567171143372517,-0.00124565657564542,0.00066158558238024,0.000252703141775649,-0.000540568836024189,-0.00160517307804966,0.00151140274289901,-0.0017039018310716,-0.00204485361805784,7.95745056376316e-06,-0.00131881958426026,0.00138208207241188,0.000490059925219981,0.000811611086696659,-0.000838878855667675,0.00151744815410493,-0.000391922645957347,-0.000623067172100744,-1.7143673727076e-05,-0.000320846693296814,0.00452786359075445,0.000813304074142136,-0.00159065025418246,0.00317712115660865,-0.00165071888465354,-0.00262932515594104,0.00217138691443397,-0.00187193624149717,-3.63444128478777e-05,-0.000899317816498733,0.000863530688324609,0.0010018716725118,0.00177986769199787,-0.000670238025251251,-0.00109056342267434,-0.000619070816241024,-0.000310500117158743,-0.00196515134478254,0.0014463332599278,0.00207117231226106,-0.00522807304475583,0.00377855688297382,0.00107567948090064,-0.000998144294518866,-0.000468676147881736,0.00301987803365312,0.000734414693437622,-0.00170905020863562,-0.000317377093525497,0.000685739712053013,0.000795820897820264,-0.00163921254364425,0.00154923498246303,0.000738007413452003,-0.00148641473399569,-0.00230570204325536,-0.00147494689332563,-0.000445677994982577,-0.00421874653181727,0.000706387524170615,-0.00134105528936928,0.000920881627812308,0.00203992142086665,-0.000183751118502086,-4.04149140561191e-05
0.0338075673463979,0.044949829204898,-0.0462218296467979,-0.0411544613628979,-0.0436134501885907,-0.0381545542758848,0.0294837557816578,0.0319485316765793,-0.0555268697339665,0.00852432793785376,0.0395157124904196,0.0110949116642021,0.025002171895237,0.0224438096759419,0.0287664599128997,-0.0613246010137587,-0.0645928750652027,-0.0542507744602298,-0.0672965534941433,-0.00501444872104552,-0.0571373912548567,-0.0526118878568722,-0.0564386238472076,-0.0627749915946278,-0.0615958847005201,-0.0554614790636424,-0.063251495142809,-0.0418540552716261,-0.0549412975648676,-0.0523553518849634,-0.0563389116263749,-0.0520847896655297,-0.0476024052257935,-0.00164748685059484,0.00367859434623895,0.00276763986911145,-0.000216775505234716,-0.00362624058148394,-0.0023303049967865,-0.00297931462081501,0.00216014267220329,0.0053955902156947,0.00483168466426852,0.000580816282888018,0.00143734552192347,-0.00158690773265922,2.46275559090488e-05,-0.00258174989699522,0.00122220915346322,0.000458514474273113,0.000931551876085367,0.000245416269989729,-0.000287192132188174,0.00271297494739223,-0.000231348849600699,-0.00208078170687461,0.00334967903304018,0.00259093368393802,-0.00186808819173822,0.000740744389448325,0.00018840086825709,0.00195609246474715,-0.00108179795797913,0.00268069008939224,0.00329826472043339,-0.000854636463471529,-0.000881638792264703,0.0039659343117007,-0.00143665922668581,-0.000801071354428657,0.00144896020743812,0.00164547484054214,0.00226988879784548,-0.00151747896737774,0.000867291313077968,0.00533015771688,-0.00200913690228852,0.00151145699428541,0.00043627419384365,-0.00257870533720874,0.000536858328687725,0.00123343968085067,0.000876737597933052,-0.000183735435725049,-0.000359608282873609,0.00285200235552137,-0.000946342095188868,0.00104219294303183,0.000889879583123032,-0.00168072440049043,-0.00133457290485469,-0.00142298330864146,0.00223436668603695,-0.00123793182273519,-0.00350361924905127,-0.000994853070935649,-0.00343200451875723,0.00102134065792068,-0.00162530262547687,0.000523724241991639
0.0112393787668624,0.0147521432848833,-0.0151582120477481,-0.0149608021290392,-0.0113432418585652,-0.0122000658500569,0.00548138436472849,0.0122169211152221,-0.0159072872333498,0.00385132006120485,0.0110949116642021,0.0132618913725119,0.00803703665184678,0.0117136762857989,0.00670027399974069,-0.0193247677030768,-0.018663495900781,-0.0142418794451096,-0.0186761708054009,0.00160884443758839,-0.0166888313487225,-0.0167561451011502,-0.0191023476981615,-0.0233822150407269,-0.0236422210755927,-0.0186044263941455,-0.0243180822629234,-0.0128708424653785,-0.0172313139817717,-0.0201151066914582,-0.0161342961849221,-0.0218263696254007,-0.0121264167145226,2.9364157043765e-05,-0.000524043290973956,0.00161729787582647,0.00218938432537011,0.000672074172953901,-0.000585404846576689,-0.00175830109620487,0.00176550020038587,-0.000728453189174492,-0.0023542901437811,0.00361745521861123,0.00208564694080237,-0.000119127445896635,0.000585867580229727,0.00466940490390188,0.00111776531638199,-0.00469087684345573,-0.000944297082458013,-0.00131601797070534,-0.00151374842474761,-0.00151163557317932,0.00147202285776841,0.00309788710439676,0.00452408432516415,0.00525224014955555,-0.000558755051999002,0.00176481545234503,-0.000856863728578125,0.00194511148436533,0.000658572533733462,0.00131060553068264,0.00187525439362347,-0.00322105241588804,0.00211009559374104,-0.00158811343974077,-0.00230131949132377,-0.000935170851283757,0.000636724171269576,0.000958192848252279,0.000836921070426729,0.000209336043905461,-0.000525167695239192,0.00153279885630103,-0.00216209649823525,-0.00127596824010831,0.000360557379988156,0.00405220180302807,0.000104303928717697,-0.00117806799738234,-0.00213154402228158,0.00131023187957918,0.00449419187319053,-0.000739901739718374,0.000998915634850627,-0.000203608655919507,-0.00124109391172597,-0.0048328984361754,0.00197685411801342,-0.00223994301660514,0.000433343035083989,0.00130228994611791,-0.00269736970872219,0.0026938121932641,0.00134961162740028,-0.00260083940081393,-0.00129590342589599,-0.00137815660195504
0.0359566551626977,0.0419616814240657,-0.0453859557197715,-0.0416881543437057,-0.0434142375501924,-0.0368715058310803,0.0246411839290988,0.0212332901310152,-0.0496728467964593,0.00459292784959376,0.025002171895237,0.00803703665184678,0.0366263045643123,0.0208819218040683,0.0173776868614401,-0.0572112253650618,-0.0610970063463055,-0.0497814520502845,-0.0572816560470185,-0.00884129165948853,-0.0508136780524387,-0.0474213257526663,-0.0520665402588616,-0.055722832007045,-0.0542284088865333,-0.0479101755838761,-0.0565069828274327,-0.0319523113401608,-0.0501602297620615,-0.0498372752631254,-0.0469590513542962,-0.0450223287409049,-0.0471442832721973,8.53659696718694e-06,-0.00168506962153197,-0.00202904987590945,0.00299315413748009,-0.00198530543661303,-0.000924336844448833,0.00268677525090607,0.000973614509408249,-0.00320058332341088,4.68156082369583e-05,0.00109778372471941,-0.00314528672141469,0.00544490364408561,0.00112534520857344,0.00322645168073248,-0.00509192554077074,0.00708801329348029,0.00207432430997703,-0.00141176085257813,-0.00122591569019587,-0.00148203657520954,0.00189844090837867,-0.000523776554854997,-0.000791288889842036,0.00276180260565107,-0.00314102489134,0.000177492220888477,0.00101182923619867,-0.00281047764060702,-0.00147769395035784,-0.0014019947973216,0.00151958583410077,0.00180148512560161,0.00162991006647488,0.00382251755480136,-0.00107149188751701,0.00325527342482953,-0.00168875444478813,0.000928744378213398,-0.00148084644074603,-0.000515260101085682,-0.000715806564732975,0.00470018438843594,0.00259036787839069,-0.000159606187314173,-0.000152686131620065,-0.00157203083485109,0.0024105286942665,-0.00167777078983657,-0.00158880578829153,-0.00258886124132092,-0.00100455414142606,-0.00077817042151343,-0.000600245037655755,-0.00576222116213488,-0.00194354495862029,0.00101026333037091,0.00380156309164517,9.14944618604084e-05,-0.0010520829151786,-0.00271908179429946,0.0017773492262847,-0.000224412610647956,0.00138552389393747,1.93135204728181e-05,-0.00088077736432781,-0.00040329471672643
0.0304978181022778,0.0439029468928604,-0.0411769303788789,-0.0358673681060641,-0.0385898856839926,-0.0361904970215192,0.021666291627404,0.0202128528087991,-0.0456391887117003,0.00624600350481523,0.0224438096759419,0.0117136762857989,0.0208819218040683,0.0292807978374418,0.0173609909272508,-0.0496420263954213,-0.0520896290406742,-0.0416166263385767,-0.0524839495485541,-0.00372917418650673,-0.0490701785661671,-0.0415312838380819,-0.0464259429760665,-0.0565590611279607,-0.0506802695535578,-0.0443026569901088,-0.0553648241928097,-0.0318703353971743,-0.0462085277249753,-0.0491482872930945,-0.0402768424075529,-0.0441942406900628,-0.0436504810083713,0.000145927596816882,-0.00125396147621934,0.00412320198499933,0.000125201592956127,0.00509714127526078,0.00360025784267252,-0.000519567821500429,-0.00234315124679168,-0.00362209833738871,-0.000799020896686034,-0.00217918300238125,-0.000510241094528866,-0.00308793186344393,-0.00229021487568701,-9.79436341498367e-05,-0.0016335709881191,-0.00307074343735574,-6.66550302457794e-05,-0.000298714573665873,-0.00432059688799336,0.00341710968817813,0.00113738957696847,0.000472847875159122,0.000207720634213956,1.1658112693432e-05,-0.00172369611755971,0.000590387302481442,0.000676289442142908,-0.00418992981093929,0.00480284330730687,-0.0039145810832631,-0.00072827652304528,-0.00524077285747331,0.00532584060001551,-0.00208196438350475,0.000567821784602163,-0.000145064389404081,0.00382300119803854,-0.000607394434352694,0.00337304039323766,0.0037376057061422,3.98091518310564e-05,-0.00217032780748956,-0.00126590946394014,-0.00227062303960611,0.00145558995252858,0.0012597735892865,-0.00162875742913089,0.000461471002775248,0.00294367636475363,-0.00137849012171293,0.0021537550555889,-0.00354365767592629,-0.000194622524826673,0.000405013530091985,-0.00136498382656187,-0.0025082333350942,-0.00200161110847369,0.0017778324296342,-0.0010852269870781,0.00136074321168858,0.00106725553070792,-0.00184896675820183,0.000735855728149969,-0.00123025211212636,0.00174688177618691,-0.00247535712388951
0.0256219918840985,0.036503791574543,-0.0343565411173553,-0.0311090190314819,-0.0339705360959466,-0.031322196006849,0.022070414123371,0.0211124803099624,-0.0426750197864348,0.00745488576089326,0.0287664599128997,0.00670027399974069,0.0173776868614401,0.0173609909272508,0.0252773401791144,-0.0466268691255884,-0.0491386632506381,-0.0419341429814295,-0.051441552589424,-0.00700758457623057,-0.0454558505371524,-0.0387688446041532,-0.0434420817487122,-0.0474144836614438,-0.04506472288408,-0.0423210585465701,-0.0492779366373779,-0.0308783127341902,-0.0410215008951892,-0.041270885921973,-0.0424382003431066,-0.040194138927555,-0.0362531860309686,-0.00179284393588544,0.000560557031824279,0.0026816923792633,-0.000981347322660063,-0.00157263592711483,-0.000917652388017377,-0.00111699311602453,0.00100017589733176,0.00205941572692125,0.00132594677311202,-0.000182836666856725,0.00300701516563183,-0.00265361478281942,-0.00184605906804153,-0.00591546478954867,0.00243110750886299,0.000842703647145215,0.000647874615062165,0.00182503625161802,-0.000378291149248638,0.00239227599856874,0.00156963153079107,-0.0021420290162214,0.00126015502843088,0.0014246435761846,-0.00151873185535626,0.000558059936735712,0.000143719629795224,0.00224203149038939,0.00120677922847831,-0.000597327767565832,0.00137889460508393,-0.00189988481680152,-0.00484387919746042,-0.00084530259998858,-0.00363857580471444,-0.00151372535192714,-0.000724031170782818,-0.000706359239603479,0.000672409403592036,-0.00244820148967244,-0.000925624972809432,0.00199639183931761,-0.00215265815472981,0.00104434178156576,-0.0016706655189587,-0.00485989480181277,-0.000845862839209817,0.000557586489126622,-0.00213993420951078,0.00136460524827907,-0.00297404045474996,0.0026634476139079,-0.000982107323377613,0.00259175054792258,0.00159462976576687,0.000141624099189108,-0.00189195211821605,0.000650892609343095,0.000617688991625286,-0.00307808555096873,0.000179546213589878,-1.49202833198819e-05,0.000328224693389611,0.000383969104697191,0.00104643244475847,0.00214959109854773
-0.0871987568711032,-0.119603677805225,0.119027386495395,0.105406017520335,0.117597434208649,0.103944660012829,-0.0664313129282481,-0.0672714125976614,0.140568492151177,-0.00921650803735853,-0.0613246010137587,-0.0193247677030768,-0.0572112253650618,-0.0496420263954213,-0.0466268691255884,0.144088992870275,0.144820709501986,0.123692293665454,0.148350172513975,0.0167342067648403,0.128515183709248,0.122355572899182,0.129968527958641,0.140216398049089,0.142141316490314,0.124974876929972,0.140259686319215,0.0918052891064064,0.121836788730758,0.123683218994599,0.126126144023167,0.118738356244874,0.111060268288601,-6.42301989442172e-05,0.00199041600391663,0.00034542813932758,-1.71320659839554e-05,-0.000838141445280831,-0.000212166375490224,0.00333580745734545,0.00129624732136113,-0.000238063434465305,0.00102915455805933,-0.000403234134568173,0.00157056249664173,-9.14903449775773e-05,-0.00393975966775096,0.000837851005311002,0.00164152429626055,-0.0053788772047598,0.0013290138904815,-0.000484934141387866,0.00151434863016178,-0.00396594003605226,-0.00107480682879433,0.00453976415215028,0.00259995512013607,-0.00370084717928796,0.00255020383928767,0.00103209764139383,0.00230988229939143,-0.00113924003387641,0.00162144983996881,0.00169923327646318,-0.00215338217670938,0.00235441013377475,0.00170173165750979,-2.74824280655954e-05,-0.000545197643020566,0.000503401852044565,0.00316953970351993,0.00110621355464605,-0.000532098951303772,-0.00199934636835555,-6.14228005190869e-05,-0.00186477413091515,0.000960432166632447,0.000911386995094316,0.0025948483095449,0.00222493507928393,0.00126007302463722,0.000439609509952363,-0.00110121070677466,-4.61043104239074e-05,-0.000327494016800771,0.00532385319963288,0.00244940292469754,0.00321230848396505,0.00279687731088394,0.000559399061850531,-0.00175550544981556,0.000444101767404058,0.00079848410197495,-0.00133282755360537,0.0001834872149356,-5.5422020002865e-05,-0.00154987817506207,0.00268606929102261,0.00598214575598321,-0.00450967338110132
-0.0901069055715061,-0.122533930347858,0.121014213541953,0.108056229007758,0.119825171391176,0.105536081938034,-0.069043669391848,-0.0658706254432366,0.143993340456706,-0.0109731441181912,-0.0645928750652027,-0.018663495900781,-0.0610970063463055,-0.0520896290406742,-0.0491386632506381,0.144820709501986,0.151857068726954,0.127325034272861,0.152917324181322,0.016455597942494,0.136065279395945,0.12609632026507,0.137008653290369,0.144115655129613,0.143379746593108,0.127016126226283,0.147074059745519,0.0952082923445807,0.129088451755151,0.125828525826015,0.128096899229539,0.122873031730871,0.116694320567738,-0.00117740177652511,0.00182162009588141,-0.00167638796987564,0.000441750188861152,0.000277263463890208,0.0022066123805717,-0.000685104406177777,-0.00025905605332598,-0.000462861698515507,-0.00323493724637825,-0.000120582333359705,-4.97939922777585e-05,0.000737085242532661,-0.00122263726613312,0.00266973023044735,0.00389954491601066,-0.00236905642066071,0.00094950701184055,-0.000361862384824557,0.00161396034806921,0.000381561001715133,-0.00207851736790928,0.0044988724939676,0.00151722102633524,-0.00120061908050744,0.000689214155737052,-0.00160487761787264,0.00233107178092511,0.0015610544558841,-0.00117267115022464,0.000643980492635046,0.000514676954770729,-0.00125300704237934,-0.000115120403547027,-0.00252020623361222,-0.00100165922316625,-0.00159726229942004,0.00140825190409896,0.000952618213908228,-0.0019369962239138,-0.00102045339990306,-0.00106319122358566,-0.0038052861112813,-0.00289798903106919,0.00114764482555491,0.00195109968498872,0.0028139885039928,-0.0004338534918676,-7.91626780269689e-05,0.000847893368769152,0.000683922045537071,0.000237419075236633,0.00356910214893682,0.00190477124520173,0.00356372943362961,0.000246727814250215,-0.00188035051026651,-0.00202166881476054,-0.000659490489641897,0.00100984082475576,-0.000291003700768194,0.00049249847556151,0.00228177758424401,-0.000360852151559735,0.0019567571056584,0.00189903065286429,-0.00212031344878903
-0.0771077853408519,-0.10503786696784,0.1050603067932,0.0933042908799736,0.10334766356884,0.0907843703539101,-0.0586487147999466,-0.0559189296398615,0.124882814612681,-0.0093806674754365,-0.0542507744602298,-0.0142418794451096,-0.0497814520502845,-0.0416166263385767,-0.0419341429814295,0.123692293665454,0.127325034272861,0.10991066764696,0.131531729195314,0.012360342375014,0.115113933948926,0.105949619537789,0.116490416675228,0.122968262534713,0.123151325257423,0.11015374244878,0.123410713228005,0.082272853075809,0.108210017978042,0.107290756248944,0.111103157287988,0.104151222875912,0.0977157087910083,0.000538945965481266,0.000205417589231808,0.00110129104426931,-0.00134775756290848,-0.00048553374822315,-0.00122484693895057,-0.00119165930399099,0.0013766588114707,-0.00056148826532461,-0.00117480862904474,0.00130205556256445,0.000687679504722237,0.000314778958295027,-0.0018651344493074,0.00305538058287056,0.00225979120336014,-0.00510622601949292,0.000272901037031763,0.00051306257173974,-0.00151628905883431,-0.000715128905352025,-0.000881930896678984,0.002856970117891,0.00154552909657757,-0.00080760844024212,0.000528495310468509,0.00121119847379381,0.00305981561112188,8.47620286515914e-05,0.00159266073390519,0.00111495208091723,0.00123002028557902,-0.000317115044103771,0.00301291170317142,-0.00102247411869966,-0.00106020070494898,0.000422789503782272,0.00256177866337134,0.00158012799567999,-4.38165780514413e-05,0.00152437722811261,-0.00294317398058274,-0.00112683490536932,-0.00113237674696638,-0.00107895892756008,0.00194989279195973,0.00345287665746273,-0.000103705587355644,-0.000881607683658552,0.000169487642195413,9.13304400251494e-05,0.00209029344005788,0.0032873547031564,0.00173775436884653,0.00333586556180952,0.000418676596420322,-0.00193494207211404,-0.00061177085246743,-0.000373780742562485,-0.00117855341885321,-0.00102273430830766,0.000440945404543696,0.00126366404458241,-0.0013552428404244,0.000313663872423684,0.00222372162988824,-0.00253950474615774
-0.0938457440441134,-0.127164813462334,0.126782076505121,0.112323078454897,0.124613713273824,0.109222740657748,-0.0701424768693477,-0.0666951129896627,0.150232472823708,-0.0122549500104512,-0.0672965534941433,-0.0186761708054009,-0.0572816560470185,-0.0524839495485541,-0.051441552589424,0.148350172513975,0.152917324181322,0.131531729195314,0.163745598435025,0.0117401410638997,0.140651095232229,0.129955736105443,0.140759726506949,0.151044141902633,0.148686769650565,0.133823963440365,0.151112250497162,0.0992660514510124,0.131744456406331,0.131176539929952,0.131995779642453,0.125614638705433,0.121324199002587,0.000116892506206078,-0.00372707148144664,-8.29304192394432e-06,-0.0032602400041862,-0.0026022631499125,-0.000346198655468165,-0.00163732847952012,0.00154557998354472,-0.00353882820447479,-0.00145257642151577,-6.84407439174509e-05,0.000109724713888075,0.00300575581037472,-0.000423766452188025,0.00634952165630241,0.00138376711506183,-0.00211164887076295,-0.000640635841256124,-0.00195965997995694,-0.000295007178550292,-0.000815692145008006,-0.00226528151270882,0.00370664851381145,-0.00269091596575734,-0.00120825376061679,-0.000511155262374984,-0.00143006601236874,0.00218731108006476,-0.00155964994819355,0.00392683054218991,-0.00277866885321964,-0.00637181987873051,0.000543497241929896,0.00290543992969277,0.000993507464098165,-0.000371816352044986,0.00195186960187328,0.00117578772332717,0.00252758596719131,0.00249352691965654,-0.0021708738781125,-0.000560688970834027,0.00112882609542752,-0.000846638936757573,-0.00210543247269788,0.000245644739235455,0.00195597478810233,0.000286240001633156,-0.00140114860912861,-0.0010256014507048,0.00101624177676358,-0.000537290810415791,-0.000228798136749882,0.000823513791777337,0.00353372700769937,0.00115329284487589,-0.00126871907532611,0.00053179891700916,0.000563072583521312,-0.00129469477044474,-0.00179300584233194,0.00264290329845231,0.00504607003879343,0.00226861543799507,7.48419854070411e-05,0.00248401783209618,0.00122288023256649
