0.0594626892023284,0.0776633926418969,-0.0780915915012171,-0.0695020333483886,-0.0762856125077841,-0.067667542771549,0.0411036838425186,0.041275503334923,-0.0938389493425378,0.00447734732588773,0.0376727713010285,0.0114244757155799,0.0330434960900249,0.0310449857689685,0.0272944673900908,-0.0874533572877209,-0.0906354352881312,-0.077564345069212,-0.0947858239830799,-0.0085747754201753,-0.082717539807391,-0.0787941583601397,-0.0846383077855435,-0.0877315643796285,-0.0885881442916713,-0.0804022830862338,-0.0906610246967553,-0.060908172713731,-0.0780041448999347,-0.0771768867199453,-0.0801199192261633,-0.0770756606649086,-0.0699145926686819,0.000909556124665495,-0.00088779617464609,0.00300830478307353,0.000626616892772173,0.000167854066541297,0.000823883798629289,0.000335462600038071,-0.000789598607022941,-0.00150385564863775,-0.000764550454586144,0.000657164912652423,0.00336927438637116,-0.00126851038285228,0.000619134444547011,-0.00335795870267214,-0.00110774231979432,-0.00133469142417077,-0.00255536116252472,-0.00107754982890617,-0.00111573283959767,-0.00227151179650772,0.000420647792805034,-0.000731043278033387,0.000455336140415532,0.000750796519274579,-6.03171986973449e-05,0.00166062263356876,-0.00209061489582644,-0.00106899734456364,-2.48021640366637e-05,0.00190092240101861,-0.000539412031347849,0.0009857919968793,-0.00181242608730087,-0.00243191437916647,0.00127252967291281,-0.00124703039533154,-0.00108541082056083,-0.00312649246581467,0.00103022905883213,-0.00122941703433194,0.000497495798522491,0.00120520210884134,-0.00153916509798664,-0.0004182441129123,0.000511511816484038,0.00108486485095998,0.00351648595088877,-0.00120632930692384,0.000162084025684975,0.000386759915233827,0.00264309294938001,-0.00192045278939457,-0.00248839687063527,-0.00131150628756006,-0.00190355439794255,0.00103011492706604,0.00208978422370649,-0.00172636003039355,-0.000224810799362158,0.00253438092463718,-0.00338752613904143,-0.00196115185570709,0.00010687079340297,-0.00197557947692937,-0.00284105777199557,0.000824232203444375
0.0776633926418969,0.113374547692255,-0.106407928326735,-0.0959789188442035,-0.107001534574008,-0.0952977269184326,0.0561888038385939,0.0520497343918787,-0.126039088080403,0.00833451401173938,0.0472524436283699,0.0137540323099712,0.0427173733270316,0.043948627094625,0.0355211408348083,-0.120062006153993,-0.122378108665192,-0.105753324813116,-0.126441515178905,-0.0111381632860707,-0.109716246849763,-0.105126445638932,-0.114544358501992,-0.122130473630005,-0.122950953237712,-0.109263282141205,-0.121878594429012,-0.0829756912290002,-0.104861895586691,-0.107989873443211,-0.108172572117296,-0.105465213820815,-0.0936541070489503,-0.000992385890303857,0.00190421043615302,0.00271015641771554,0.000685256364002627,0.00323458067071926,0.00198336847433606,-0.000395587285310496,0.00043570654204355,0.00597334293897233,0.00289329201513646,-0.00301915600138438,-0.000749545449960808,-0.000395758581615517,0.00571744834372085,-0.00128582763441557,-0.00232186551340196,0.00429487819336732,-0.000964946468627712,0.000524956574381306,0.000305297622787497,0.00215632714001667,0.000216426807941745,0.00263737059890524,-0.00272824792396966,0.000810597180577408,-0.0019145072952424,-0.000900004842120428,-0.0027539991762673,-0.00331023921389382,0.000937032585315832,-0.00119861899702874,-0.00127529446920299,-0.000989143787127838,-0.00010392714697438,-0.0057420387446708,0.00203925651725081,-0.00263591222850212,-0.000653745671916756,-0.000569507997962087,0.0011827224069361,0.00389124635154302,0.00173035787211571,-0.00518429219663337,-0.00436321760982566,0.000213762458059876,0.000535630116622525,0.000399607309422406,0.00181057950251949,-0.00033766560526845,0.000608192737023869,-0.00248457854134563,0.000728063489063803,-0.0069494454101981,-0.00228176569973704,-0.00900468736628033,-0.000834786642926343,0.00139662830733337,0.00104438147413372,0.00173384883534695,-0.000659835179022025,0.00403374539059951,-0.00127161048282175,-0.00345238773249303,0.00157863756140286,-0.00288886357814712,-0.00531287104602935,0.00330579223704383
-0.0780915915012171,-0.106407928326735,0.107425726875241,0.0949614762064383,0.104807876573889,0.0931037823882283,-0.0538349261224352,-0.0529821837612512,0.125730883759161,-0.00529687925912625,-0.0500667031130639,-0.0133983321024794,-0.0445701240934097,-0.0417160253201692,-0.035037147815335,0.118327536098358,0.121302288093335,0.104975064159514,0.125398010697825,0.0113245676202243,0.109268807613818,0.106955492536372,0.113293690639122,0.118126479485045,0.118180012351984,0.106154772375505,0.120582378627694,0.0811476032259602,0.104107311474675,0.103967752684254,0.105869386869356,0.10206153202482,0.0925335410934078,-0.000510842612974738,0.0013669596796773,-0.00487081630466229,0.00132585214794105,-0.00100054453863988,-0.000166112133885335,1.39237521267775e-05,0.000273561775506621,-3.63997822016387e-05,0.00127674430028338,-0.00101864336461897,-0.000804705264348122,-0.000645288933382883,0.000328421318973731,0.00278067068716387,0.00063277648750115,-0.000707252535710234,-0.000785173532062428,-0.000894832370266194,-0.003651127465237,0.00107252784820038,-0.00182725619344092,-0.000882160766011551,-9.85765343086554e-06,-0.00432733935535183,0.00333259209593313,-0.000989299870981183,0.00349780329774903,0.00169975432427131,0.00128306995768575,-0.000746264217977267,0.000726634053292265,-0.00169550188884247,0.00233755830818145,0.00275500615276394,-0.00179688274725764,-5.7563121689577e-05,0.00222704135281986,0.00560927587394959,-0.00124595882017944,-0.000894295165576552,-0.000122753034179311,-0.00224172776166203,0.00412612906287211,0.000672976264084852,0.00224287948528526,-0.00134978415631779,0.000714705413485854,0.000248520841321603,0.00228351129758755,-0.000231785677713892,0.000635965994449321,0.00359104835883776,0.00169554107984203,0.00523947468768831,-0.00226223213324035,-0.00465508927567041,-0.00242894712174934,-0.00287276073790688,9.810384988072e-05,-0.00532025452242454,0.000753687953510044,0.00210198604386678,-0.00208959688662187,0.00178660004611455,0.00269144979354657,-0.00358714779938644
-0.0695020333483886,-0.0959789188442035,0.0949614762064383,0.0857637617686437,0.0938512679779284,0.0822540307778135,-0.0468492903980644,-0.0463292327727562,0.11054758822874,-0.00585519609531874,-0.043464215500085,-0.0137782563755956,-0.040601776125456,-0.0385551058537905,-0.0308043762923297,0.105592924292895,0.108401069170687,0.0930334541107738,0.111933764239895,0.0100276030818361,0.096612654551763,0.0946122533136788,0.101300848673622,0.105659788342895,0.10708528470442,0.0953186951390277,0.107714800966536,0.0716771864922594,0.093684574582993,0.0943211684578436,0.0942564255966612,0.0928123607069827,0.0834048212753959,-0.000496262295576377,0.00116618426894044,-0.00424037572244807,-0.00020733501551878,-0.000508830033527531,0.000227827407719853,-3.85299675990727e-05,-0.000898863534220149,-0.00122853621449935,0.000151842016412539,-0.00180270829791502,-0.00248798365220165,-0.00057362496020332,-0.00424495507757402,0.00164233958616507,0.00207364563651497,-1.88944560539465e-05,0.000984173722580376,0.000387347692209866,-0.00286422462281655,0.00158028560762206,-0.000826474547122689,0.000472477842959302,-0.000111579455400501,-0.00430013597602921,0.00321296641457472,-0.000523896195110825,0.00414918729617016,0.00263095722250756,0.00200620225715591,0.000319187183280826,0.000846833713328493,-0.000284664516839523,0.00154627379974253,0.00355096512928273,-0.00088199523005828,4.35822690247136e-05,0.00144664947345422,0.00358064203233054,-0.00165066052905449,-0.00326051926962757,0.000650219287870193,0.000606284139665229,0.00288718747324876,0.00128138559310581,0.00183248525151558,-0.00196419195597435,-0.00118933191882229,0.00173634184960111,0.00150210782463628,0.00191627714876745,-0.00053333152133606,0.00367392992994862,0.00177650487547669,0.00639875152455405,-0.000710406508157389,-0.00345231642906907,-0.00353563372280631,-0.00112886967291817,0.000976249108245635,-0.00400093623460735,0.00141654666282435,0.00249369997136357,-0.00118895948686751,0.00271912843221305,0.00338742829964715,-0.00325574173395927
-0.0762856125077841,-0.107001534574008,0.104807876573889,0.0938512679779284,0.10377006413381,0.091817203186874,-0.0531955909229607,-0.0514524884724677,0.122863789647122,-0.00654291916296508,-0.0477842384965821,-0.0137790125534262,-0.04341783937401,-0.0422170933662672,-0.034394722983786,0.116765454337793,0.119456051021892,0.103185144147405,0.123421046686499,0.0112742009957636,0.107166940257621,0.103977145664025,0.111410164218563,0.117326866819296,0.118048727082856,0.105203708683905,0.118863090970699,0.0799694249865025,0.102688813977112,0.104012281750105,0.104635343559678,0.101866281968218,0.0914147143781172,-0.000124489971999708,0.000786248939231385,-0.0044571575421393,0.000573139195806746,-0.00194006292863375,-0.0010216662781144,-0.000279848540637745,0.000220611376410937,-0.00162279389422418,-0.000634651467893421,0.000549224516229925,-0.00123281064580521,0.000251155329346022,-0.00344228473657641,0.00172240390538858,0.00236470816379116,-0.00161263527636264,0.000904355752789652,0.000383170329758803,-0.00274267475351211,0.000275293493422452,-0.000374120761361953,-0.000473548116938755,0.00129876714944159,-0.00282593150473214,0.00331186414366675,0.000555580162659091,0.00436184904067385,0.00292132617611231,0.00114079294819408,0.00118210922148642,0.00199877108342369,0.000151077133258659,0.00101731038535301,0.00372529491520112,-0.00187936039542395,0.000503434168256455,0.00114981751543175,0.00366141797413192,-0.00130776614251459,-0.00242081154168448,-8.06499827035014e-05,0.00162461862741616,0.00415619542064268,0.000159685518173934,0.00117308070769836,-0.00157634374195522,-0.000146358232579745,0.000171908911710074,0.00143897587259698,0.000794413129932047,2.58451385798617e-05,0.00463222242807547,0.0014167487644857,0.00708914396437259,-0.00172952430733421,-0.00402410267531634,-0.00260867437785689,-0.00288102281704279,0.000128145614360473,-0.00483765783082498,0.000500235970370752,0.00226459828167029,-0.00190310358287292,0.00195699775123442,0.00319039732515078,-0.00381250979522637
-0.067667542771549,-0.0952977269184326,0.0931037823882283,0.0822540307778135,0.091817203186874,0.0825180688643193,-0.0493484056994896,-0.0466611378420098,0.110671927559456,-0.00581221788537201,-0.0430761001931622,-0.0110362073422326,-0.0372025391283593,-0.0367442851257105,-0.0314726615491159,0.103937616307164,0.106124378339816,0.0922054540383419,0.109829278017543,0.00970025319025553,0.0965213802172408,0.0922592156346162,0.0993751332382702,0.10495409288785,0.104793008106651,0.0936993350651542,0.106052267537013,0.0724043592096753,0.090524853669135,0.0916415528340175,0.0938931411911418,0.0898518043910809,0.0806376468483836,0.000307081107418178,-0.000660097691115727,-0.00288279923349084,0.000446899050408914,-0.00183687803511363,-0.000740408493157043,7.28188806025615e-05,1.20252846895614e-05,-0.00297384088317493,-0.00084332618818616,0.00145995471870299,0.000959806664693059,-0.000217578955714167,-0.000297508667184039,0.00129665613762995,0.000250038029075947,-0.00248670704994398,-0.000647840748357246,-0.00127995630907428,-0.00167439217793601,-0.00146642764289442,-0.00110541516959101,-0.00189922602824544,0.00137651272054559,-0.00159407075253101,0.00209313599199576,9.47529405768896e-05,0.0023225307328654,0.00150702805454632,-0.000950780505112851,-0.000277773440950436,0.001430636916175,-0.000944616701300063,0.00195029984520796,0.00402638381369209,-0.00173641770114387,0.00186361861420548,0.00233609111860307,0.0026346776173143,-0.0010170576806118,-0.000399159382156077,-0.00102661634697924,1.51063135810743e-05,0.00345308338447424,0.000412333540208451,0.00116672406355864,0.000314017299664445,0.00050146725743924,-0.000649062603791907,0.000471546494689397,0.000250477543887327,0.000732227655590164,0.00404792926082688,0.0019411462277853,0.00610766413026901,-0.000808551270814198,-0.00253731688285146,-0.000504118739144159,-0.00247149957758376,0.000288110054448767,-0.00384013088946018,0.000773271604710231,0.00238917821527185,-0.00140986775370975,0.00145658246928711,0.00295904469955956,-0.00242888211650869
0.0411036838425186,0.0561888038385939,-0.0538349261224352,-0.0468492903980644,-0.0531955909229607,-0.0493484056994896,0.0364070556794021,0.0328645048307725,-0.0688289076491341,0.00690152231241366,0.0300919170522217,0.00897739140373343,0.0240992950560375,0.0235014788300213,0.023858337829325,-0.0661183081033462,-0.0679618978884457,-0.058523004415047,-0.0708940553829472,-0.00482592747324561,-0.065792998861011,-0.0560901081445604,-0.064011024805712,-0.0684516267421468,-0.0678058196944735,-0.0598457893519741,-0.0697680015392906,-0.0468120415091516,-0.0571725746673775,-0.0569455987389559,-0.0610511704172602,-0.0568563318794775,-0.0531878567704368,0.000915060518916557,0.00158550151368899,-0.00112038353798991,0.0010750499544411,0.00183048120210173,0.000195059699322618,0.00118156405071335,-0.00173505882332541,0.00164688623250416,0.00226162406804439,-0.00261753972963369,-0.00159249860266596,-0.0023576237337431,-0.00181400932437746,0.00228514802641514,-0.000304366792726273,0.00230875856388226,-0.00181211813325155,-0.000319454567487809,-0.00368613269613017,0.00257986649127634,2.83792563874331e-05,0.000697398322301314,-0.00255027716886725,-0.00289276406899027,-0.000409141378357457,-0.00139934224376929,-0.00172701880386879,-0.000272672218492154,0.0016356362577177,0.00096425284417246,-0.00104171360421894,0.000104491492022263,-0.00125765186690527,-0.00082654708115043,0.000785966686588904,-0.00285966391337438,-0.00303192635617961,0.000148482910378583,-0.00144794300412163,-0.0047057377974905,0.00152035831608235,0.00147575005911086,0.00318753261821947,0.000569050686813762,0.000813647839482256,-0.00241921155898715,0.000338405595689859,0.00297485784152363,0.0031621456565257,0.00112533875158726,0.000843208162244568,-4.06259151011043e-05,-0.00101082880149656,-0.00173491773230214,-0.00305990923611373,-0.00141207685554058,-0.00230343427738388,-0.00104372972127449,0.000381448752562186,-0.00117916650862116,-0.00129697363000438,-0.000722458285655463,-0.000740903020625699,0.000804046654201264,-0.000966931833080117,-0.00231515802562125
0.041275503334923,0.0520497343918787,-0.0529821837612512,-0.0463292327727562,-0.0514524884724677,-0.0466611378420098,0.0328645048307725,0.0330049827645315,-0.0662961765432858,0.00503899021434333,0.0297620196926893,0.00945852216626483,0.0249687516303848,0.0229491104359059,0.0235227849477119,-0.0640590984976189,-0.0666291599948906,-0.0567035769880298,-0.0698519092444491,-0.00703912856552428,-0.0638815163475481,-0.0551928647017534,-0.0605733222016846,-0.0647582781515687,-0.0647956637878221,-0.0573489040655811,-0.0679031352855422,-0.044524085978969,-0.0564691106395426,-0.055514074077877,-0.0596343279085693,-0.0557305898953156,-0.0517697316372034,-3.36996967381365e-05,-0.0010432966561048,0.00013955594686868,0.00157862302712914,-0.000987659293945108,-0.000386123858356908,0.00109041542207871,-0.000345246057381409,-0.00168685445569477,-0.000455034751617801,4.39569165255144e-05,0.00215237768237068,-0.000879594494346621,-0.00114056676397518,-0.000459536246070446,0.000249053785846872,-0.001853932185147,-0.00192040656379641,-0.00102648715890212,-0.00204970596515975,-0.000191088098701836,4.66670744772257e-05,-0.00240651351158159,0.0010805935132801,-0.00237584100363607,0.00266325340247905,0.000472398841668152,-0.00123535142196255,0.00147160825159003,0.00267151002192371,0.000921495679077605,-0.0028044253909515,0.000830531596648214,-0.00154219020160254,-0.000496150338855944,0.000901754184461627,-0.0015127068639289,-0.00168510306166172,-0.00135570283929985,0.000402227970687839,-0.00492762676502774,-0.000343920981832712,0.00149026225857179,0.00203087560327887,2.91382857020807e-05,9.12462664655645e-05,-0.000819760093420003,0.000866011094319796,0.00180615705160724,0.000752596148259687,0.00235890571202686,0.00123772151970598,0.00102325748247362,-0.00105993277630271,-1.70988889263919e-05,-0.000404618728990145,0.00052616842747057,0.000186791093874431,-0.000224299857625532,0.000808844512525327,-0.000202143708183871,-0.00121419437512432,0.000128942419557764,-0.000878814495336553,0.000896728940861522,0.000915168920558106,-0.00133985945229474
-0.0938389493425378,-0.126039088080403,0.125730883759161,0.11054758822874,0.122863789647122,0.110671927559456,-0.0688289076491341,-0.0662961765432858,0.152611478719522,-0.00740537551697554,-0.0604357051127653,-0.0162070912900682,-0.0502509159669154,-0.0487595960108199,-0.0436905286245159,0.140199440169888,0.144330815553146,0.125099158718948,0.150765649600718,0.0122388273055384,0.133624947680498,0.125502688012402,0.136606369480299,0.141629166138393,0.142130483326843,0.128473417475755,0.145653067729858,0.0997696282130765,0.123383887573721,0.122613595489032,0.128873235627771,0.122488486404157,0.110339904167581,-0.00207232507444,-0.000230624678535118,-0.00444154382581147,-9.26548961803976e-05,-0.00170228371230862,-0.00065996852704626,-0.00116758226622664,0.00159289997519246,-0.000525812344321462,-0.00115896519055053,0.000980968787994916,-0.00223912770378113,0.00228080857695808,0.00159420844906121,0.00146883514570092,0.000949612758484905,-0.000483474084271334,0.00284751136349704,0.000764187732771451,0.000172388390159299,0.000418457732489024,-0.000398791611803886,-0.000262319401519894,0.00209201985116589,-0.00112957413057631,0.00377719559075654,-3.23169810503531e-05,0.0049783234228006,0.00253197262147973,-0.000177762511034539,-0.00230126019818225,0.00270671011140585,-0.0019297573554458,0.0043839087103375,0.00526165414515256,-0.00212284659954293,0.00319449449917595,0.00453581999567653,0.00488773751817751,-0.000850186370398741,0.0041970212793192,-0.000601460912573771,-0.00348407311837146,0.00230323430497951,0.00078956200506654,0.000519351436005019,-4.19128342095766e-05,-0.00191147848830811,-0.000942656578089002,-0.00112393168289751,-0.00120549977726648,-0.00145037299378436,0.00239785958552001,0.00328700524439471,0.00517579714658866,0.00188696952073733,-0.00274943560562541,-0.00141738640123597,0.000193783596436348,0.000321808204691282,-0.00416208818592841,0.00389306492625652,0.0031237051258189,-0.000436758612843429,0.00163019395307499,0.00375331035564682,-0.00121722891754063
0.00447734732588773,0.00833451401173938,-0.00529687925912625,-0.00585519609531874,-0.00654291916296508,-0.00581221788537201,0.00690152231241366,0.00503899021434333,-0.00740537551697554,0.00446885675165787,0.00551673514715408,0.0040642116444636,0.00640112860481378,0.00589688562079615,0.00562259012611089,-0.0119545124372365,-0.0121249527239284,-0.00938172629057558,-0.0119129393245012,-0.000182652949729882,-0.0117856231127068,-0.00780600555844733,-0.0108714941951438,-0.013263351853436,-0.0133351847696544,-0.00986295146262449,-0.0124421302426346,-0.00626033804380694,-0.0102229323978424,-0.0109005081445358,-0.00968325184570298,-0.0102143428706756,-0.0110817083770641,4.70934266820889e-05,0.000737198213310975,-0.00211138782505333,0.00111687258660842,0.00111757863202352,-0.000159771579255019,0.000435834178329994,-0.000361430977863216,0.00163586168035351,0.00155728031837306,-0.000831192646429872,-0.0014861316787101,-0.000888444573559571,0.00261024276737616,0.00252662942910043,-0.00145121313564357,0.00184838025050513,-0.000977823985043257,-0.000544423622905268,-0.00263520623399584,0.00168651458773543,-0.000248188899466286,2.27453318192807e-05,-0.00123730408058248,-0.0013127187284202,0.000209711146438108,-0.00126681236643947,-0.000509108607651973,-0.000404411683093451,-0.000441411233654451,-0.00106434046299162,0.00103495059432219,-0.00176221767571377,0.00106339497596614,0.000966756839966042,-0.000884972604551668,-0.000730006910064236,-0.000590033666476113,0.00261680393872798,-0.00107841488196356,0.00127141545529896,0.0010197921030022,-0.00161776805460986,0.00387437933480266,-0.000193855429535086,9.4153310407939e-05,-0.00168590778047635,0.000467011978852316,0.000240603913315584,0.00185215308753055,-0.00187921651407677,0.000521766168002451,-0.000310598900503055,-4.54572876592575e-05,-0.00114009223042684,-0.00255560688544512,-0.0026548431942483,-0.00138959682618067,-0.0017035119971647,-0.000669924118815645,-0.00285340841441677,3.25613307610668e-05,-0.000303333400765065,-0.000907233354531457,-0.000211849626112774,-0.00074791406187941,-0.00199156561669167
0.0376727713010285,0.0472524436283699,-0.0500667031130639,-0.043464215500085,-0.0477842384965821,-0.0430761001931622,0.0300919170522217,0.0297620196926893,-0.0604357051127653,0.00551673514715408,0.0301727684029714,0.00964489214648261,0.0268873827290518,0.0221815575919969,0.0222257661536355,-0.0616768004586508,-0.0636926244586926,-0.053883154789875,-0.0655015791339221,-0.00544252150925126,-0.0599912793898691,-0.0542511437231393,-0.0581701028219731,-0.0616916675961724,-0.0605682322457659,-0.0530119917791915,-0.0637678538134709,-0.0398754816364802,-0.0540415582816981,-0.0521508848087165,-0.054208856900408,-0.0509512338432701,-0.0503731844949449,0.00105948558146188,-0.00206058088848199,0.000508455522885552,-0.00096059093660793,0.000492694094311124,-0.000496211431680284,0.00101078032849314,-0.00207429379096833,-0.00340814806421114,-0.00196334924374597,0.00100374772289175,-0.000831306337837297,-0.000809363792967466,-0.00339143255049586,-0.000203417315651895,-0.000249228922183225,-0.000117891943450703,0.000353479111847962,2.92716107958335e-05,-0.000970892678203092,-8.93178956674725e-05,0.00140251619294066,-0.000811455804149916,0.00048781431422754,0.000691324047242618,-0.000325003966787133,0.000510313036696937,-0.00144539918313757,0.000972473746044975,-0.00108174713862619,0.000941040280193536,0.000993711120776897,0.000585393443525652,-0.00207545086489944,0.00207594739737003,-0.000528405036967351,-0.000217951225783544,-0.00349011167861175,-0.00189627633365109,-0.000464861022275659,-0.00169826092868641,0.00137183029868202,0.00525478075818641,0.00362651184663436,-0.00165612089645374,-0.00284204116697464,-0.00268471462232325,-0.00125414390094368,0.000260294945407303,-0.000388103843686033,0.000393120349844997,-0.000549626532763444,0.000758769156017868,-0.00145421277262983,0.000823131799497441,-0.000896156352826112,-0.000553266723743191,-0.00113690185450575,-0.000986240519753057,-0.000749283311744624,-0.001322209057909,-0.000753370793029801,-0.00063450765252633,-0.00055546284852945,-0.00019365603144788,-5.68056911437902e-05,-0.00216303032157985
0.0114244757155799,0.0137540323099712,-0.0133983321024794,-0.0137782563755956,-0.0137790125534262,-0.0110362073422326,0.00897739140373343,0.00945852216626483,-0.0162070912900682,0.0040642116444636,0.00964489214648261,0.00706960138975121,0.0113684854552131,0.0089163040602661,0.00772162387676258,-0.0198895496447536,-0.0212375715738698,-0.0164358717513379,-0.0216511623149313,-0.00103612577454403,-0.0195867361884236,-0.0161329648675258,-0.0195276278861009,-0.0203631251850737,-0.0217563709634022,-0.0177554245719132,-0.0216975042701885,-0.0114737283767033,-0.0188534022818302,-0.0181125435254013,-0.0169725980767491,-0.0186608000007678,-0.0187363207069475,0.000686184178420955,-0.000233144339412287,-0.00150323449092251,0.00280810493507988,-0.00179091208064582,-0.00253133654915916,9.29327326440546e-05,0.00170224119837287,0.00063541547482141,-0.000100372876585492,0.00350135177000954,0.00181169849526616,0.000621016234401377,0.00365804843076765,0.00208857984592252,-0.000816125353222716,-0.00139188174594757,-0.00154538212359632,-0.000735682283514846,-0.00158132302078955,-0.00140054810131632,0.000873317429460419,-0.00186136066532018,0.00152644534559341,0.00140008844313192,0.000434814800033913,0.00084657637618389,-0.00103774957182682,0.000113118027967649,-0.00146814408748124,0.000756198244415406,0.00189036256121496,-0.00017224228824687,0.000821404678515425,0.00159790528215622,-0.00104922622256758,0.000961409705798229,-2.16118147034308e-05,0.000170061903702091,-0.000886192388857632,0.000494004917722547,-0.0013169853664759,-0.000133402284952028,0.00464116880484637,-0.0001591832074424,0.000280772827934538,0.00122639905500582,0.00211664809340094,-0.000615970413005278,0.00134543143920718,-0.00155166974530653,0.00208550384788111,0.00127983304351186,0.000506199393593432,-0.000381389497433234,-0.00241315336439631,-0.000871318058289102,0.00152010376477354,-0.00268394339965762,-0.000231515443161571,-0.00200248543989992,-0.000752267020554635,0.000381671954312366,-0.000984285501713801,-0.000373164526065313,-0.00028825152253678,-0.00127944879776464
0.0330434960900249,0.0427173733270316,-0.0445701240934097,-0.040601776125456,-0.04341783937401,-0.0372025391283593,0.0240992950560375,0.0249687516303848,-0.0502509159669154,0.00640112860481378,0.0268873827290518,0.0113684854552131,0.0285440083315577,0.0224517782107899,0.0198604797629672,-0.0570979742018631,-0.0589762073242527,-0.0485625312657423,-0.0594280941761362,-0.00574421513102414,-0.0527367630460645,-0.0495643405993514,-0.0520022163504765,-0.0565123190394104,-0.0560435173314901,-0.0475452097036608,-0.0575953542810977,-0.0330268375293175,-0.0508076118270145,-0.0497728194098747,-0.0473929704072066,-0.0473816319312992,-0.048036789693443,-0.000227832212096133,-0.00289854544891628,-0.00010024154337806,-9.06051789445853e-05,-0.000465154919466318,-0.0013110429308811,-9.33164671030174e-06,-0.000271911102603193,-0.00273566677665486,-0.00317713839049305,0.00329512593900453,-0.000623563004808582,0.00124829687307228,0.00127222737848926,-0.000651342469305078,-0.00117290581781243,-0.000105260796822006,0.00141159485442217,0.000420442002856377,0.000226307782586371,-0.00131073779446739,0.00244981327686892,-0.000959942535830952,0.00241513054556431,0.00274980139100312,0.00109442353582109,0.00146719860212445,-0.000616137468071288,0.00120184395291937,-0.00246663162516267,-0.000367721752561652,0.00330865105813381,-0.000391689735032953,0.00140604347683258,0.00471017418243764,-0.000601800104286615,0.00278442663369288,-4.35163761745675e-06,-0.00189198447875971,-0.000857032593776376,0.00289660530513319,0.000510965810822691,0.00160583892442904,0.00374125354374045,-0.000311103936952019,-0.00221643208016347,-4.10563692402396e-05,-0.00101183644729839,-0.000678533751236233,-0.00183147159327625,-0.000971037433282354,-1.20954633417699e-05,-0.000535584428997904,0.000472620063214416,0.000358617230156441,0.000840124872790065,0.000387641781192481,0.00072393824884226,0.000115919300173184,4.82842735533567e-05,-0.000948323058324544,0.00139430097047583,0.000589921208120224,0.00060388174115195,-0.000462862008914164,0.00018544479431872,-0.000351130683380174
0.0310449857689685,0.043948627094625,-0.0417160253201692,-0.0385551058537905,-0.0422170933662672,-0.0367442851257105,0.0235014788300213,0.0229491104359059,-0.0487595960108199,0.00589688562079615,0.0221815575919969,0.0089163040602661,0.0224517782107899,0.0207507499165235,0.0177009686876779,-0.0523271882278709,-0.0536210697294496,-0.0448970827452006,-0.0547316250180985,-0.00575761343896679,-0.0483470272520892,-0.0440435818042839,-0.047807540648021,-0.0528266426346827,-0.0532020808907083,-0.0452014319155164,-0.0531061101075354,-0.0328120055384135,-0.0460268811921064,-0.0471226156488933,-0.0456507942565412,-0.0452275684909308,-0.0424987327319453,-0.000741784984525671,-0.00141432212813961,0.000378846652805362,0.000504823252521738,0.000864378978107773,0.000548191545213391,0.000607054998839896,-0.000225520636150834,-9.17081921762057e-05,0.000197421204966103,-0.000324322845236728,0.000497362967317192,-0.000365059535426181,0.00427089664517788,9.8908364479073e-05,-0.00240588731767709,0.00059348771768148,-0.00108631082401743,-0.00118714056030216,-0.000511487297926387,0.000473561379743489,-0.000392360534056525,-0.00146668628931746,9.92182112176398e-06,-0.000382995879420113,0.000823322266592036,-0.00088761762141525,-0.00181109937394612,-0.000527452944338519,-0.000300076379591611,-0.00238872019170181,-0.00100231099419116,-0.00199570882604784,0.000729623807039864,-3.8508153230037e-06,-0.000157146891880001,-0.000150269426263108,-0.000183110400941162,0.000847139068707661,0.000610706567118466,0.00283546962151119,0.000476235614174685,-0.00266235237828881,0.00137450892872472,-0.000718302649995571,-0.00120592108176674,-0.000842880945525434,0.00012010931370757,-0.000530918348182054,-0.000516385558687703,-0.00160950424687409,0.000136275596892462,-0.00186938916129183,-0.000660498935368077,-0.0028619587098665,0.000166420942439994,-0.00022352375612239,0.000530967511975397,0.000405985395924236,-0.000613665828233765,-0.000650974197348719,0.000401567759386805,-0.000716919881528637,-0.000157686811649429,-0.000891947350223674,-0.000723300858474345,3.01065492047683e-06
0.0272944673900908,0.0355211408348083,-0.035037147815335,-0.0308043762923297,-0.034394722983786,-0.0314726615491159,0.023858337829325,0.0235227849477119,-0.0436905286245159,0.00562259012611089,0.0222257661536355,0.00772162387676258,0.0198604797629672,0.0177009686876779,0.0189999614995076,-0.0468364628286222,-0.0483890497801088,-0.0404188382779879,-0.0499180581955372,-0.00582768161062003,-0.0464174995354013,-0.0385207259245826,-0.0420715614362307,-0.0475305088756643,-0.0467983395220265,-0.0398217109292833,-0.0486910735194483,-0.0301959418602555,-0.0404714057951282,-0.0404793232666907,-0.0423314628662843,-0.0392818870510686,-0.0380421609528915,-0.00170200368182427,-0.000678272853915129,-0.00179727622088763,0.00138829866887446,-0.000737426044221492,-0.000274412824910581,0.000301488279677872,0.000390754467620399,-0.000240804154080088,-0.000972331803876732,-0.000359512363122888,-0.000827031128449422,0.000626579186249448,-0.00057028980889042,-0.000537461735927064,0.00100671614222234,-0.000304787619107054,0.000673932320995355,0.000740936820256759,-0.00253240236066795,0.00175048518500803,0.000902948685480378,-0.00121439489966517,0.00183036112140614,-0.00270009852545719,0.00492677332072414,0.000917230420601122,0.0014143970830621,0.00289225811185504,0.00372875577921952,0.000235391518020221,-0.000911741481774364,9.0133302951706e-05,-0.000951553045052326,0.000239946355463423,-0.00027403076464345,-0.00186335673762337,-0.00175173429313278,0.0015825434623294,0.000766045656837028,-0.00148950123535298,0.00127760369401567,0.000410342988104115,0.00322471285451562,-0.00128461935883429,-0.00136540892803935,-0.00337945392924767,-0.000154565337217383,0.000530402715622986,0.000310028477502605,0.00020386409625105,-0.000167431037206835,-0.000103311470499109,-0.0017251163122311,1.0854411672744e-06,-0.000741006875604006,-0.0020672541219073,-0.00175021945574369,-0.000523561799071001,-0.00050209986964288,-0.00232059476766854,-0.000400016858930592,-0.000425682212920622,-0.00132010330199831,8.84433121729016e-05,0.000603857526481632,-0.00246851864608276
-0.0874533572877209,-0.120062006153993,0.118327536098358,0.105592924292895,0.116765454337793,0.103937616307164,-0.0661183081033462,-0.0640590984976189,0.140199440169888,-0.0119545124372365,-0.0616768004586508,-0.0198895496447536,-0.0570979742018631,-0.0523271882278709,-0.0468364628286222,0.141278437947135,0.144851179979943,0.123304320790375,0.148850316344177,0.0141912552298272,0.132382227878196,0.122692868958395,0.131937189597356,0.142265661289453,0.141616096091069,0.123720527800556,0.144110638994187,0.0927967477342511,0.123545458108705,0.124187460117486,0.125039265371652,0.120460505481612,0.112888337887049,0.000863779349693454,0.00206851349453995,-0.0017667521220511,0.000192986689153698,-0.00189332844058983,-0.000698249308182403,-0.000750879396709548,0.00117066778331486,0.000289547993798186,0.000978491322675998,0.000544246015134024,0.00104955125081749,0.000177967882279488,-0.00196314147933387,0.00138470771853497,0.00203156449272646,-0.00203301627382679,-0.000245728519496252,-0.000201525530191928,0.000361426683057042,-0.00133508886056669,-0.00154721745427702,0.000366564787298292,-0.000116681487359769,-0.000626833218247654,-0.000729782440208006,7.02828836899613e-06,0.00274397070412754,4.06734108698738e-05,-0.000346738660686801,0.00129751220281498,0.00059477596881436,0.000814326870798041,0.000964213185530004,0.000399657861831876,-0.000748238972206198,0.00103858470456734,0.00275211090664024,0.0016893586080469,-0.000752276808247237,-0.00199008521642602,-0.00208430745807726,-0.000114684155660346,-0.00132789609480694,0.00135523480991317,0.00299831925143685,0.00242665450424964,0.000900441976044864,-0.000178635554144397,0.00116042783398745,0.00110060450072385,0.000523133679990171,0.00385413969728754,0.00231382915499823,0.00498332194436719,-0.000418465064184275,-0.000748044793271579,0.000120639681386938,-0.00148609916328614,0.000763668017020908,-0.000813723665796503,9.3575527183068e-05,0.00202604818562823,-0.000563084783521396,0.00157545557392375,0.00214224514650433,-0.000201717345295541
-0.0906354352881312,-0.122378108665192,0.121302288093335,0.108401069170687,0.119456051021892,0.106124378339816,-0.0679618978884457,-0.0666291599948906,0.144330815553146,-0.0121249527239284,-0.0636926244586926,-0.0212375715738698,-0.0589762073242527,-0.0536210697294496,-0.0483890497801088,0.144851179979943,0.149054929112612,0.126510010208371,0.153574277852873,0.0145852871123421,0.136538439898834,0.1260526907226,0.135855219044505,0.145811044493033,0.145610051739783,0.12763551084149,0.148566808062542,0.0955125940626766,0.127334816124313,0.12734852673513,0.128831975938644,0.124322185641951,0.116521901682824,0.000696052636117495,0.00206369616300053,-0.00147725214283647,-0.000874625439373246,-0.000795898849933486,-3.30197870073451e-05,-0.000606012706487806,0.000574289171232747,0.000643319602590647,0.00146256682383852,-0.000670689491991394,-0.000250311793709589,-2.61407539576315e-05,-0.00208608626490383,0.00180213204473307,0.00162613259445962,-0.000817869872631553,0.000399733137813073,-6.2935316031039e-05,0.00116871265511907,-0.0002605776929354,-0.00194181180568938,0.000950852213740068,-0.0011465892239418,-0.000661519910043282,-0.0017673108393546,-0.00103351509926599,0.002398675394237,-0.000468539751758553,-0.00066767711701926,0.000123753562966095,0.000120278171946149,0.000151476658924867,0.000851469528405795,5.54537936846245e-05,-0.000877806378708746,0.000822694750456364,0.00228811514022129,0.00227169746572079,-0.000596022325703052,-0.000814805508892377,-0.00154417754631305,-0.000485723242389347,-0.00201371754660983,0.000937796204748521,0.00208381234025745,0.00146352145671662,-0.000500172177501956,-9.52633303850427e-05,0.000700289362905281,0.000606222550103321,-0.000751641243905171,0.00317630160311324,0.00224478615599973,0.00395767595477274,0.000359691813221617,-0.000724987252793208,-0.000612176108062688,-0.0004358342208776,0.000351324933104702,-0.000785234013863702,0.000837904558279721,0.00169612295227364,-0.000316332271351439,0.00151450375040996,0.00207303822118074,4.49642191554526e-05
-0.077564345069212,-0.105753324813116,0.104975064159514,0.0930334541107738,0.103185144147405,0.0922054540383419,-0.058523004415047,-0.0567035769880298,0.125099158718948,-0.00938172629057558,-0.053883154789875,-0.0164358717513379,-0.0485625312657423,-0.0448970827452006,-0.0404188382779879,0.123304320790375,0.126510010208371,0.108320690505364,0.130485564177558,0.0121786132631518,0.116220812745019,0.107784217282131,0.116030398624407,0.124179271356631,0.123606408727306,0.108824617790217,0.126376805824324,0.0825550933840441,0.107869929626419,0.108062072047249,0.110066733780899,0.105465022506939,0.098117101630972,0.000154348187127585,0.00166812747740072,-0.00220937083995748,0.000397521559389374,-0.00168423959177819,-0.000639481561245192,-0.000931304728393631,0.00144689066913973,0.000646250527372943,0.000527759407825548,0.000791549330867721,0.000309716552147521,0.000719467417952954,-0.000467351752309425,0.00101098599423004,0.00162280988413728,-0.00149006962133983,0.000373007532343155,0.000209128473823697,-0.000168729192035036,-0.000784274157066653,-0.00103042550216595,0.000347525846378384,0.000475982409665369,-0.000420170146535617,0.000405583064315862,0.000379441853311643,0.00318526007559433,0.000443654943543526,-0.000222684610155544,0.000798554413113578,0.00149992947919583,0.000158194432907975,0.0010286108585485,0.000535284366578377,-0.001387840396278,0.00073810645534934,0.00229926976285921,0.00283058223242666,-0.000296635410365244,0.000370991756971514,-0.00116118357231595,-0.000757291222436517,-0.000215205472013917,0.000229264692254934,0.00183052330046058,0.00109303014408496,0.00104134917432661,-0.00135101078662799,0.000859232657375178,-0.000545987093586722,0.000312827563521102,0.00272868606005717,0.00138007060334868,0.00414370435224877,-0.00107765015060818,-0.00204864259595292,-0.00029219173980365,-0.00212999969546394,-0.000253339483146695,-0.0018529083438446,-6.29126365527062e-05,0.00121311974696676,-0.000927342034935637,0.000522619730675989,0.00130659563886637,-0.000806771706284984
-0.0947858239830799,-0.126441515178905,0.125398010697825,0.111933764239895,0.123421046686499,0.109829278017543,-0.0708940553829472,-0.0698519092444491,0.150765649600718,-0.0119129393245012,-0.0655015791339221,-0.0216511623149313,-0.0594280941761362,-0.0547316250180985,-0.0499180581955372,0.148850316344177,0.153574277852873,0.130485564177558,0.159083792879178,0.0151151609515192,0.141506630098495,0.129793890799416,0.14048315740223,0.150024325550103,0.150286620422847,0.132590788175455,0.153683173957731,0.0997810990811416,0.131274507435564,0.130988276337207,0.134028992791763,0.128831044501408,0.119837029311595,9.91241645051092e-05,0.00213980998088306,-0.00205358019058852,-0.00127496522431215,-0.000816564756343508,-0.00069711892822626,-0.00116539951946694,0.00126713050711628,0.00167360262910464,0.000899154988578677,-1.16434504061412e-05,-0.002191155332263,0.00138972488138505,-0.00214842945159232,0.00227918285263393,0.00222129308012917,0.000253582211938898,0.00254070984599257,0.00135310984946344,0.00237267498427761,0.00049314940799206,-0.000846152857837315,0.00196473005776578,-0.000699102001491417,0.000743422774197628,-0.00193568087983745,-0.000784946237487842,0.00320398585661563,2.33598322603758e-05,-0.0010894416884725,-0.000137900169156512,0.00159685349013612,0.000270657241492935,0.00139289352870021,0.00108062460137292,-0.00126237271235646,0.00168823703807353,0.00232246577468345,0.00242184891000619,-0.000860876414803955,0.00107258241452556,-0.00131659490158777,-0.000358297514853546,-0.00175460837859836,0.000753091677995468,0.00103128167196,0.00112701399660781,-0.00206699219250476,-0.000186539698302876,-7.4351094709046e-05,-0.000203915667835118,-0.00201662426001037,0.00268240758084265,0.00277046320238718,0.00333932256541098,0.00137222534568297,-0.000581247317012673,-0.00107268246813758,0.000607323994440266,0.000167400707826408,-0.000932616040418641,0.00216395793155813,0.00188119124443249,0.000203944429701383,0.00148885317671189,0.00222034616261078,0.000403653820951147
