0.0647681816456851,0.0766199709663978,-0.077653099290196,-0.0704888706115614,-0.0765713848000143,-0.0680613663402398,0.042191166026539,0.0387627799641584,-0.0934408437385403,0.00295626435776236,0.0324242523644938,0.0111668708858727,0.0356459800269124,0.0311957559024683,0.0258418219198679,-0.0873783972757585,-0.0902692343982614,-0.0773292944039469,-0.0931229747689865,-0.00978107567601551,-0.081358152265427,-0.0781452466994972,-0.0810893903514053,-0.0911812987327436,-0.0891810666470241,-0.0798694129813908,-0.089448018087513,-0.061159734479169,-0.0767673393717312,-0.0779174149525165,-0.079504492686489,-0.0759110956907574,-0.0686007066077466,0.000490670260705295,0.00122706225998591,0.00108197229224301,0.00408472663972551,0.000363170486779409,0.00179093600589694,0.00218238503307063,0.000307636582935396,-0.00330997153578114,-0.00201554388810257,0.000732805967288971,0.00497586840946495,0.0011993993990486,-0.000242985035548418,0.000116755677670805,-0.00241308115236417,0.00432633487248203,-0.00214576244843835,-0.00205095742470093,-0.00113738214165859,-0.00201506166760092,-0.00115463585686702,0.000382552259077517,-0.00040016834589373,-0.00385373467596525,0.0019188865690708,0.00214303005361029,-0.00130692458581797,-0.00235899158283586,0.00132026478296163,0.00224604018891086,-0.000137187249543354,-0.000780274561939475,-0.00256843208069566,-0.00409246272171717,-0.000157307989755427,-0.00357998723613946,-0.00177518481156629,-0.000922907722367278,-0.00183632808575549,-0.00127082337222621,0.00169906074039019,0.0013785500035851,-0.00284361322245667,-0.000843459115008775,0.0029009212829203,-0.000147900946090254,0.00311751221051834,0.000535846357631683,0.00262898079862057,-0.00132523559903476,0.00264220040392919,-0.00435230003770096,-0.00170698449517804,-0.00857330051992372,-0.00443274441342037,0.000496616460120709,0.00405462604237121,-0.00122551942813791,-0.00245138881174512,0.00289258980114614,-0.00384767984306741,-0.00628229795249572,-0.000797704506649761,0.000193909634461904,-0.00493536580260477,-0.00289619950599263
0.0766199709663978,0.117253201623873,-0.103383244150854,-0.0956265901379486,-0.107640184730466,-0.0973153238101773,0.0564486994110527,0.0491207333347614,-0.125408769682496,0.00927640390708806,0.0451063313942993,0.0144310276837214,0.042125753805728,0.0425545945327233,0.0366574026771775,-0.120078518533801,-0.122706648973135,-0.10508948916216,-0.127876804886618,-0.0126096246679971,-0.113662240734584,-0.101017096163848,-0.115782086505867,-0.120729546584799,-0.121971911460989,-0.108648588739228,-0.122034971942121,-0.0823678372279364,-0.104072470226412,-0.10686227418773,-0.10758756234487,-0.107944951073767,-0.0968321399404365,0.000514568599954907,-0.00160012008992681,-0.000290037084385143,0.00385457431944343,0.00331949979843298,0.00232893983607859,-0.00186580227317644,0.000542062597167562,0.00504831568247103,0.00291222243205665,-0.00261809592073987,-0.000920702652724331,-0.00120696221751041,0.00429195874268813,-0.000555733885640556,-0.000692253937669272,-0.00545800049543236,-0.00230409120276855,0.00115425498026834,-0.000572471305083614,-6.94974833716686e-05,0.00295315497377115,-0.00422513892537433,0.00087288983046812,0.000301007666465685,0.00479906304453677,0.00100450653188977,-0.00320824532081548,-0.000378835528964801,0.00255204324739544,-0.00245823746288431,-0.00113727723367141,-0.002254304513923,-0.000584277351478796,-0.0021541132649311,0.000705491832522009,-0.000544899494261447,-0.00132665777465319,-0.0089086037405428,0.00137702604032552,0.00204312000451853,0.00412659825418627,-0.00407827985974041,0.00377059473466542,0.000180709073254274,0.000465115067161819,0.00173491866905757,0.000605590293760986,5.57384953824594e-05,0.00203005096406556,-0.00096934451719971,-0.00208179765371381,-0.00587520926025466,-0.00134567480202402,-0.000663061695787828,-4.62617944563841e-05,0.00495733565504601,0.00268834954460857,-0.0020433960147665,-0.00131093109166485,0.00287213477594738,-0.000176824443554408,-0.00091585366011208,0.00358306065080858,-0.00596505117811008,-0.000489424626814064,0.00614639291213172
-0.077653099290196,-0.103383244150854,0.115181154002524,0.0949379170685367,0.102848923913604,0.0912954745839904,-0.0482147780327154,-0.0562591744970175,0.126160130345135,-0.00330076535797905,-0.0472057699423828,-0.0155663845095394,-0.0460026416253298,-0.0401243659765529,-0.0337282913433672,0.118290710125213,0.120514168076579,0.104493871020133,0.12808649179195,0.0102412045122446,0.111911734512064,0.103292755496264,0.114085683623827,0.120102291425122,0.117797916000573,0.104819034763027,0.119588668929656,0.0810454066732877,0.105616620018727,0.103376447204376,0.104037111191217,0.101027539734746,0.0947660488117423,0.000834348279239607,-0.00270673929109114,-0.00115630407059298,-0.00261863758937312,-0.00330135505725461,0.000114417799356917,-0.00558161536549407,-0.000497381750840432,-0.00124241540485013,0.000331169424967713,-0.00125467443176358,-0.000799670036565597,0.000193465835404186,-0.000307676984664349,0.00272539940584832,0.00163140627548502,-0.00319975361433248,-0.00110283407546062,-0.000219060645546575,-0.000551176019911096,-0.00313727143812848,-0.00125979747889063,0.000975368562416175,0.000841735000341894,-0.00511254871186673,0.00775376773792439,0.00219366307076805,0.0018109959090205,0.00510301392767018,0.000577690227784686,0.000242790819812368,0.00102185179415387,-0.00167805229521356,0.00230656893525257,0.00341855152429925,-0.00199469390980739,-0.000640802774824584,0.00275534058371812,0.0049402493150336,-0.00334266273812181,0.000604073278137818,-0.00216278507158283,-0.0069910731906398,-0.000411487463893475,0.00208445462440355,0.00198932833573256,0.00322055198044375,0.000480375504799051,0.00280521162412239,0.00123250825503787,0.00269061923791035,0.00629406473668311,0.000976649057168432,0.00204514324333264,0.00861445701767424,-0.00127417738086256,-0.00540295626048107,0.000478209837046337,-0.00346262138985602,-0.00276997510203074,-0.00504027894329616,0.000373361720045623,0.000781881066487414,-0.000868604425505118,-0.000401865683913809,-0.00158126878873903,0.00131933407479479
-0.0704888706115614,-0.0956265901379486,0.0949379170685367,0.0891393661048632,0.0910182326403968,0.0821710341743828,-0.04686784068253,-0.0471779643965633,0.109861016952165,-0.00516933765404262,-0.0414971809314416,-0.0153259490673152,-0.0406108770651804,-0.0344596718175767,-0.0314000621251328,0.105036963867799,0.108165957273078,0.0937635030664017,0.115678371987341,0.00981022159905471,0.0976045354805554,0.087206721459702,0.101701194308646,0.106780108344229,0.108552923127539,0.0965088118823287,0.105780624330229,0.0706392113245811,0.091071101321548,0.0944172431422246,0.0941372326804285,0.0920158112088479,0.0841796669675536,-0.00047145992411358,-0.000965044460740314,0.00235568705835994,-0.00809914012154723,-0.000318872375419226,-0.000584817066454762,-0.00176033956294137,-0.00152909198065609,-0.000510638667360213,-0.000297485422709557,1.41142221050539e-05,-0.00269913767782979,-0.00255509641476917,-0.00191716995540846,0.00118671758251937,0.0043420783369441,-0.00359184782291296,-0.000584578824512272,0.000596906665472701,-0.00602315904666204,0.00171022023294534,-0.000655865661351243,0.00382489087983259,-0.00114084942245363,-0.0017307806459556,0.00113559449724406,-9.99016002607016e-05,0.00411766280314153,0.00156052299191553,0.0014794444394006,0.000631292613924476,0.0018552047780103,0.000783851221803758,0.00207821937192914,0.00299197343305786,0.00212286482871575,0.00154466113021991,-3.50068854243076e-05,0.00269907657013574,-0.000472400728578867,-0.00265370844949538,-0.00277673203754225,-0.00158929935903475,-0.000472415130117734,-0.000885470180128947,0.00173376547039739,0.00301347191063095,-0.00337719473196255,0.00279098106219707,-0.00110378420288011,0.00312756761995325,0.00279236085803736,0.00109986261748824,0.00205669542062395,0.0053462240135237,0.0043774039997,-0.00111915124165214,-0.00232566393946009,0.00400593541589379,0.0022106394004018,-0.000188090451328941,0.00303432046203262,0.000986434126975351,-0.000696918998253009,0.00462698981382881,0.00222220715688534,-0.000732021617749895
-0.0765713848000143,-0.107640184730466,0.102848923913604,0.0910182326403968,0.107369843396783,0.0919402421594569,-0.0554153657403061,-0.0496080481128497,0.123484424419726,-0.00656550177181544,-0.0432086232024171,-0.0109197329041039,-0.0440999361243767,-0.0383939441997064,-0.0339284638329391,0.11813975172302,0.119893389692814,0.103141008487844,0.124060168890609,0.0125457676974548,0.108164798848824,0.104022773076919,0.109874027854033,0.115564577310052,0.117256775503772,0.103378707656449,0.115469850985037,0.0793890037479448,0.104049387722176,0.101862031287265,0.105462898413898,0.101466529745615,0.0927586018988274,-0.00076346918663829,0.00295770258637698,0.00119215259157161,-0.000251211027143656,-0.0010072553074984,-0.000814164450776249,0.000568108324352726,0.000906025935038272,-0.00158759456143903,0.000533620380025096,-0.00153187060725934,-0.000934888469599487,0.000714652741096828,-0.00672040773789278,0.00175265070449853,0.000364524021937213,-0.00114393413708506,0.00300519043052621,4.75963393535948e-05,-0.000540292284672384,0.000300006342972381,-0.000616694770923326,0.00232895132562921,0.00057091949902317,3.16121858897162e-05,-0.00410703939184959,-0.000144068701796119,0.00441416190046907,-0.00124721615941969,0.00217383243810607,0.00126985448686014,0.00050658321876182,-0.000174125472633705,0.00166877870766218,-0.00197764205286239,-0.00432334205488063,-0.000678390413006712,0.00284039783759442,0.00630195183705866,-0.000768154988054813,-0.0027678216129075,-0.00530954175595635,0.0013440337220953,-0.00239335286186938,0.00141285110184522,0.000801377258256428,-0.000623161629806498,0.00143629057636926,-0.00154257462435054,-9.21387891570712e-05,8.47750493341927e-06,0.00198606393746794,0.00732803509749991,0.00100878152864955,0.00388151348667442,-0.00186896048635687,-0.0046184380680148,-0.00210227039217561,-0.00137141850374418,0.000142472645357716,-0.00569512529064116,-0.000544017098135339,0.00416272864159775,-0.00262290318001716,0.000635511077201674,0.0030172899210118,-0.00367340369582278
-0.0680613663402398,-0.0973153238101773,0.0912954745839904,0.0821710341743828,0.0919402421594569,0.0869751980989042,-0.0488900624163951,-0.0457733774021164,0.110576726281911,-0.00766835942598933,-0.0384753295283576,-0.0122547049942902,-0.0368678720360692,-0.0348994617479063,-0.0312832629266345,0.103867220898023,0.105499783206785,0.090756886927057,0.110916624064505,0.014183783596973,0.0998937764388252,0.0899980120993382,0.0989690292531374,0.104826520215511,0.103695857757757,0.0930967448655476,0.107060685124229,0.0702162038111718,0.0878597565143306,0.0915797909483023,0.0934436657472065,0.0929513349881155,0.084714023806823,0.000656280796534735,0.00354133212353976,-0.000181212549732784,-0.00173713533333267,-0.00206793127973498,0.00183805016300274,0.000890909587901019,-0.000123574784637209,-0.0023522824755314,0.0012438726681977,0.00234217400784707,-0.000917839086895959,0.00037236666992154,0.00241679638984162,-0.00123442167803063,-0.000516714467518274,6.64484001074758e-05,-0.0011740555834123,-0.00181024801522076,0.000682962521502605,-0.00180490566163568,-0.000454872103142178,0.001828068969578,0.00275551106198573,0.00184543020795723,-0.000597777222541194,0.000295987706437854,0.0034938032345772,0.000219526909685194,-0.00108790012123286,-0.000936634500170325,0.000402662594814314,-0.00133056980076445,0.000224500185750752,0.00318517663804029,0.000114833407818904,0.00194112179217365,0.00315349026748515,0.00921234076588108,0.000649975280417382,-0.00124763491022493,-0.000405193967502774,-0.00171721337534087,-0.00217492906579733,0.000170350072192752,0.000855399593746694,0.000301002795005621,0.000185860508256179,-0.000584592070109582,-0.00206353065611492,-0.00151301659614265,0.00115997193952014,0.0020635636592655,0.00242658479914485,0.00167516090380449,0.00319013129940995,-0.00366321944849705,-0.00195804799172975,0.00180886646229429,0.00222352984657016,0.000188724141148334,-0.00101114355665578,0.000943575816490935,-0.00297923328767971,0.00102061281687638,0.00201847699815102,-0.00268914437213068
0.042191166026539,0.0564486994110527,-0.0482147780327154,-0.04686784068253,-0.0554153657403061,-0.0488900624163951,0.0449667504545591,0.032311810254371,-0.0696698925253703,0.00615688537067024,0.02948897608078,0.00554238876987288,0.0233792515510936,0.0207706401397123,0.0226819158698939,-0.0665547971896104,-0.0694274378191935,-0.0593572204439253,-0.0703317132211724,-0.00470499181862796,-0.0635338072240417,-0.0583255778220582,-0.0634580370061712,-0.0662946526521406,-0.0696247381133936,-0.0589986046072958,-0.0675880935553944,-0.0454463566596887,-0.0571936032625045,-0.0562730823380575,-0.0613796559935702,-0.0531091280064278,-0.0551507735129529,0.00424177953626176,2.69430701781639e-05,-0.00356661831029809,-0.00236220439009763,-0.000585508201563808,-0.0011230031492695,-0.0034081420526248,-0.00287952681193712,-0.000565316111544145,0.000513104058160074,-0.00116646603013042,-0.00242073015100215,-5.87228687967597e-05,0.000249036659180622,0.00182253906093389,-0.00168443979693848,-0.000193819199581926,-0.00302083515992545,0.00167937905758757,-0.00134028929500354,0.00195941412033747,0.000542663831118311,-0.00100829699205631,-0.00422527950290116,-0.00514840687098073,0.00638860253143164,0.000417575334779655,-0.00266415215705215,0.00203702342016664,0.00216174584583395,0.000396393708047138,-0.00247064275064129,0.00140497655017411,0.000162714727439235,0.00047603811390554,0.00313102291783914,-0.000746611739949656,-0.000888625463995896,0.00664552817181699,-0.00364849543959403,-0.00123421601382924,-0.00272012884403903,-0.00652994122767605,0.00159295771194661,0.00117044243348532,0.000230574430814429,0.00241635641669311,0.00174980131859388,0.00539968830390915,0.00233379970050343,0.0027697179925821,0.00742630206925364,-0.00299108921621303,-0.000858355193539707,-0.000175058546123944,-0.00160422571902823,-0.00258654519937671,-0.000469655512674479,-0.00047627513084674,-0.00381010462567378,-0.00104977161376977,-0.000422789839327943,-0.00296665176726031,-0.00275660127285879,-0.000235310901807873,-0.00406724994759404,0.00423557888961098
0.0387627799641584,0.0491207333347614,-0.0562591744970175,-0.0471779643965633,-0.0496080481128497,-0.0457733774021164,0.032311810254371,0.047069626141715,-0.0676087846955085,0.000566636749955645,0.03271590684914,0.0127127087095567,0.0207780053433987,0.0183301794358702,0.020978296249321,-0.06658225854409,-0.0656719708224086,-0.0559443166302982,-0.0696654805248916,-0.00689604917753723,-0.0577482838701179,-0.0556944128584231,-0.058016520869765,-0.0627624648062968,-0.0678519471168128,-0.0547515502038917,-0.0660436558933756,-0.0426454797745994,-0.0544985124556207,-0.0539817392236862,-0.0617387554976812,-0.053973715013996,-0.0477816025889554,-0.000394050779375617,0.000505252142296356,0.00397599513427126,-0.00263175508716402,0.000779895305039853,-0.00305922187701466,-0.00234822126488708,-0.000669474246464177,0.00011587832113204,0.000429588725436571,-0.000796525385115778,0.000142774680333499,-0.00223104569868493,0.000432654198837567,-0.000766961403717777,-0.00232815423612895,0.000312096411455951,-0.00226638599056278,-0.000711892825400402,-0.00173428480483078,-0.000107138929394307,-0.00269683395901875,-0.00414732932285085,-0.00291925668302271,0.00241161121033469,-0.00740729007855519,0.000297193363008853,-0.000673293461546246,-0.000828767782560778,0.00152724551896696,0.00392434114135016,-0.000716661296118507,0.000921423592429466,0.00152959618799529,0.000747812836496066,0.00183139984044013,0.002859063937024,-0.000651431627699691,0.00520201568442364,0.000443925879511192,0.0005519253411754,-0.00696649289616221,0.00864253247082978,-0.00748509063592709,0.000124281743150152,-0.00246656763078452,0.000383356952987322,-0.00152696532365384,-0.000211470793612739,-0.00401491675606056,0.00601546695501398,0.00352816205179226,0.00432792552955149,-0.000738167726942413,-0.000438749891392262,0.00130487641856529,-0.00192201267130544,0.000774671915923663,0.00217174170522561,0.0016382966530197,0.00066181176588713,-0.00120996935277927,0.00372708530007003,-0.00206639757253007,-0.00160099271183272,-0.000385193574612126,0.00341569818324759
-0.0934408437385403,-0.125408769682496,0.126160130345135,0.109861016952165,0.123484424419726,0.110576726281911,-0.0696698925253703,-0.0676087846955085,0.15340576156104,-0.00747978200172658,-0.0554815134925255,-0.0160404429445613,-0.0496713001631425,-0.0448694546228122,-0.0425764688565062,0.14036701253151,0.14390050781618,0.12481790852492,0.15119915002686,0.0118994409030417,0.13426471680259,0.123856472441509,0.136719276845926,0.141172184245391,0.142785149659083,0.126110425711542,0.144134806271596,0.098880870830388,0.123780332349348,0.1212192819159,0.128776125083207,0.12184271906934,0.111372362216129,-0.00202540582917738,0.000178661653740346,5.13543948937439e-05,-0.000861466935343382,-0.002143170119444,0.000105528524555606,-0.00213387135771604,0.00218919817733624,-0.000237415508021833,0.000610508740908906,0.000250982812167176,-0.0018786815553865,0.002243645859631,-0.000126586546359823,0.0018120193286362,0.000888480143915343,-0.00184889477957353,0.00322714381856644,0.000125676025256639,0.00114401821370212,-0.000435376455548604,-0.000384163338348932,0.000894902893076626,0.00395843862662511,0.000984192699946117,0.00066144558219903,0.000537275603219478,0.00499177674372497,0.00144143612454017,-0.000269114703779285,-0.00218649189566967,0.00311928308575104,-0.00294862142397154,0.00380740925079808,0.00306539877948623,-0.00353280772203253,0.00107322896831017,0.00479977277473136,0.00136848338630531,-0.000201182329292134,0.00307022533904774,-0.00106530420568336,-0.00169047606837493,-0.00253305266563803,0.00118502204962707,0.00122544434900835,0.00127200204845885,-0.0022333942565796,-0.000894303226771858,0.000294142733390997,-0.00148919606682631,-0.00105984752026928,0.00271133842001998,0.0034707164935143,0.00609382512419661,0.00150971939912028,-0.0022832966719488,-0.000273945755025377,-0.000324312355926059,0.000374172040706172,-0.00300572652548842,0.00230645750153729,0.00300733179953992,-0.000328015140253321,0.000778040844960311,0.00258023515009715,-0.00141671080782367
0.00295626435776236,0.00927640390708806,-0.00330076535797905,-0.00516933765404262,-0.00656550177181544,-0.00766835942598933,0.00615688537067024,0.000566636749955645,-0.00747978200172658,0.0111435664193345,0.00815995088677419,0.00389143606853312,0.0048369831351842,0.00643906037995589,0.00729830211193844,-0.00911484279734653,-0.0108630143696962,-0.0092191930088221,-0.012267124491654,0.0011936129470317,-0.0131734058354446,-0.00941729557268778,-0.0137650152378466,-0.0139770483042329,-0.0125388333578783,-0.0106388577872152,-0.0162288207792189,-0.00751336985169606,-0.0108259275294739,-0.0117523286572525,-0.0101409691222983,-0.0141189126756786,-0.0102904730083616,-0.00288557493686933,-0.00233346841920389,0.0015913252891475,-0.00127973129685072,0.0011908450114689,-0.000169320594879312,-0.000686394453787155,-0.00156077124636422,0.00189627888570645,-0.00173167164251866,-0.00208017689128565,4.82994741027511e-05,-0.00178062984955297,0.00174803869670254,0.000263505429571657,0.000796023313129705,-0.00117945802348033,0.00152712889264875,-0.000405333657865159,-0.00159427210097632,0.000231690984439671,-0.000392706156397896,0.00437747686561409,0.0010758909784942,-0.00141521326058214,0.00262574687771736,-0.00214556059693227,-0.00248820837741628,0.00208295937128195,-0.00184179872825849,-3.94060124360251e-05,-0.000919832779978149,0.00140181850267514,0.00100651002770196,0.00223359248967979,-0.000473224717125501,-0.000453817151406457,-0.0011839567643994,-0.00082365314933887,-0.00197892797300694,0.00133666790705624,0.00160681528782638,-0.00490908188917941,0.00359455220742867,0.000807706170393957,-0.00120270378451066,-0.00014751958191393,0.00294683478326979,0.000363763607456377,-0.00230141132161632,5.82818955927135e-06,0.000418167208393461,0.00138866937826683,-0.00168048340798681,0.00110974744614511,0.00168589702719355,-0.000829356066531807,-0.00209512462983751,-0.000724334197008709,0.000151469584490853,-0.00394392133702271,0.00106666832239626,-0.0011414275306732,0.00110242603134764,0.00276070349573213,0.000406655285654671,2.35757254962363e-06
0.0324242523644938,0.0451063313942993,-0.0472057699423828,-0.0414971809314416,-0.0432086232024171,-0.0384753295283576,0.02948897608078,0.03271590684914,-0.0554815134925255,0.00815995088677419,0.0411178517673983,0.00945897265719842,0.0256295671632366,0.021449698887799,0.027923901958615,-0.0618849273642844,-0.0642591753493956,-0.055229549383828,-0.0666859594199149,-0.00460415096794398,-0.0577154518235417,-0.0541349593217245,-0.0558431109652652,-0.0625053606008351,-0.0615476214014961,-0.0558945290562692,-0.0626265067938388,-0.04120954249019,-0.0533698908727768,-0.0517972057923747,-0.0574365508365987,-0.0507567875480553,-0.0491174972992884,-0.00346376878757195,0.00454079949005251,0.00119104648578934,-0.0020577241912775,-0.00302851607505959,-0.000657750533911762,-0.00143044429110608,0.00176930843603844,0.00679925940148591,0.00593169635552807,-0.0024408450924584,-0.00305919871298589,0.000334416708834585,-0.00099881734142362,-0.00164911187750937,0.000847731685907046,-0.000967298382179991,0.00371657122038545,0.000244568757937957,0.00185853897171385,0.0034006954324537,-0.000616368131430121,-0.000456399668754395,0.0028099474954025,0.0031345940990363,-0.00120475617660317,-0.000445106453507627,0.00121585379689141,0.00125855992824446,-0.000969866358128472,0.00262192092405841,0.00217880419924338,9.2359436785228e-05,-0.00088240759689996,0.00200413897701691,-0.000958617638819504,-0.0018788440784363,0.000336828895582768,0.00203125382189586,0.00263616383775069,-0.00191391955919252,0.00106544680336285,0.00451592602005657,-0.00275512741996481,0.00201284024249524,-0.000820683644722585,-0.00161268761744598,-0.000672120587711705,0.0011428856964225,0.000266316311122357,-0.000536516115110508,0.000156645266536019,0.00180235630077353,-0.00163712270396257,0.00155750412862819,0.00104546480133057,-0.00155537261362815,-0.00128892451830401,-0.00172541005459535,0.00314185446315349,-0.00104724271278373,-0.00363307891979298,-0.000118699503798855,-0.00384991903497901,0.000686004124072603,-0.0020192978455538,0.00147144007281907
0.0111668708858727,0.0144310276837214,-0.0155663845095394,-0.0153259490673152,-0.0109197329041039,-0.0122547049942902,0.00554238876987288,0.0127127087095567,-0.0160404429445613,0.00389143606853312,0.00945897265719842,0.0134277920288355,0.00784253565223269,0.0119907550119966,0.0066815885554987,-0.0191113625011855,-0.0186165663969072,-0.0142835130574791,-0.0204716764117672,0.00149018299633251,-0.0168920513404797,-0.0127105205608279,-0.0195238792099466,-0.0234981638030939,-0.0238378807774512,-0.017225935705308,-0.0250417270471719,-0.0125931805366064,-0.0170794544326803,-0.0208654851996057,-0.015775642831256,-0.0214669087456756,-0.0119299308846854,3.36981000147652e-05,-0.00017128932438403,0.00258521222085917,0.00495251763872576,0.000911602407226858,-0.00118096499462444,-0.00230270145487963,0.00179187028444932,-0.000785679643891929,-0.0026435564283952,0.00348274081685319,0.00235313264327394,-5.54509337529464e-05,0.000510551098283664,0.00432122501129453,0.000531481339978151,-0.000934150021045114,-0.000713300265443192,-0.000949080317372087,-0.00149477793514604,-0.000990258637551794,0.001444896021997,-0.00058867187890712,0.00322180430925187,0.00501848303458631,-0.00447702259553904,0.00130766991667094,-0.000918196820130274,0.00124728229615165,0.000878946633893738,0.0010884498008618,0.00150575123776063,-0.00288266377783283,0.00225382780961801,-0.000708562205596187,-0.00256250652030631,0.00141394981247513,0.000917381742875258,0.00270016180296502,0.000375900190540136,0.000572187007036974,-0.0044844392621612,0.0015805175033226,-0.000763554592441012,-0.000977227579817029,7.47221031916305e-05,0.00125150240618739,0.000696888998622125,-0.00150035719819529,-0.00213676450938275,0.00120732542223759,0.00207107072203899,0.00328739477568917,0.000911245455245324,-0.00297217821480629,-0.000471651633665896,-0.0034654419969233,0.00107667462097497,0.000368564125338842,0.000167546291555274,-0.00100828770414993,-0.000295786266973153,0.00302814355818137,0.00118693624134383,-0.00236879578190902,0.00134171287138079,-0.00148930596888996
0.0356459800269124,0.042125753805728,-0.0460026416253298,-0.0406108770651804,-0.0440999361243767,-0.0368678720360692,0.0233792515510936,0.0207780053433987,-0.0496713001631425,0.0048369831351842,0.0256295671632366,0.00784253565223269,0.0372194369673413,0.0217340554714755,0.0172086495362442,-0.0573988595353815,-0.0610275838603101,-0.0495141772760593,-0.0546863741213125,-0.00894432842136647,-0.0511486831492291,-0.0527014937987003,-0.0518159666210172,-0.055529074437499,-0.0534343476761957,-0.0484719716833708,-0.056268329457477,-0.0328703959117337,-0.0508992129715297,-0.0489939514934929,-0.0472397824887047,-0.0459028719114022,-0.0470805251072554,-0.00062175223125078,-0.00217627748762919,-0.00117762331550424,-0.00113302470519435,-0.0016782998909631,-0.00057100350587833,0.00410419226181718,0.000991800667712788,-0.00263285970852071,0.000439163824494151,0.00125768710374167,-0.00348450175562532,0.00476845005581383,0.00170067631673542,0.00345719188214522,-0.00423968940964393,0.00473992480284505,0.00173965008780419,-0.00197343478932423,-0.00247714020204564,-0.00194440932034992,0.00184764328774851,0.00251253051741461,-0.000811176959762268,0.0029460447337955,-0.000834370963374514,0.000237205511722659,0.00127995576953291,-0.00286811991072654,-0.00176694700722954,-0.00107497033181925,0.00204497519938008,0.00197301151386848,0.00142272429059527,0.00232693732719343,-0.000436425598290751,0.00137317584341729,-0.00281229796449141,-0.000521165326689871,-0.000813331709846277,-0.00118907363006799,0.0016744075467771,0.00340611700836891,0.00261692847107433,-0.000940773643041993,1.83795945781889e-05,7.96201828239218e-05,0.00144243378346278,-0.00166501668110827,-0.00230137494032729,-0.00335142225137043,0.000297690390597737,-0.00471931939430724,-0.00052222463944058,-0.00583463261200691,-0.00107204915727624,0.00160629517201278,0.00483158579383208,4.60271636624445e-05,9.02362781371733e-05,-0.000541401346815971,0.000704408258173191,-0.000473766369588508,0.00159035404508099,0.00058009217363002,-0.00304591549307887,-0.000502284276773894
0.0311957559024683,0.0425545945327233,-0.0401243659765529,-0.0344596718175767,-0.0383939441997064,-0.0348994617479063,0.0207706401397123,0.0183301794358702,-0.0448694546228122,0.00643906037995589,0.021449698887799,0.0119907550119966,0.0217340554714755,0.0321942649210685,0.0198367892431772,-0.0492139939475953,-0.0530059749549321,-0.0413550450060541,-0.0514943984352715,-0.00461423092920805,-0.0485824150968629,-0.0428020074830024,-0.0468198005425758,-0.0559166330001781,-0.0486464198455656,-0.0445700399263069,-0.0555554802562431,-0.033172268259484,-0.0479778843184895,-0.0490664894330395,-0.0393113300821043,-0.0447482549867283,-0.0413109652804187,0.00172054707844417,-0.0021113338873773,0.0064731291730027,0.0006736439161035,0.00360810993636798,0.00254657141319692,-0.00126105666569418,-0.00206846624023385,-0.00497825433531492,-0.000789734743436951,0.000644655202025999,0.00317585315913277,-0.00512409997627616,-0.00321097456747254,-0.00207497982818985,-0.000261636382899797,-0.000331037146706493,-0.00200407024161673,-0.000399803864854242,-0.00590302425354821,0.00236248952783195,0.0021823865857063,-0.00144979943434738,0.000566298168051532,-0.00013335071019583,-0.00198162250770904,0.00205618892690584,0.000288941014693678,-0.0027209025757808,0.0037518606101829,-0.00355037029793871,0.0014695802710556,-0.00590360905692382,0.0042683228178104,-0.000726894648349879,-8.80798732031133e-05,-8.15709966432378e-05,0.00458969212478189,-0.00121109170058097,0.0036173349640315,0.00173299226661384,-0.000349852471380964,-0.00304783401132137,0.00107203464901338,-0.00209148520224362,0.00299533479651801,-5.14423080211164e-05,-0.00143912755906236,0.00101559432949289,0.00432461758825742,-0.00160853853584983,0.00276602576175492,-0.00428912081950388,0.000774522020591092,-0.000743034404299741,-0.00202421415168164,-0.00212604149772069,-0.00108186899523181,0.00259283132891315,-0.000469077398899806,0.00203039236360646,0.00070267086535506,-0.00221822450420839,0.00138406586694505,-0.000434933051296755,0.000497292140701878,-0.00448136137214805
0.0258418219198679,0.0366574026771775,-0.0337282913433672,-0.0314000621251328,-0.0339284638329391,-0.0312832629266345,0.0226819158698939,0.020978296249321,-0.0425764688565062,0.00729830211193844,0.027923901958615,0.0066815885554987,0.0172086495362442,0.0198367892431772,0.025378505615597,-0.0466834660237506,-0.049207916038024,-0.0420379101344896,-0.0496837973557066,-0.00686809169946337,-0.044399233316428,-0.0413827312193348,-0.0432572498184385,-0.0474293822701011,-0.045333146853914,-0.0439886749260343,-0.0482745916508819,-0.0320158592123784,-0.0407490907738261,-0.0414823417525707,-0.0425538411183617,-0.0400043881492279,-0.0350794513032582,-0.0014648964533675,0.000553669608588376,0.0027544854581786,-0.00149260931137377,-0.0019118640791827,-0.000662875720520997,-0.00247608023693482,0.000972607582537754,0.00180340190733172,0.00133197600844479,-0.000160538214647485,0.00299779953510015,-0.00235148330295642,-0.00208417472514663,-0.0057808312048676,0.00242145364449439,0.00198726167953217,0.00064432292570089,0.00184559794697798,0.000255332605281339,0.00224571968960483,0.00161527848930579,-0.00245582957282959,0.00115017688479447,2.91423200796833e-05,0.00159297985230893,0.000868442278910295,4.75903699484849e-05,0.00380524418801351,0.00119460970548584,-0.000603344647066682,0.00138114461181121,-0.00224344767319403,-0.004840139529451,-0.0019655227713238,-0.00377670715819033,-0.00406018104443851,-0.000340391741695373,0.000343010381882826,0.00066441532446733,-0.00236148052508608,6.22027948187385e-05,-0.00192132636379193,-0.00129669010840571,0.00123031728302553,-0.00154228188037196,-0.00447687949778593,-0.000774484406560813,0.000789583086171919,0.000904311892166423,0.000124434756912958,0.000318650905193004,-0.0013301469959349,-0.000956332211773431,0.00214557635163601,-0.00127477769512864,-0.00170922623165267,-0.000621444676288275,-0.00105787684891369,0.000216560325446244,-0.00206419692051949,-0.0018825343132619,-0.000135742328554512,-0.000182702002831553,-7.9872313258582e-05,-0.00330251276959305,0.0010970569454102
-0.0873783972757585,-0.120078518533801,0.118290710125213,0.105036963867799,0.11813975172302,0.103867220898023,-0.0665547971896104,-0.06658225854409,0.14036701253151,-0.00911484279734653,-0.0618849273642844,-0.0191113625011855,-0.0573988595353815,-0.0492139939475953,-0.0466834660237506,0.144382427021081,0.14490329524014,0.123668556897399,0.1474572379165,0.0165391461772237,0.128517021140776,0.124601145431601,0.129363332741767,0.14007528084709,0.141984292421135,0.124743704818389,0.140652106096792,0.0917194831155135,0.121949057395175,0.123405336496104,0.126627651509018,0.119150139265267,0.111333376183476,-0.000170723643783933,0.00245202229396947,-0.000131000913368535,0.00188865292244093,-0.000413626144569978,-0.00106178136768032,0.00228127151452064,0.00133635324250995,-0.000223516598577174,0.000661368354741028,-0.000594755553970157,0.00189514323060469,-0.000102894253174019,-0.00397053622907751,0.000349135891482122,0.000887201891350972,-0.00157252387406292,0.00164079616012977,-1.65961335874817e-05,0.00133915876916145,-0.00324248885685059,-0.00112070254593105,0.00219937952120886,0.00130781839064833,-0.00502062343448057,0.00140382045682361,0.000333620439344528,0.00226583946324366,-0.000825275773780227,0.00190889756791131,0.00141276459302168,-0.00263477203752618,0.00291099410660329,0.00188400066523034,0.00078471176217867,-0.000835822607696975,0.000375740781730494,0.00339750699707207,0.00243065615662144,-0.00112590844000573,-0.00157132945823034,-0.000641319412356431,-0.00187628732893264,0.00231849212450587,0.00123926091831445,0.00217568676362586,-0.000507691021358955,0.00198877871645837,-4.9845280330162e-05,0.00115133106481894,-0.000506031446248299,-0.00100409816265049,0.00622362206563245,0.00233111526602937,0.00273479369322976,0.000618057714859058,-0.000424033631080333,-0.00261459187094897,-5.769977269648e-05,0.000597859584093752,-0.00312124539009334,0.000375636883950799,0.000427605888617664,-0.00185365784150208,0.00313967034655076,0.00547197597615777,-0.00540441701102649
-0.0902692343982614,-0.122706648973135,0.120514168076579,0.108165957273078,0.119893389692814,0.105499783206785,-0.0694274378191935,-0.0656719708224086,0.14390050781618,-0.0108630143696962,-0.0642591753493956,-0.0186165663969072,-0.0610275838603101,-0.0530059749549321,-0.049207916038024,0.14490329524014,0.151911882416751,0.127381156015404,0.152399718634403,0.0163401330446997,0.135686962255874,0.127041922938632,0.13679441535145,0.144100541530178,0.1435120728563,0.127964016831206,0.146596015093838,0.0956238251542897,0.128945833280243,0.126034766326198,0.128250254510697,0.122831786424418,0.116439969907272,-0.0013908477266755,0.00190520794318857,-0.00129942337448437,0.000497492380751801,0.000551667769575676,0.00191071079868302,5.36042837458095e-05,-0.000236173889302179,-0.000307707359838999,-0.00330029744022768,-0.000167908412573615,7.73589393441361e-06,0.000556607452031813,-0.00108836325539065,0.0025069626534679,0.003776407132247,-0.0030706105630921,0.0010067345790914,-0.000293766960056771,0.00120903234048797,0.000592325384516576,-0.00211282928811443,0.00464331677224669,0.00173510265632636,-0.000244589324702986,-0.000983249578632343,-0.00190902508128776,0.00238127645466356,0.000780867655184513,-0.00111644710816526,0.000598776226416198,0.000430889729991304,-0.000953024734068323,-8.68689379861526e-05,-0.00175967032564175,-0.000969308700489329,-0.000177312012438208,0.00121792668527842,5.12455682989716e-05,-0.00203358209484369,-0.00100024032219594,-0.00149060885945572,-0.00179953212224348,-0.00321295110120341,0.0010934623561509,0.0018018306090586,0.00284815449408653,-0.000353356546838517,-0.000300378418208235,-0.000766604959976742,0.00130490804248125,-0.00146779547923748,0.00534134129805444,0.00186917850199215,0.00354856852281297,0.00208555339584541,-0.000574884500141976,-0.0023956477951021,0.00054987276880927,0.0012146273747079,-0.000354783770055964,0.0015796128947808,0.00243716921644566,5.93151679888595e-05,0.00230943472364119,0.00410913931255397,-0.00165509684340404
-0.0773292944039469,-0.10508948916216,0.104493871020133,0.0937635030664017,0.103141008487844,0.090756886927057,-0.0593572204439253,-0.0559443166302982,0.12481790852492,-0.0092191930088221,-0.055229549383828,-0.0142835130574791,-0.0495141772760593,-0.0413550450060541,-0.0420379101344896,0.123668556897399,0.127381156015404,0.110033777535909,0.131470510452781,0.0122477889038989,0.115238487824621,0.107547425883817,0.116429103592535,0.123025078920153,0.123520498732664,0.110840843406969,0.123535717610678,0.0820481159040599,0.107841718621993,0.107283203109595,0.111093923638693,0.103805427234525,0.0985924891371552,0.00016549288350728,8.52874843857003e-05,0.00144641131490966,-0.00023528926783818,-0.000189818054443676,-0.00129156234869924,-0.0016403509725835,0.0013970705675662,-0.000249318011586318,-0.00107204745455663,0.00132269436315833,0.000589249484088845,-4.69588280452321e-05,-0.00157374973173083,0.00303351118503915,0.00248684714231532,-0.00342858607962024,0.000197260547838815,0.000355854911291017,-0.00223452400393333,-0.000741289115559533,-0.000921103393014919,0.00133982371123889,0.0012409619630938,-0.00100635584728297,-0.000590257712581314,0.00102754023945669,0.00319290466911826,0.000133545709523546,0.00152471455301696,0.00120366410724677,0.00136334888139786,-5.131417508201e-05,0.00295486103979448,0.000538689247106056,-0.000807808288382289,0.00137050484191654,0.00202244917905967,0.00117784434119085,0.000134004817835275,0.00128784584474739,-0.00278929133975891,-1.66275225242584e-05,-4.26930700186897e-05,-0.00139693017255468,0.00190755852955471,0.00203860942793884,-0.000407651904085697,-0.00102310342245554,0.000600857120166034,0.000170803079850936,0.000336147869577826,0.00390846771821308,0.00174261709190743,0.00260018439455567,0.000861491717130398,-0.0012665889218419,-0.00087845635048057,0.000530423464481766,-0.00062338295678905,-0.00129091104200513,0.0013382949161154,0.00128169744626091,-0.000793450952385541,0.000751792618589163,0.00319347544941284,-0.00282934710781141
-0.0931229747689865,-0.127876804886618,0.12808649179195,0.115678371987341,0.124060168890609,0.110916624064505,-0.0703317132211724,-0.0696654805248916,0.15119915002686,-0.012267124491654,-0.0666859594199149,-0.0204716764117672,-0.0546863741213125,-0.0514943984352715,-0.0496837973557066,0.1474572379165,0.152399718634403,0.131470510452781,0.164764634459579,0.0108383371919245,0.140500960076562,0.128072174368127,0.141671526866519,0.151649682048577,0.150880008025453,0.133337661582875,0.15144795626857,0.0989715996343269,0.13074609260892,0.13163117327332,0.132128851912522,0.126537787815388,0.121576656558585,0.000654641545546858,-0.00312406769022225,0.000219930589550119,-0.00429109237104022,-0.00207021096214475,0.00169600936014515,-0.000921572696677139,0.000479847143428718,-0.00399118513532057,-0.000885443616306894,0.000650631795609899,-0.000450126336186754,0.00119877494879332,0.000114124795580532,0.00502384990388491,0.00280829391857125,-0.00154916064657299,-0.00290596424229376,-0.00239506356579674,-0.00498793067311974,-0.00095873724589954,-0.00103851689988823,0.00377072452214949,-0.00286821128769774,-0.000878578104875014,-0.000184118272648728,-0.000549110324375541,0.0041238601888138,-0.00120767821820472,0.00292934001932045,-0.00245650575275392,-0.00217141506836469,-0.000825646335417836,0.000243364472579999,0.000342708716050684,-0.00051466785592095,0.00120103123360787,-0.00110209142069163,0.00245048633309814,0.00140929628879543,-0.00521562622020903,-0.000659106885117668,1.34410283305021e-05,-1.81713524988692e-05,-0.00252248004317073,0.00246195809454191,0.00189836641917143,4.78217757515922e-05,-0.00119036675640257,-0.000671800695111656,0.00062377147530887,0.000206251186378473,-0.00142710019549258,0.00103726660310668,0.00324021442675137,0.000884731537621088,-0.000941468736952597,0.00111054328053975,0.000826846221559315,-0.000161984376006933,-0.00125662722393019,0.00233370303000762,0.00360114526106597,0.00234432524813245,0.000449353021698569,0.00146652400866715,0.00073585673119088
