0.0603980225393576,0.0776148598592999,-0.0771485127019455,-0.0687944921855451,-0.077340075456584,-0.0687909905790109,0.0422652348748117,0.0404028772000366,-0.0941675499049086,0.00513284815160243,0.035221424635297,0.0106875677090819,0.0330177668499759,0.0291172506275424,0.0269651525414991,-0.0874931788508664,-0.0905418206477505,-0.0772039090107011,-0.0929356110677552,-0.0099152683702102,-0.0827267126022328,-0.0791162300870675,-0.0838119727663121,-0.0880151837051543,-0.0883258121227663,-0.0797219978935862,-0.0899618988422819,-0.0601357858866822,-0.0779299359665749,-0.0765850468374876,-0.0799556246526812,-0.077193569864558,-0.0694944003443439,0.000925079229515413,-0.00203834062556382,0.000782113969607354,-0.000855965537511422,-0.000123277323740779,-0.000408504760425095,0.00143700938868704,-0.000973770793515225,-0.00190513057616912,-0.00226021071912893,0.00117810560777984,0.00455544731609311,-0.00134449095514603,0.000742893161028244,-0.00283586178446844,-0.000672451269509055,0.0037655084032132,-0.00261449368106574,-0.000622537990746741,-0.00206368089521523,-0.00142263175841816,-0.000308262478568735,0.00267530708979064,-0.00302492746071817,-0.00105591132722363,0.000463372727726194,0.00152534777645669,-0.0026030748241168,-0.00123593067751949,-0.000317292069588266,0.00221626247958103,-9.4289696235153e-05,0.00146976085423297,-0.00123136359786345,-0.0012870049126343,0.00168693563023059,-0.00118176261542401,-0.00125136251813303,-0.00158739172089873,-3.84188014991963e-05,2.1801048949026e-06,0.00307652697149165,0.00151702130860077,-0.000258190756725648,-0.000725012167444596,0.000839061797035239,-0.00141423828971961,0.00356284693467856,-0.000347399107104915,-0.00116667867035279,0.000761182108013585,0.00175300581403132,-0.00434441454243222,-0.0026350580025049,-0.00197665480701208,-0.00308160915937796,-0.0002336011570947,0.000784206823492521,-0.00148536953998901,-0.00133510875754712,0.00106861514785639,-0.00191024114785269,-0.00341855323989198,0.00221449231499867,-0.000298163058531827,-0.00398278060212215,0.000808771285386616
0.0776148598592999,0.113372725837646,-0.106390601197035,-0.0960344349115173,-0.106929808676275,-0.0952964607173575,0.0561611248590968,0.0522030767113896,-0.125994497620455,0.00819104467817827,0.0522344691320223,0.0136633972661982,0.0429224146923561,0.0443996108452437,0.03548688879127,-0.12006991437793,-0.122549874719696,-0.105785443048357,-0.127962807024473,-0.0113520275367776,-0.109417097968318,-0.106433192925823,-0.114550211182517,-0.121937978685879,-0.122804878158062,-0.110290097513306,-0.120961382284176,-0.0837822220168545,-0.10482139445905,-0.106594551214747,-0.10821545549053,-0.105445832506781,-0.0948235004848231,-0.0009570251228728,0.00188724556819485,0.00356580787530223,0.000685376993202018,0.00319094496232748,0.00183351746787884,-0.00466536226856222,0.000541446066749536,0.00608149072689478,0.00330847338135818,-0.00320521688589548,-0.000863856478630593,-0.000382870808311757,0.0056056366807044,-0.0012181301145534,-0.00259592354345608,8.50582583428196e-05,-0.000950506680246672,0.000449585552026042,0.000319873413960555,0.00188663575594599,0.00015583503855115,-0.00316904809570774,-0.000820973792930751,0.00230229421763109,-0.00186915660186014,-0.00082313038862435,-0.00272395560013918,-0.00239236702677923,0.000979004610299894,-0.00111658716534059,-0.00130861629372599,-0.000849356786910902,-6.56052386569191e-06,-0.00176512961908409,0.00195812679624478,-0.00168698148117787,-0.000688709950537821,-0.0023994791187994,0.00122359197426809,0.00388655704229158,0.00138429588280242,5.32964156784768e-05,-0.00428484796665005,0.000238880593122417,0.000500029809030032,0.00250153086635128,0.00178324765997361,-0.000423454893560587,0.00512000118873451,-0.00202195582536192,0.00274183543717399,-0.00631667376202737,-0.00225921132895877,-0.00421198950159615,-0.00258933004485292,0.000835377906514404,0.00302344190867005,-0.00173927347392776,-0.000675114270709003,0.00527887270964593,-0.00413521051574286,-0.0033552031954359,-0.00101315743930602,-0.00304636890416245,-0.00692827073586645,0.00446186749327576
-0.0771485127019455,-0.106390601197035,0.108626316663744,0.0956613729617304,0.103759257581312,0.0917344766506893,-0.0524809059770704,-0.0535958620695133,0.125509806549488,-0.00490112836049876,-0.0491396224183186,-0.0145802041155571,-0.0439790660287784,-0.040329923339454,-0.0355289975651532,0.118219233455669,0.120891711918743,0.105291188762472,0.124842781623903,0.00909803205285458,0.109217080585946,0.106733142415447,0.114238796117827,0.118325217559221,0.118914709950052,0.105678739322046,0.120295103640419,0.0812637471251478,0.104321067869371,0.103003105171615,0.105945452376422,0.102015789784293,0.0916622019039646,-0.000390523064898961,-5.3969024075127e-06,-0.00463968984884938,0.000533700738423049,-0.00137795688580002,-0.00202750839166748,-0.000171164040481236,0.000302432879598625,-0.000140392244497074,0.000790423712304494,-0.00107274871129731,0.000130007651828483,-0.000743404552155053,0.000107098240753388,0.00359432609538939,0.000288619486874904,0.000996147338248631,-0.000784281600706562,-0.000548168603734524,-0.00482741865562644,0.00132787369063871,-0.00287088037163208,0.00179989355487298,-0.000437977442709456,-0.00417346449041923,0.00232235927174189,-0.000932399675576295,0.0030331167151975,0.00118654068486392,0.0010467962619485,-0.000117198159237894,0.00126608671349971,-0.000726148063698984,0.00339536502380783,0.00324959059078454,-0.00153680427050221,-0.000284619345438531,0.00195066815853374,0.00578378827680648,-0.00245547117349071,0.000627845710770438,0.00128863767050974,-0.00352738058598853,0.00345553967689369,0.000428037184807758,0.00257891974295934,-0.00174232932563823,0.000696783002906902,0.00101985609440178,0.0028384392218277,-0.000952028449161564,0.000287200561312519,0.00307637445802959,0.00158429503810198,0.00551836303610401,-0.00232153008207064,-0.00562937207738365,-0.00476521422749784,-0.0023322628472345,-0.00127506067189179,-0.00514539545417065,0.00124103701899469,0.000636161356644755,-0.00188469180561722,0.0032926033791756,0.00238223552487192,-0.00433231245736442
-0.0687944921855451,-0.0960344349115173,0.0956613729617304,0.0863625922545812,0.0930372916869139,0.0814561506867014,-0.0459864748250533,-0.0471386035296051,0.110282910788022,-0.00522976343410169,-0.0423166769981706,-0.0142306686715126,-0.0408343804050616,-0.0368530910292786,-0.0310201623028298,0.105601944484289,0.108659697418337,0.0933563101910574,0.110890297976598,0.00927143652766362,0.0962339967804635,0.0946297370008517,0.101938856742064,0.10527117915131,0.107160507677033,0.0948955840318312,0.106885569800081,0.0715089759818748,0.0937269813005787,0.0931915505679991,0.0944499173018668,0.092723758281388,0.0826905580976863,-0.000520941502101448,0.000348430808429788,-0.00340311236580085,-0.000277209142178209,-0.000668129653211259,-0.000512746536400778,7.13224913969319e-05,-0.00114671676902167,-0.00162794186070791,-0.00135426983042336,-0.00124489917565208,-0.0015182282912929,-0.000646500013647779,-0.00404394580182427,0.0019532623330847,0.00266476055177116,-4.68678333339858e-05,0.000927984840651239,0.000796610021232735,-0.0035767257420134,0.00247660996024312,-0.00129644968031499,0.0022770752634464,0.000801676272088529,-0.00364147905318498,0.00233603854722394,-0.000702010438729394,0.00374948378460623,0.00241468355030528,0.00174922204973797,0.000464979960936737,0.00121256154957058,-7.69433895688076e-05,0.00187701192650529,0.00299196755228767,-0.000497088293531406,-0.000255001973803078,0.00136371310230055,0.00322174111444118,-0.00247518708228349,-0.00235235253099998,0.000761889656083891,-0.00099774262739732,0.0019247605900976,0.00103583227030609,0.00211128968709917,-0.00171398692383144,-0.00112752319181841,0.00244944773071184,0.00160408289542043,0.00135758531988575,-0.00096582002054371,0.00431347360059546,0.00164664784058217,0.00625383332275196,0.000217847278083462,-0.00349648690501067,-0.00530354693659392,-2.98650396823503e-05,0.00018206951077032,-0.00347617128954632,0.00182995039014058,0.00133174470034529,-0.00138611384642403,0.00409930603960544,0.0040958842094754,-0.00408411740677044
-0.077340075456584,-0.106929808676275,0.103759257581312,0.0930372916869139,0.104960262902755,0.0930547371062067,-0.0544864137877754,-0.0504213916605743,0.12324480253117,-0.00732167528605521,-0.0488444032769632,-0.0129965296844586,-0.0433066858616963,-0.0409217736004364,-0.0340376391189856,0.116791221362544,0.119278913237838,0.102760156681598,0.122567029438828,0.0126824953465493,0.106532256210853,0.105065256157144,0.110475686877868,0.117706456333555,0.117800397344717,0.105375909443401,0.11720560990186,0.0800080366230653,0.102612418094294,0.102710670947467,0.104427060627969,0.102004318035623,0.0915753704028451,-0.000128517182266801,0.00206476597691046,-0.00288678578291245,0.00210707634155787,-0.00162212784834981,0.000296664521701057,0.00222021534309406,0.000458766747852527,-0.00112886980904403,0.00119431704527555,-0.000114647337735781,-0.00261150620905381,0.000335596060729455,-0.0036272605161698,0.00116660356003233,0.00177029729183617,-0.00408664582989906,0.000979155255456105,-0.000147986579648253,-0.00169355332990928,-0.000767175936994091,0.000414043786273844,-6.69468559049495e-05,0.00344834391988412,-0.0020892577271277,0.00276339464048201,0.000734673293885601,0.00494987150257524,0.00245450780265751,0.00148057783989256,0.000864819484739813,0.00150407363120096,-0.000335491971294675,0.000417056968055108,-6.91888400003023e-05,-0.00237052696666108,-5.05858840664659e-05,0.00132353536060825,0.0032058227392546,-0.000110544122306134,-0.00378453998885349,-0.00261643048280413,-0.00173516505508474,0.00359821805962611,0.000515640444596929,0.000801088181279116,-0.000658628948828845,-0.000207182248161081,-0.000815823713957142,-0.000855546009280598,0.000307194868783654,-0.000290413866180294,0.00713315116870135,0.00158789249293817,0.00471130157700822,0.000397095531125184,-0.0023344992302223,-0.00236184194979425,-0.00112115946820276,0.00135630976805919,-0.00470736830361364,0.000881394084580883,0.00392023341939807,-0.00214575144025504,2.86868079255209e-05,0.00570941270967866,-0.00498121233889578
-0.0687909905790109,-0.0952964607173575,0.0917344766506893,0.0814561506867014,0.0930547371062067,0.0841067513973919,-0.0509099908364203,-0.0459517372005096,0.110958305500817,-0.00627006685363373,-0.0454862744162623,-0.00968926588168582,-0.0378655597572648,-0.0357107608330647,-0.0309085802793637,0.104062009424618,0.106586349838796,0.0918404895147945,0.109466932216672,0.0122701227136023,0.096063628132751,0.0934271832539974,0.0982812235283134,0.104735678280105,0.103965148619417,0.0938646924006377,0.104280213989389,0.072305375218676,0.0902966801883706,0.0901259286750648,0.0938177175978037,0.0899300817967074,0.0813233582329075,0.000169522609122737,0.000954813348807633,-0.00156433484607603,0.00196249963108181,-0.00135919286661535,0.00143085233761437,0.00336050593419597,-3.95444513074257e-05,-0.00281890948083499,-0.000206871837748928,0.00144944890135491,-0.000199855545486427,-0.00012241893545732,-6.83701678668064e-05,0.000353633309318248,0.000599889334418698,-0.00331740260376069,-0.000634857026041331,-0.00167863778230398,-0.000344737736271545,-0.00177188960735103,0.000103409965355854,0.00124917828005534,0.00304004597921655,-0.00064192197427506,0.00106978137888713,3.20199637923624e-05,0.00289093731204677,0.000775099011885568,-0.00067725863530603,-0.000996551124536332,0.00084721405667457,-0.00206689692336834,0.000764529560427031,-0.00104169982179864,-0.00204407146665675,0.000936735720997298,0.00266517460794284,0.00236246147058303,0.000367989755164806,-0.00213907593018124,-0.00321188900667266,-0.00443783695480197,0.00243337569449975,0.000719973647471496,0.000795043876998587,0.000804797373489238,0.000522716210173245,-0.00155350987347878,-0.00274394161595938,-0.000511412901401266,-0.000201390082735795,0.00622803248650254,0.00207166528089898,0.00238694111776031,0.00155150616759177,-0.000776718417536003,-0.00127571108870205,0.000233277585878717,0.00188086526714632,-0.00364411634858747,0.00180644774378306,0.00409590055407246,-0.000783108963323841,-0.000321461391635983,0.00553339135457788,-0.00387974696428654
0.0422652348748117,0.0561611248590968,-0.0524809059770704,-0.0459864748250533,-0.0544864137877754,-0.0509099908364203,0.0379722618152235,0.0319918077839762,-0.0691581167394313,0.00750305836597744,0.031653990109034,0.00773841799695123,0.0245336114342444,0.0236695385661816,0.0233282275300347,-0.0662097813844579,-0.0682264391627161,-0.0581073273420476,-0.0711497798595734,-0.0071509990537178,-0.0659711135531103,-0.0566875874324732,-0.0628969328734914,-0.0684260524358481,-0.0671192151757663,-0.0599473373233685,-0.069394369997005,-0.0467526954023018,-0.0569741738441569,-0.0568178611017415,-0.0609155916888206,-0.0569530770571611,-0.0538827650163885,0.00101465251693287,-9.50126593676306e-06,-0.00152303324367244,0.0001554109702401,0.00138685749217163,-0.00181083276877949,-0.000146232782700124,-0.0017869166130333,0.00136823676110888,0.00117522502314428,-0.00238918198258829,-0.00029546501719074,-0.00245911326400205,-0.00191665154175343,0.00315160701520284,-0.000351481351437504,0.00285518548862392,-0.00184518715832271,0.000152593535011391,-0.00500936000148656,0.00316491871310541,-0.00110952038163617,-0.00034696195650826,-0.00318542276797061,-0.00337019777964118,-0.000108303549015254,-0.00141777988105468,-0.00233300022031111,5.63517215884974e-05,0.00132068459206882,0.00158914848676463,-0.00044340152447866,0.00107374414532131,-0.000195403703425521,0.00151372543146133,0.00117713765457254,-0.00245602188322932,-0.00332580480142027,0.000309270439408603,-0.00285912863603135,-0.00298188128317772,0.00261220556313059,0.00292020595051879,0.00346482358506854,0.000228806808442903,0.00121275657291356,-0.00283519114790832,0.000345221117298644,0.00396497932307019,0.00442047840942021,0.00139856604285571,0.000845843306210239,-0.000908233710633313,-0.00116439407063588,-0.00019315245376311,-0.00350149106024095,-0.00214848186951286,-0.00257183478689206,-0.00158827017364854,-0.00118517528262764,-0.0012456679417215,-0.00129604283247518,-0.00252025994988733,-0.00100974339179606,0.00274374450708414,-0.00169684016117011,-0.00188128908542468
0.0404028772000366,0.0522030767113896,-0.0535958620695133,-0.0471386035296051,-0.0504213916605743,-0.0459517372005096,0.0319918077839762,0.0343912403864945,-0.0658494462781791,0.0039000065229563,0.0264712905842643,0.00950294813218613,0.0260366544200853,0.0213893255704851,0.0236075371929685,-0.0641739231429374,-0.0676000116640859,-0.0571945014218869,-0.0683629673337032,-0.00717203483462787,-0.0636936441717364,-0.0542566158502077,-0.0612683959177259,-0.0636626909118042,-0.064332031104437,-0.0563131172732617,-0.0675635680671231,-0.0437855041959776,-0.0563782860156901,-0.0553424869948619,-0.0600221857544214,-0.0555514110210082,-0.0506904057271467,0.00012939068404568,-0.000282112435292402,-0.000798944739978355,0.00197600627422368,-0.00092180710019744,-0.000232706191915744,0.00293056778982582,0.000259915707999328,-0.000819260069489396,0.00271657325769696,-0.00134858940099755,0.000636218561610383,-0.000798412882480596,-0.00181652955835388,-0.000494132668811908,-0.00146428999934623,-0.00126530674168525,-0.00178217429159031,-0.00169570158125221,-0.00138918960063633,-0.00209627581797006,0.000259113124419511,-0.00380836301299489,-0.00031979725756537,-0.00416222746779357,0.00407609737495957,0.000944238264647786,-0.000679556959793077,0.00127720280639554,0.00307584489610865,0.00112233447988477,-0.00319053785090273,0.00117467816474631,-0.0013998686981724,-0.00172578071656225,0.000212242605446329,-0.00149309275517668,-0.00172464844859302,9.6643122591119e-05,0.00130589708710453,-0.00575670518838322,-0.00105858937395546,0.000227295404874857,0.00314172502613823,0.00040706584744534,-0.000273354868685615,-0.00168239006248168,0.000704804049038964,0.000778876302307874,-0.00140343798059923,0.00275432313765566,0.00103865265967802,0.000331876411148858,-0.000848597700859262,-0.00210825076463892,-0.00013921075946972,0.00117417447570385,0.00218064217590037,0.000138771253142981,0.00150481873318021,-0.00142712701559271,-0.000464504162814818,0.00161809970914651,-2.42010957217351e-05,-0.00108396260546293,0.00130986439995485,-0.000710120137782601
-0.0941675499049086,-0.125994497620455,0.125509806549488,0.110282910788022,0.12324480253117,0.110958305500817,-0.0691581167394313,-0.0658494462781791,0.152778224188748,-0.00777344453918517,-0.0593221684915227,-0.0161540115728111,-0.0499418319579668,-0.0468052048184246,-0.0436499026595202,0.140180485563632,0.144051910066809,0.124945774920514,0.149424211472771,0.0122894144497825,0.133571511504572,0.125786405231587,0.136364361976796,0.141970775855596,0.142263689371579,0.127830346490873,0.144706910457068,0.0993869128865145,0.123421295345674,0.121469124757613,0.128766372291467,0.12256223610827,0.109835017514123,-0.00202652791752413,7.17936172286494e-05,-0.00275072950916578,0.000683749556758721,-0.0016501286240913,-0.000527895532941297,-0.000994325751227769,0.00177097182463004,-0.000240688859192978,-0.00013248549885093,0.000525275571891301,-0.00277579891977312,0.00230269841332915,0.00138467952900333,0.00142360346974848,0.000417290142225301,-0.00250532309478163,0.00289551088841876,0.000544356662754908,0.000412849880355106,-0.00018287004000936,-0.000289462627242899,0.000271145696790736,0.00410949163902897,0.000310456481866377,0.00252237920284299,0.000111741115945638,0.00518111748153061,0.00205595317119636,-4.30913236423932e-05,-0.00226241873177498,0.00258081623703575,-0.00186468645653897,0.0043985138783926,0.00359737710806407,-0.00234877734552689,0.0028382195836758,0.00453895772358849,0.0039796641035398,-0.000526764143189837,0.00388649630436806,-0.00179540481909606,-0.00536797453821703,0.00101562243791029,0.000925653163464668,0.000399695625353065,0.001324593224496,-0.00196030521963539,-0.00129604666415711,-0.000910756879985993,-0.0020214007679342,-0.00128145866294177,0.00400223291928004,0.0033574885423045,0.0047676053216872,0.00291886723412817,-0.00214805093341025,-0.0020994221697424,0.000885050214178807,0.000594977508768926,-0.00320037786898874,0.00351505566968902,0.00364787159943364,-0.00125893249597111,0.00094321273930156,0.00474521138346874,-0.00198169418645664
0.00513284815160243,0.00819104467817827,-0.00490112836049876,-0.00522976343410169,-0.00732167528605521,-0.00627006685363373,0.00750305836597744,0.0039000065229563,-0.00777344453918517,0.00541592918102,0.0071362092111099,0.00416573284484699,0.00539711623055562,0.00753517720379945,0.00560548086803113,-0.0118378210490196,-0.0112267593947249,-0.00898703458960726,-0.0131558287708555,0.000192448855083897,-0.0120123531824546,-0.00821444629340664,-0.01037133008649,-0.0142419432017187,-0.0138247424805157,-0.010636596760431,-0.0132539488880816,-0.00701765703538147,-0.0103271494825667,-0.0118348459619202,-0.00935298340821408,-0.0103685787683474,-0.0115989169127005,-0.000109196101300724,0.000227255751647971,-0.00100092428389381,0.00118260752901598,0.00109570126684183,-8.18209864304206e-05,-0.000110225333122462,-0.000888684410082793,0.000884908461401947,-0.00116568994784289,0.000403403726398094,-0.000257423881111774,-0.000944284336157186,0.0032299742305912,0.00246298509691209,9.17690023182794e-05,0.00141337733959015,-0.00110106326308818,-1.43567712612642e-06,-0.0030691882943384,0.00331975349342635,-0.000312901826594371,0.00202216972759435,0.000218555773594287,0.000304201342357815,-0.00116433348394524,-0.00168520570136289,-0.000945556896168563,-0.000472766978614205,-0.000766605734186388,-0.00131349997359813,0.00130158755592279,-0.00217400478650862,0.00080908245900969,0.000217467514061823,-0.000312973767019129,-0.00103143459630521,-0.000525927287165274,0.00159875084066021,-0.00172337289003993,0.00181386496635978,0.000863638411457084,-0.00241619587490607,0.00235250517334542,-0.000500019324975265,0.000369508061769386,-0.000937072576784165,0.000609760824781402,0.0010490126302182,0.00240813367100986,-0.00246144654854299,1.75697941527574e-05,0.000554322074864018,-0.000217638359282372,-0.00120956884162875,-0.00154353895500113,-0.00237018609129306,-0.00313957052541465,-0.000582144927106564,-0.00111908179836802,-0.00166287582738197,0.00014660861590752,-0.00143439552343117,-0.00125220652678861,0.0013474513454349,-0.000209744381838024,-0.00255618303171573
0.035221424635297,0.0522344691320223,-0.0491396224183186,-0.0423166769981706,-0.0488444032769632,-0.0454862744162623,0.031653990109034,0.0264712905842643,-0.0593221684915227,0.0071362092111099,0.0340439192606804,0.00664874011703855,0.024468906764193,0.0250043606747799,0.0211474221297684,-0.0617560430189638,-0.0622575089333166,-0.0535176189015011,-0.0666616402221455,-0.00465610262489444,-0.0587479130303336,-0.0536054763177677,-0.0571493691525992,-0.0633688832368584,-0.060292807003133,-0.0537254929147963,-0.0628183440307834,-0.0407231820601193,-0.0517710543357423,-0.0527536690858936,-0.0527095407597382,-0.0489766160186683,-0.0506735311267535,-0.000383167146671867,0.00110130493910426,0.00206800250283531,-0.00102949218208615,0.00470899809533795,0.00183529227759187,-0.00256260970230881,-0.00352694712567239,0.00160794643997193,0.000361770728618008,-0.00427715314026036,-0.00759391730437873,-0.00124228208746707,-0.00386566041912174,0.000142271922522742,-0.000348204200405708,-0.00204676204545472,0.0031489452356121,0.00274549646654661,-0.00266452434464006,0.00454533753566653,0.001904420909353,-0.00219538412839247,0.00239552857372732,0.00189354167217936,-0.00130699759693984,-0.000845294871867988,0.00106012746025024,0.00108446147777261,-7.12527415421839e-05,0.000129396749199883,0.00393437416958543,-0.000591331796701425,0.000431843907017248,0.00293881885078965,0.000322377716868232,-0.000827775675651971,-0.00261770744079923,-0.00232027896563541,-0.00217605242188965,0.0018855354185151,0.00164718977996604,0.00469919954669921,0.00102450943193837,-4.6738111636904e-05,-0.00133474267075391,-0.00132629838214331,-0.00264259605307661,0.00140228107097235,0.00360763646345888,-0.000721959103345294,-0.000414767862918982,0.000730778252190425,-0.00142874938160276,0.00229686474202438,-0.00038104128977404,-0.0012558664367769,-0.00272094170837059,-0.000930449867232106,-0.000924029044411248,0.000686466565511397,-0.00178661960691418,-0.00185791246722978,-0.00278137547333151,-0.000494778274002996,-0.000734068653605269,-0.00178879709552553
0.0106875677090819,0.0136633972661982,-0.0145802041155571,-0.0142306686715126,-0.0129965296844586,-0.00968926588168582,0.00773841799695123,0.00950294813218613,-0.0161540115728111,0.00416573284484699,0.00664874011703855,0.00852419184558061,0.0100734375307397,0.0090821363545858,0.00829475758302962,-0.0196974924172911,-0.0202185197173171,-0.0165783916309669,-0.0213555987589109,0.00182944470529734,-0.0198635196929437,-0.0153555924803692,-0.0203543414712926,-0.0211863124567629,-0.0229187455900797,-0.0175174245453167,-0.0230229461163876,-0.0117091004922,-0.0191657415872217,-0.0192123845589709,-0.0168629934636467,-0.0186890405060774,-0.0176718677726574,0.000449877502200702,0.00110264991870784,-0.000956811676392122,0.00381000808671029,-0.00133509243608923,-0.000265821282907053,0.00309947893002679,0.00134094471791146,0.000324262593938727,-0.00112702827788761,0.00427255536659974,0.00140244648978908,0.000694574763603927,0.00428043729307512,0.00108346939737637,0.000498074984139206,-0.000568579483313746,-0.00161325645410454,-0.000818231804964995,-0.000462773554112787,-0.000724054439793535,0.00207409889496519,0.00227862169206765,0.0021492275973543,0.00215991723311782,-0.000505430708328101,0.000528460249811545,-0.000733251504531751,-0.000474449311483009,-0.00138359112330899,-0.000135801292415697,0.00143202204135384,-0.00157135677265561,-0.000568009478499646,-0.00295504226948455,-0.00101653272500643,9.16488590373984e-05,0.000349885716673545,0.000154448316029301,0.000153240939660688,-0.000975109685040139,-0.00267347346899168,-0.00377993181178597,0.00370088962050713,-4.04430518660205e-05,5.6776387308057e-05,0.00106785762589411,0.00222428351795358,-0.00105029325638903,-0.00191036027299513,-0.00210963018776142,0.000736021013506013,0.00247440531621658,0.000535412759178887,-0.00426353379458992,-0.000414036551468319,0.000638032928125672,0.000456202804526336,0.000117321182512007,0.00112996695578996,-0.00188314566197391,0.000657360273272887,0.00144538098169969,0.000292831291870259,-0.00123900201633152,0.00163112231782426,-0.00231131562046543
0.0330177668499759,0.0429224146923561,-0.0439790660287784,-0.0408343804050616,-0.0433066858616963,-0.0378655597572648,0.0245336114342444,0.0260366544200853,-0.0499418319579668,0.00539711623055562,0.024468906764193,0.0100734375307397,0.0305824927921229,0.0211576834794239,0.0194038724638637,-0.0573641179576877,-0.0606847742169557,-0.0488238107028894,-0.0583428176461615,-0.00847022774633247,-0.0530186317068068,-0.0491094739829381,-0.051801489017371,-0.0548831317767595,-0.054608184483642,-0.0465856202731524,-0.057583852814108,-0.0321098201881414,-0.0504477611584163,-0.0496627491511809,-0.047802220343135,-0.047211906916238,-0.0476297166052101,0.000118603068228077,-0.00350972102300592,-0.000878852469506109,-0.000237754066292292,-0.000828569688296677,-0.00325939783282669,0.00194700530607927,0.000542580312532669,-0.00175567438083015,0.000300319516123426,0.0014746176876889,-0.00146439752760043,0.00124589534037075,0.000161401954670384,0.000239655934061016,-0.0037456010546903,0.000647018583870766,0.001584979242888,-3.87887946520616e-05,-0.000268970104509238,-0.00345342509535158,0.00152228918747,-0.00226380759996275,0.00077480249362455,0.00104385068030968,0.0019886292576366,0.00213596313531411,-0.000448466830503351,0.000863337741287399,-0.00222007652265306,0.00060944659144285,0.00342027528828437,0.00116320805429345,0.00279044818416966,0.00439743014354564,-0.00118367226193359,0.00308958646483533,-0.00037592726260166,-0.000741633233368072,-0.00108450436668288,0.00357675466249439,0.000171339220921532,0.0010056585503189,0.00525703230292661,-0.000117044681039815,-0.0023030996589395,-0.00108419733827648,-0.00123881183150379,-0.00110380101264424,-0.00391415797704547,-0.000473938647759558,-0.000240137592763304,-0.0010065140045679,0.000614402435886003,-0.000979645603147711,0.000991764330590982,0.000827294379876859,0.00231328007268979,0.000305929542400376,-0.000640058163047034,-0.00237059432136465,0.00221905538681827,0.000808521641441252,0.00145664558016348,-0.00125675942872694,0.00064559816075927,-5.8282313647603e-05
0.0291172506275424,0.0443996108452437,-0.040329923339454,-0.0368530910292786,-0.0409217736004364,-0.0357107608330647,0.0236695385661816,0.0213893255704851,-0.0468052048184246,0.00753517720379945,0.0250043606747799,0.0090821363545858,0.0211576834794239,0.0233539334763015,0.0181358667737172,-0.0519550163685925,-0.0520602175366354,-0.0442224272244679,-0.055962706339987,-0.00374098163198801,-0.0477052531307006,-0.0433366510581131,-0.0471244371340567,-0.0540370312057762,-0.0534538860171394,-0.0457405556558801,-0.0530380946419296,-0.0330999755794116,-0.0451246200239393,-0.0477522503538856,-0.0443725311626984,-0.0438971724861247,-0.0430380253270459,-0.00129071852180493,3.38864263327029e-05,0.00207575661459331,0.000821832419400481,0.00346356604734177,0.00350581324507349,-0.000928569036741087,-0.00228207223407191,0.000305051109818275,-0.000238460851273897,-0.00234794537620456,-0.00217655880380374,-0.00149578322420716,0.00458349040705157,-0.000605619096760197,-0.00212823559331503,-0.00127110963728942,-0.000739955043161975,-0.000708701139587118,-0.00184072653224835,0.0030374976164015,6.92845882270664e-05,-0.000980683506927402,0.0021788430372992,0.00102256779662276,-0.000456625651110519,-0.00201972937411968,-0.000811439086525415,-0.000734880095700451,-0.000355074468033362,-0.00366803055362644,0.000296417247378577,-0.00409298223557837,0.0013745019361,-0.000270518774379313,0.000265886965363704,-0.000734262412622822,0.000631974366818493,2.08338123705431e-05,-1.46236518806281e-05,0.00368994435476327,0.000357979971208398,-0.00395246493950536,-0.000443076156882247,7.21642701736771e-05,-0.000376936170818607,0.000471478174769903,1.03368703689833e-05,-0.000195417076983022,0.0017270286205152,-0.00267219227546094,0.000497375159769936,-0.000757327802845108,-0.000765421418382736,-0.00175374502969283,0.000597314577507303,-0.000716618683260161,-0.00135493041087814,0.000518958458185012,-3.20994462385833e-05,0.000705381968850033,-0.00046939684349622,-0.000833711342125586,-0.00173374695696595,-0.00109864898866503,-0.00051733455663647,-0.00084373663213304
0.0269651525414991,0.03548688879127,-0.0355289975651532,-0.0310201623028298,-0.0340376391189856,-0.0309085802793637,0.0233282275300347,0.0236075371929685,-0.0436499026595202,0.00560548086803113,0.0211474221297684,0.00829475758302962,0.0194038724638637,0.0181358667737172,0.0192277157283573,-0.0467631688054038,-0.0480353286345802,-0.0404956953903149,-0.0500257118226404,-0.00471304455135297,-0.0463795770255971,-0.0379936534078797,-0.0424256929154848,-0.0477974590086523,-0.0472288357173385,-0.0397708142420576,-0.0492212952952044,-0.0304695925221783,-0.040588303937048,-0.0412720745473194,-0.0423063090566859,-0.0392859243225829,-0.0375180181878547,-0.00178632995021096,-0.000122140395824688,-0.00125321464361343,0.00213315065037906,-0.000561746148565193,0.000616183156912352,0.00114921656627014,0.000282141793084883,-0.00032422417553039,-0.0012260153104291,-0.000117143804813348,-0.00105141081293106,0.000661837200829724,-0.000357013673619533,-0.000931735540100807,0.00144182197590967,-0.000973062221732418,0.000652211952764686,0.000674933869398944,-0.00205813099140511,0.00192144428744063,0.00138255358811986,-0.00088325133780589,0.00263662657715515,-0.00237090638807124,0.00485051287790682,0.000815936818384893,0.00155674988105292,0.00275523433728632,0.00378182448888333,-0.000104434156188944,-0.00111575784590506,-0.000439492728292584,-0.00149317774409074,-0.00188105166334583,-0.000294832715628552,-0.00218339021020729,-0.00161017771319472,0.00160768004025648,0.0012194127575167,-0.00210788530803057,5.57437195021209e-05,-0.00158221408525316,0.00240096736524919,-0.00122305658106406,-0.00147377395905429,-0.00295066170928611,-0.000120485763483516,0.000311033822885757,-0.000838519599987532,-4.31938002620502e-05,-0.00069610371466811,0.000468166274472648,-0.00170375299743677,-0.00188832756283031,0.000691707536236171,-0.000967333486997156,-0.00148860020029349,0.000918793008010295,6.36979716201573e-05,-0.00191422223102325,0.000148893760314751,6.23994371060008e-05,-0.00118232303698006,-0.000343663193465387,0.00163853451041514,-0.00239156865636899
-0.0874931788508664,-0.12006991437793,0.118219233455669,0.105601944484289,0.116791221362544,0.104062009424618,-0.0662097813844579,-0.0641739231429374,0.140180485563632,-0.0118378210490196,-0.0617560430189638,-0.0196974924172911,-0.0573641179576877,-0.0519550163685925,-0.0467631688054038,0.141307814589852,0.145071502098969,0.123321763348244,0.148833124135941,0.0146055671957266,0.132304532634282,0.122789048385661,0.131874808522395,0.142053465431901,0.141414356728856,0.123630701091803,0.143910494987354,0.0930066852904898,0.123496977474798,0.123988354985397,0.125089925151274,0.120451384315025,0.112651777355615,0.000816494906016165,0.00220492500005419,-0.00183066513747545,-3.19076256696624e-05,-0.00181133332988294,-0.000380398016341744,-0.000245691415094906,0.00105482234163613,0.000186941264284736,0.00059011764954739,0.000737289110315584,0.00108346517214651,0.000170758259782682,-0.00182897445942486,0.00124426035815646,0.00234411427704164,-0.000848599686822274,-0.000260032650453447,-0.000152173419868213,0.000443734295730181,-0.00107416988335509,-0.00139507371384648,0.00271408032533072,-0.000371236921960209,-0.000582331696792018,-0.00122113265857868,-7.87733443591193e-05,0.00275426333805234,-0.000235499357788555,-0.000371003362429757,0.00115757973678897,0.0005869026645652,0.000584311412175326,0.000776262883583711,0.000135084673159669,-0.000685297074374015,0.000729791254951064,0.00281419831830258,0.00179182698938292,-0.000693983873113704,-0.00211236332196086,-0.00129382905014818,-0.00087477176392035,-0.00138410613122327,0.00135225212914384,0.00300915383982217,0.00200920242342846,0.000930223742583515,-0.000154750224777411,0.00100674132163435,0.000733207425897758,0.000419315502300033,0.00383859255238949,0.00230063671950164,0.00498527975308634,-0.000767782960292689,-0.00140602596297525,-0.00137725701268249,-0.00134248956771403,0.000897455641109944,-0.00101071442312711,0.000283610758861892,0.00205014354638989,-0.000220398864661784,0.00161008960977974,0.00208302430422661,-0.00107449153679015
-0.0905418206477505,-0.122549874719696,0.120891711918743,0.108659697418337,0.119278913237838,0.106586349838796,-0.0682264391627161,-0.0676000116640859,0.144051910066809,-0.0112267593947249,-0.0622575089333166,-0.0202185197173171,-0.0606847742169557,-0.0520602175366354,-0.0480353286345802,0.145071502098969,0.150495134746179,0.126760673746285,0.152529475468417,0.0167570224285786,0.136476423472693,0.125923908859529,0.135757676735354,0.144424000326494,0.144433703928706,0.12688398102659,0.147913167485584,0.0948802180060733,0.127044099593135,0.126692252729961,0.12919274657429,0.124176805898714,0.116131688267102,0.000407038073071117,0.00248470780932603,-0.000527007527497763,-0.000666428045122134,-0.000506444727083199,0.00150079500056477,-0.00102883588630637,-0.00012893404458319,-0.000205205773985504,-0.00156596947074195,0.000884591263296895,0.000538462940202492,-3.47547249620355e-05,-0.00114963984409603,0.00109858797563737,0.00381099451777319,-0.000886341979682016,0.000252440945578342,0.000361793132726789,0.00149629549628314,0.00160739146515739,-0.00122534121017636,0.00404034715880932,0.000351497995379481,0.000933684601229832,-0.0030944085291449,-0.00160542252949833,0.00222143244109201,-0.000538928634821652,-0.000899385060448866,-0.000667144131446679,7.39044054641708e-05,-0.00111208584448148,-0.000251974441400111,-0.000929939070331994,-0.00035579388653336,0.000256307584829937,0.00258787467484627,0.00130469087497057,-0.000499491313722202,-0.00127571515857118,-0.00133985579133331,-0.00147187891034688,-0.0034926650407842,0.000754353096426025,0.00218839010917794,0.00210875420159628,-0.000305591780990734,0.000332006818330605,0.00139415008915915,-0.000113142938612934,-0.00100507978170404,0.00408917670875163,0.00211366903466946,0.00412061405029738,0.000817108059087196,-0.000927334387139949,-0.00297035983813016,0.000344933521678058,0.00083514257617225,0.000284522357402308,0.000706754234634024,0.0013908841724372,-0.000603709227188018,0.0023155006429332,0.00241994612140335,-0.00101212422976733
-0.0772039090107011,-0.105785443048357,0.105291188762472,0.0933563101910574,0.102760156681598,0.0918404895147945,-0.0581073273420476,-0.0571945014218869,0.124945774920514,-0.00898703458960726,-0.0535176189015011,-0.0165783916309669,-0.0488238107028894,-0.0442224272244679,-0.0404956953903149,0.123321763348244,0.126760673746285,0.10850015093782,0.130270564551516,0.0119869356043397,0.116150656586249,0.107641253115218,0.116337377479934,0.123860716039481,0.12353992573583,0.108529679408023,0.126142147235809,0.0826380157257717,0.107865045170518,0.107680346095974,0.110193803075656,0.105411270245928,0.0976733165751456,0.000116717502756257,0.00130009098272551,-0.00218845697413844,-7.24499430767875e-05,-0.00172834604228984,-0.000872800015867617,-0.000752642996132285,0.00125521385749679,0.000379040708553002,-0.000479632541379745,0.00119106964234366,0.000847799772660236,0.000677314500684842,-0.000290246354086451,0.00110516260462524,0.00210102256769373,4.5299300575902e-05,0.000335397452337603,0.000453546151414281,-0.000506773009258067,-0.000170303920177008,-0.00120358987233531,0.00322845504554308,0.000183083236926555,-0.0001415067381037,-0.000413549418957799,0.000239976733258297,0.00297599256717306,0.000117881710210649,-0.000372636136298158,0.000804438545385966,0.00169064213624705,0.000151195634183526,0.00110823421394056,0.00056296628482101,-0.00114924934970411,0.000445990828552872,0.00228679488771542,0.00281059122121009,-0.000707619885106208,0.000793438565714474,-4.13468970053057e-05,-0.00148566848059326,-0.000560736971926953,9.59403319461752e-05,0.00198502091557521,0.000689193478758172,0.00108961676616013,-0.000956740563982644,0.00102066987206757,-0.00103200987452632,8.0662587022181e-05,0.00255061352432445,0.00130400314891916,0.00432662518883923,-0.00139378395427246,-0.00285325666829797,-0.00229844094902595,-0.00184297423320445,-0.00060929757707162,-0.00182503798773507,0.000214296011834163,0.000603749067369328,-0.000567422518992194,0.00127986852342366,0.00108824894221651,-0.00168613074867891
-0.0929356110677552,-0.127962807024473,0.124842781623903,0.110890297976598,0.122567029438828,0.109466932216672,-0.0711497798595734,-0.0683629673337032,0.149424211472771,-0.0131558287708555,-0.0666616402221455,-0.0213555987589109,-0.0583428176461615,-0.055962706339987,-0.0500257118226404,0.148833124135941,0.152529475468417,0.130270564551516,0.159692449571809,0.0128684395780167,0.141309057713988,0.129427096180163,0.140580495021413,0.151341681952497,0.150519038765356,0.132812024606606,0.153824368195282,0.099801827897051,0.130437477840674,0.131301699451257,0.132855462896629,0.127412321651128,0.120144289833249,0.000531603271377571,-6.91160190453219e-05,-0.00291200341790486,-0.00150561827751986,-0.00384075504004456,-0.00366548769931026,-0.000835157398769409,0.00328550551609492,0.000345728496444195,0.000368249791668471,0.00266322220544195,0.00191959672386592,0.00239082220972469,-0.00156633565660849,0.00310758916368409,0.00217139278312229,0.00114166302859334,0.00151091988152962,0.000344518748509882,0.00374416536918067,-0.00178370241351046,-0.00185137073112272,0.00133099592444288,-0.00180883893523905,1.70539185711383e-05,-0.00124502938848876,-9.3989035230902e-05,0.00150947758448588,0.00019331647142528,-0.000936175827741669,0.000442066461731816,-0.000833871253393945,0.00189045697846024,0.000364695176153619,0.00144663874640031,-0.00164938649748204,0.00197139370425217,0.00141606087993262,0.00290355149137068,4.43240251267613e-05,0.000105356157532399,-0.00118284399923644,0.000436313900268284,-0.00102186014285189,-0.000515113754498358,-8.70342721939308e-05,0.000498059290519839,-0.00193404766455942,-0.000310134733883958,-0.000809777548965004,0.000308696216523759,-0.00223368605000824,0.00190867554714992,0.00275684846829971,0.00287959452103619,0.00117395334700322,-0.000381135988127332,-7.80877227417455e-05,0.00053152542955744,-0.00062467508421708,-0.00146209242307347,0.00255017398879648,0.00177070203201775,0.000838830855354463,0.00235447269992346,0.00193712050780466,0.00107024503147884
