0.0566323339205099,0.077492744179136,-0.0761299226279108,-0.0680338229093952,-0.0751872256968843,-0.0669592439578918,0.0420392312131167,0.0406466687769953,-0.090306410121714,0.00666151305762894,0.0389150920372818,0.0121305518140341,0.0341759851525902,0.0326914801193785,0.028560912583,-0.0886844553580226,-0.0904604469959102,-0.0779279179354501,-0.0946979843768021,-0.00839531122347156,-0.0842878194022375,-0.077569218038966,-0.0843362303549084,-0.088877664105999,-0.089817149581331,-0.0792854390725979,-0.0917534467136395,-0.0597543882838506,-0.0779761922734169,-0.0782722895027796,-0.0796540641113214,-0.0763524359814577,-0.0714930214523972,9.96227497246479e-05,-0.000506681098723478,0.00110316558361858,0.000757446043281497,0.000872188847419381,0.000137084776884067,0.000600311148515081,-0.00027111595637772,0.000704342589239861,0.000189964185579843,-6.60786766282849e-05,0.00055086206168991,-0.000410589793051098,0.00162068834449825,-0.000590839669262149,-0.0011963312475502,0.000519581572329459,-0.000925652921881635,-0.000224758636683991,-0.00029925464661612,0.00024695420542339,0.000666923050498438,-0.000616244071723442,-4.45653496378424e-05,0.000259397142009708,8.32708501822019e-05,6.95326806907028e-05,-0.00235571115681938,-0.00040558246517731,0.000113380181476486,7.72075597012846e-06,-0.000764409802983244,1.13873758653463e-05,-0.00107218117148991,-0.000815322119374785,0.000742608065406395,-0.000964534134594975,-0.00177501533404671,-0.00146777952587305,0.000489083203549789,0.000212112767982127,0.0007040457964582,0.000388374720278373,0.00118142097337572,-0.000574695811843702,-0.000918955490904897,-0.000637133334896499,0.000679075013064731,0.00010877349250813,0.000271847159019531,-0.000308911211451879,0.00085042156504759,-0.00169942252621152,-0.00153777435657749,-0.00284960890590157,-0.000921224960163832,0.000492521885183066,0.000526079779550494,-0.000180856022800972,-0.000369835177977726,0.000621609190856149,-0.00107462532842118,-0.00153292830281521,2.59409637451089e-05,-0.0011566598526324,-0.00159979516147995,-8.49709534432583e-05
0.077492744179136,0.106037046059975,-0.104172231836017,-0.093093949503237,-0.102882294320516,-0.0916235514810396,0.0575243004192307,0.0556187903131613,-0.123570600977187,0.00911526846033552,0.053249390642904,0.0165988170255555,0.0467646429373182,0.0447333233570095,0.0390812692873237,-0.121351202325009,-0.123781377034959,-0.10663251522462,-0.129579803083723,-0.0114877078147242,-0.11533507405015,-0.106141688917614,-0.115401317083256,-0.121615579140224,-0.122901122266561,-0.108490076637265,-0.125550650688599,-0.0817648012063335,-0.106698571321261,-0.107103735390243,-0.108994483993386,-0.104476707551376,-0.0978273371141723,0.000136318596186945,-0.000693316097812493,0.0015095144847566,0.00103644982288562,0.00119345791617618,0.000187579688325078,0.000821434594679753,-0.000370980992588965,0.000963785814638087,0.000259937124558544,-9.04186288850274e-05,0.000753771032718605,-0.000561829746238837,0.00221766574993348,-0.000808474314431094,-0.00163699754013386,0.000710968435827401,-0.00126661537867619,-0.000307548044180042,-0.00040948451475072,0.000337919307576089,0.000912582861444238,-0.000843236379221148,-6.09809096617217e-05,0.000354945575698363,0.000113943506192168,9.51449086385396e-05,-0.00322343278826495,-0.000554977978863522,0.000155143551217114,1.05646814433339e-05,-0.00104597866995468,1.55818936589043e-05,-0.00146711702457072,-0.00111564443925239,0.00101614630466536,-0.00131981841061195,-0.00242883878648537,-0.00200843326481131,0.00066923605211457,0.000290244094291415,0.000963379698811468,0.000531431794536651,0.0016165950954127,-0.000786383898472816,-0.00125745096200097,-0.000871820161931438,0.000929210975831081,0.000148839997310282,0.000371981532304394,-0.000422698056497332,0.00116367269759982,-0.00232540151463326,-0.00210421055552396,-0.00389925681441225,-0.00126055638585569,0.000673941365451913,0.000719860245063261,-0.000247473987701856,-0.000506063247820586,0.000850577729571022,-0.00147046148196276,-0.00209757946726605,3.5496267381132e-05,-0.00158271326391262,-0.00218907660351055,-0.000116269839189004
-0.0761299226279108,-0.104172231836017,0.10234021305685,0.0914567582795218,0.101072960950989,0.0900122193249669,-0.056512652720328,-0.0546406537547677,0.121397433929182,-0.00895496333197108,-0.0523129233913377,-0.0163069029140229,-0.0459422193168176,-0.0439466234178779,-0.0383939688619976,0.11921706659982,0.121604503186311,0.104757228817501,0.127300955559137,0.0112856799223076,0.113306740608191,0.104275034398244,0.113371818662123,0.119476793967848,0.120739728966209,0.106582122336491,0.123342661613735,0.0803268493774752,0.104822123222515,0.105220161897618,0.107077658962549,0.102639334128092,0.0961069024498638,-0.000133921237276969,0.000681123135362666,-0.0014829674977644,-0.00101822235952303,-0.00117246923928941,-0.00018428082925731,-0.00080698848388048,0.000364456757357,-0.000946836252548536,-0.000255365755728283,8.88284870287537e-05,-0.000740514883140219,0.000551949160715581,-0.00217866490270013,0.000794256128832042,0.00160820857994631,-0.000698465031581622,0.00124434012241242,0.000302139368734547,0.000402283139609,-0.000331976509707488,-0.000896533777055381,0.000828406852630591,5.99084725093065e-05,-0.000348703346374859,-0.000111939645475842,-9.34716483435858e-05,0.00316674407864049,0.000545217891540994,-0.000152415128351568,-1.03788862994747e-05,0.00102758362808804,-1.53078636098695e-05,0.00144131565799848,0.00109602422446424,-0.00099827590792222,0.00129660750238127,0.00238612415716443,0.00197311207227288,-0.000657466571960786,-0.000285139733734744,-0.000946437278853825,-0.000522085800788815,-0.00158816494160965,0.00077255420466435,0.00123533687520773,0.000856487948340881,-0.000912869462094384,-0.000146222431521802,-0.000365439701140042,0.000415264302187071,-0.00114320783669367,0.0022845059787613,0.00206720498134072,0.00383068276561926,0.00123838768570994,-0.000662089135584083,-0.000707200465541521,0.000243121801089028,0.000497163396515557,-0.00083561909475778,0.00144460129828888,0.00206069051032333,-3.48720143792866e-05,0.0015548789709305,0.00215057853760582,0.00011422506655535
-0.0680338229093952,-0.093093949503237,0.0914567582795218,0.0817307135207199,0.0903242731491596,0.0804397952585243,-0.0505027678289715,-0.0488298481449207,0.108487323203518,-0.00800264033453894,-0.0467496621962178,-0.0145727318084335,-0.0410564559265563,-0.0392730833274438,-0.0343109304223611,0.10653882884489,0.108672371508878,0.0936167344958782,0.113763029932884,0.010085494937373,0.101257041369332,0.0931858194417808,0.101315198643682,0.106770935290703,0.10789956241994,0.0952475582011154,0.110225684037748,0.0717844240053549,0.0936747276516063,0.0940304365739103,0.0956903965739729,0.0917240690725299,0.085886334255217,-0.000119679272304529,0.000608688531016143,-0.00132526009012786,-0.000909938658794578,-0.00104778202629205,-0.000164683331737577,-0.000721168624728347,0.000325698301433293,-0.000846144166531255,-0.000228208672787648,7.93819479544318e-05,-0.000661764214152278,0.000493251669762582,-0.00194697297794013,0.00070979030253014,0.00143718230562505,-0.000624186188908691,0.00111200974078259,0.000270008107152686,0.000359502005714114,-0.000296672192639771,-0.000801191149485224,0.000740309239302136,5.35374563480281e-05,-0.00031162019999851,-0.000100035331101885,-8.35313284309756e-05,0.00282997405499288,0.000487236242987257,-0.00013620641520502,-9.27513503391289e-06,0.000918304395495403,-1.36799361670863e-05,0.00128803774978299,0.000979466619926255,-0.000892113429120923,0.00115871870290933,0.00213236980604573,0.00176327983362732,-0.000587547744455848,-0.000254816312426273,-0.000845787622024778,-0.000466564153598047,-0.00141927022461951,0.000690396287474664,0.0011039639513638,0.00076540402761544,-0.000815789602559702,-0.000130672285852137,-0.000326576713245061,0.000371102675799003,-0.00102163245180727,0.00204155829704626,0.00184736635429592,0.00342330563203102,0.00110669032089463,-0.000591678717719435,-0.000631992645904178,0.000217266811652322,0.000444292143062974,-0.000746754489562787,0.00129097397593356,0.00184154467009808,-3.11635211081177e-05,0.00138952407807972,0.00192187348061982,0.00010207770718253
-0.0751872256968843,-0.102882294320516,0.101072960950989,0.0903242731491596,0.0998214008966862,0.0888976215428667,-0.0558128713144805,-0.0539640528227576,0.119894201238944,-0.00884407636191906,-0.0516651461359336,-0.0161049787979729,-0.0453733288246233,-0.043402443868038,-0.0379185463820218,0.117740832828259,0.120098706411592,0.1034600474373,0.125724621103776,0.0111459322979825,0.111903692858385,0.102983823905488,0.111967965067787,0.117997344060184,0.1192446404646,0.105262343776884,0.121815341677575,0.0793321829996138,0.10352413827186,0.1039172481381,0.105751744302437,0.101368378084198,0.0949168357998193,-0.000132262925603683,0.000672688965627649,-0.00146460429889729,-0.00100561397821524,-0.00115795085919065,-0.000181998927920868,-0.000796995756436817,0.000359943784602101,-0.000935111826742606,-0.00025220362832943,8.77285470942419e-05,-0.000731345280917876,0.000545114518541671,-0.00215168706472768,0.000784421062812621,0.0015882945534974,-0.000689816121679014,0.00122893178395548,0.000298398055912774,0.000397301772650747,-0.000327865731368678,-0.000885432233654077,0.000818148907125602,5.91666415547023e-05,-0.000344385443990105,-0.000110553526107693,-9.23142133562661e-05,0.00312753111452293,0.000538466600913674,-0.000150527811659532,-1.02503672635392e-05,0.00101485932863871,-1.51183103363672e-05,0.00142346822297512,0.00108245244300082,-0.000985914518310471,0.00128055195062122,0.0023565774054752,0.00194867954126672,-0.000649325335266389,-0.000281608922949355,-0.000934717793434862,-0.000515620948794395,-0.00156849911029472,0.000762987867898868,0.00122004002160742,0.000845882281968299,-0.0009015656381755,-0.000144411797375797,-0.000360914556849226,0.000410122192885976,-0.00112905179289413,0.00225621753841156,0.0020416073224381,0.00378324842229889,0.00122305305472068,-0.000653890658892709,-0.000698443387043689,0.00024011128737982,0.000491007152138368,-0.000825271841943859,0.00142671317804069,0.00203517351841238,-3.44402033410075e-05,0.00153562531108931,0.00212394848575037,0.000112810647415398
-0.0669592439578918,-0.0916235514810396,0.0900122193249669,0.0804397952585243,0.0888976215428667,0.0791692667603217,-0.0497050879547427,-0.0480585916613402,0.106773790301292,-0.00787624042796012,-0.0460112617824582,-0.0143425587827592,-0.040407978427052,-0.0386527737975719,-0.0337689969830559,0.1048560719734,0.106955915810234,0.0921380792021469,0.111966168427865,0.00992619681018079,0.0996577091446548,0.0917139703545394,0.0997149478379192,0.105084512350035,0.106195313067271,0.0937431444132658,0.108484694116606,0.0706506051519784,0.0921951563690064,0.0925452469487798,0.0941789882534917,0.0902753080040412,0.0845297788969307,-0.000117788965080121,0.000599074432388721,-0.00130432790467629,-0.000895566382063898,-0.0010312325445333,-0.000162082195502968,-0.000709777928285347,0.000320553969918559,-0.000832779509476737,-0.000224604168059835,7.81281279167901e-05,-0.000651311797031264,0.000485460870429923,-0.00191622097707099,0.00069857932413053,0.00141448233391899,-0.000614327308255848,0.00109444579669991,0.000265743389747815,0.00035382375228305,-0.000291986321993759,-0.00078853651523787,0.000728616221151193,5.26918442502743e-05,-0.0003066982289338,-9.84552955164683e-05,-8.22119698607159e-05,0.00278527525044612,0.000479540455969365,-0.000134055065470728,-9.12863635937761e-06,0.000903799983832595,-1.34638646480326e-05,0.0012676934828365,0.000963996164666455,-0.000878022697889142,0.00114041700126134,0.0020986895039194,0.00173542922471255,-0.000578267559803629,-0.000250791546006816,-0.000832428596510655,-0.000459194877588817,-0.00139685317020964,0.000679491633186687,0.00108652708871779,0.00075331464291973,-0.000802904389025054,-0.00012860834644793,-0.000321418507413064,0.000365241192389622,-0.00100549599670394,0.00200931234230703,0.0018181876176742,0.00336923528849553,0.00108921039585426,-0.000582333285272393,-0.00062201046401653,0.000213835131163446,0.000437274648457539,-0.000734959670131671,0.00127058333195454,0.00181245788567063,-3.06713002919788e-05,0.00136757685737304,0.00189151792067316,0.000100465412725667
0.0420392312131167,0.0575243004192307,-0.056512652720328,-0.0505027678289715,-0.0558128713144805,-0.0497050879547427,0.0312065005738682,0.0301727756648263,-0.0670361221640977,0.00494496462130511,0.0288873941542171,0.00900473346496122,0.0253694672690411,0.0242674916659198,0.021201294818957,-0.0658321150782562,-0.0671504665910601,-0.0578473379649771,-0.0702960691364113,-0.00623199513770661,-0.0625684107116909,-0.0575810683829114,-0.0626043470592099,-0.0659755375132202,-0.0666729349959777,-0.058855051068261,-0.0681102842487326,-0.044356790037809,-0.0578831729008689,-0.0581029713627195,-0.0591286882673846,-0.0566778285072008,-0.0530705950275725,7.39518137401748e-05,-0.000376118771485739,0.00081890026113331,0.000562266238041079,0.00064744194843939,0.000101760570901365,0.00044562209298419,-0.000201254399857968,0.000522846559773802,0.000141013936155476,-4.90514265036709e-05,0.000408915119239496,-0.000304788414124845,0.00120306699939998,-0.000438591238370231,-0.000888058860399979,0.000385695032168227,-0.000687129321929396,-0.00016684250216432,-0.000222142271204163,0.000183318684259375,0.000495069342552862,-0.000457449397216384,-3.30816851049846e-05,0.000192555306731205,6.18134956089917e-05,5.16153977430488e-05,-0.0017486880574594,-0.000301071381827685,8.4164210339015e-05,5.7312602695107e-06,-0.000567435565948793,8.45306018264922e-06,-0.000795899957679315,-0.000605228722123206,0.000551251732025804,-0.00071599156683346,-0.0013176267843659,-0.00108955994899778,0.000363055527701555,0.000157455239421546,0.000522626244990587,0.000288297753824323,0.000876990687501587,-0.000426607353763987,-0.000682157694770957,-0.000472955884475702,0.000504089969616096,8.074457972765e-05,0.000201797185132646,-0.000229310518277022,0.000631283691253781,-0.00126151284191223,-0.00114151840926249,-0.00211531751155267,-0.000683842363869027,0.000365608124817763,0.000390518771839972,-0.000134252778094693,-0.000274535507923312,0.000461432024597102,-0.000797714300674594,-0.00113792109372771,1.92564582328959e-05,-0.00085861004859863,-0.00118755760236688,-6.30755137729974e-05
0.0406466687769953,0.0556187903131613,-0.0546406537547677,-0.0488298481449207,-0.0539640528227576,-0.0480585916613402,0.0301727756648263,0.0291732932106551,-0.0648155300434729,0.00478116115057394,0.027930490357079,0.00870644890530738,0.0245290958796553,0.0234636235565927,0.0204989954212267,-0.0636514060618696,-0.0649260867761989,-0.0559311271410619,-0.0679674902718241,-0.00602555838611935,-0.0604958129041046,-0.0556736778206225,-0.0605305588490829,-0.0637900775846579,-0.0644643735617621,-0.0569054594385241,-0.0658541101793851,-0.0428874577543417,-0.0559657750337042,-0.0561782926040481,-0.0571700323214452,-0.0548003580430066,-0.0513126152794806,7.15021372136097e-05,-0.000363659721746319,0.000791773938656022,0.00054364099634182,0.000625995235192059,9.83897207590984e-05,0.000430860724388991,-0.000194587786096036,0.000505527107015372,0.000136342806241986,-4.74265829464493e-05,0.000395369680415264,-0.00029469220436488,0.00116321503581366,-0.000424062768991947,-0.000858641638096638,0.000372918765854667,-0.000664367952254826,-0.000161315793074787,-0.000214783740293229,0.000177246196581266,0.000478670018639932,-0.000442296245538597,-3.19858441328398e-05,0.000186176853098921,5.9765904595872e-05,4.99056218516188e-05,-0.00169076222886927,-0.000291098299903352,8.13762450408445e-05,5.54141051411209e-06,-0.000548639088676082,8.17304996978505e-06,-0.000769535527312924,-0.000585180334953186,0.000532991349218744,-0.000692274126438382,-0.00127397999274325,-0.00105346794129229,0.000351029201921704,0.000152239486291395,0.000505314090226967,0.000278747802247933,0.000847940101822419,-0.000412475854241238,-0.000659561011771844,-0.000457289075648381,0.000487391834663192,7.80698907429938e-05,0.000195112591441906,-0.000221714536981806,0.000610372225234825,-0.00121972484185519,-0.00110370526161425,-0.00204524696977409,-0.000661189875689001,0.000353497243475025,0.000377582717669339,-0.000129805613617021,-0.00026544143496614,0.000446146947165028,-0.000771289769639647,-0.0011002271082606,1.86185821439653e-05,-0.000830168327224292,-0.00114821939231725,-6.09861180208712e-05
-0.090306410121714,-0.123570600977187,0.121397433929182,0.108487323203518,0.119894201238944,0.106773790301292,-0.0670361221640977,-0.0648155300434729,0.144003383659201,-0.0106225064122869,-0.0620543427783804,-0.019343482976677,-0.0544973218980417,-0.0521301173158478,-0.0455434785504526,0.141417000546431,0.144249012192798,0.124264532817733,0.151006225998643,0.0133872359827233,0.134406086775222,0.123692546856357,0.134483283299604,0.141725092889197,0.143223204564372,0.126429247779547,0.146310840740433,0.0952848650473729,0.124341511495124,0.124813670701352,0.127017060458693,0.121752255649776,0.114003391157829,-0.000158859299472182,0.000807958068026433,-0.00175911739336493,-0.00120783002031417,-0.00139079988949766,-0.00021859657241237,-0.000957261356286902,0.000432323851980965,-0.00112315079260841,-0.000302918535469325,0.000105369630011538,-0.000878409414192372,0.000654730039823304,-0.0025843636697575,0.00094215805344448,0.00190768016791135,-0.000828529274960289,0.00147605416564921,0.000358402068529811,0.000477194051124153,-0.000393795314661576,-0.00106348127206752,0.000982668133618586,7.10642924810671e-05,-0.000413636929101478,-0.000132784418849712,-0.000110877414802124,0.00375643741179073,0.000646745311430883,-0.000180797019286923,-1.23115843339026e-05,0.00121893449184271,-1.81584081727848e-05,0.00170970938145075,0.00130011971247576,-0.00118416925229344,0.00153805448416423,0.00283045482380695,0.00234053394334403,-0.000779896311979708,-0.000338236856781011,-0.00112267752426846,-0.000619305692391088,-0.00188390411558553,0.000916414918594643,0.00146537438421205,0.00101597833358129,-0.00108285889681517,-0.00017345115316275,-0.000433489834046018,0.000492592493039844,-0.00135608959251676,0.0027099138777778,0.00245214830656039,0.00454401103977173,0.0014689932995466,-0.000785379663492089,-0.000838891372471269,0.000288394580222865,0.000589742377680784,-0.000991223399051054,0.00171360685526046,0.00244442074726287,-4.13656854440518e-05,0.00184441981800989,0.00255104721917562,0.000135495418233168
0.00666151305762894,0.00911526846033552,-0.00895496333197108,-0.00800264033453894,-0.00884407636191906,-0.00787624042796012,0.00494496462130511,0.00478116115057394,-0.0106225064122869,0.0007835763272488,0.004577480315557,0.00142688502682683,0.00402003158956621,0.00384541315203658,0.00335954531516401,-0.0104317201230907,-0.0106406253662092,-0.00916645680909919,-0.0111390757856219,-0.000987518462800994,-0.00991455535516484,-0.00912426388009942,-0.00992024980868678,-0.0104544467618922,-0.0105649559768251,-0.00932613846364323,-0.0107927175352385,-0.00702875213234574,-0.00917213519299142,-0.00920696433428191,-0.00936949886111991,-0.00898113699474525,-0.00840953679576342,1.17183630301929e-05,-5.95995700960833e-05,0.000129762477215169,8.90963934993629e-05,0.00010259328891438,1.61249231313182e-05,7.0613027534526e-05,-3.18906596022818e-05,8.28499733359261e-05,2.23449894277388e-05,-7.77266160013835e-06,6.47964610120149e-05,-4.82966015770806e-05,0.000190637323624626,-6.94989222460695e-05,-0.000140721310161631,6.11170190060374e-05,-0.000108882127913039,-2.64377695467544e-05,-3.52005400093083e-05,2.90485761433277e-05,7.84484110360866e-05,-7.24871755459371e-05,-5.24210531296453e-06,3.05122061724441e-05,9.79493193035627e-06,8.1789470482217e-06,-0.000277096131216857,-4.77076027189038e-05,1.33366136815424e-05,9.08172295741298e-07,-8.99155223074477e-05,1.33946718716568e-06,-0.000126117861998219,-9.59042046900673e-05,8.73510410386548e-05,-0.000113455623092487,-0.000208790403055621,-0.000172651059923608,5.75295757947561e-05,2.49502691445854e-05,8.28150623786411e-05,4.56835007721693e-05,0.000138967453676651,-6.75999625961913e-05,-0.000108094326655073,-7.49443248413712e-05,7.98778145536036e-05,1.27947409281042e-05,3.1976669053226e-05,-3.63364164299329e-05,0.000100032860521083,-0.000199898619129431,-0.000180884368467073,-0.000335192029388078,-0.000108361278377803,5.79340589056456e-05,6.18813860956027e-05,-2.12736201042067e-05,-4.35027429864922e-05,7.31182604524576e-05,-0.00012640536177415,-0.000180314339860082,3.05136759784747e-06,-0.000136054867919816,-0.000188179713248066,-9.99491062254192e-06
0.0389150920372818,0.053249390642904,-0.0523129233913377,-0.0467496621962178,-0.0516651461359336,-0.0460112617824582,0.0288873941542171,0.027930490357079,-0.0620543427783804,0.004577480315557,0.0267406317810552,0.00833554804519885,0.0234841391058433,0.0224640566547416,0.019625723767561,-0.0609398112989264,-0.0621601897163663,-0.0535484217017854,-0.0650720272793439,-0.0057688653517545,-0.0579186486339027,-0.0533019399038599,-0.0579519143771342,-0.0610725753171013,-0.0617181458103031,-0.0544812467566173,-0.0630486786684593,-0.0410604218247727,-0.0535815935697796,-0.0537850577418338,-0.0547345486482418,-0.0524658241643301,-0.0491266617008666,6.84560957700127e-05,-0.000348167561274291,0.00075804381078724,0.000520481506712182,0.000599327396939998,9.41982493047445e-05,0.000412505753837743,-0.000186298209253101,0.000483991295935624,0.00013053450659482,-4.54061770842931e-05,0.000378526653353167,-0.000282138108745071,0.00111366125539563,-0.000405997396132154,-0.000822062899099973,0.000357032163577383,-0.000636065409208873,-0.000154443626586328,-0.000205633801566371,0.000169695383674883,0.000458278338455203,-0.000423454113726046,-3.06232246275516e-05,0.000178245587930111,5.72198349340768e-05,4.77796071847513e-05,-0.00161873456618531,-0.000278697307146768,7.79095596440403e-05,5.30534252034649e-06,-0.000525266676790098,7.82487228029613e-06,-0.000736752771442107,-0.000560251240219692,0.000510285542062955,-0.000662782760702536,-0.00121970754708731,-0.00100858946445613,0.000336075110496829,0.000145753976869346,0.000483787353812551,0.000266872949396721,0.000811817255814016,-0.000394904092116865,-0.000631463247778639,-0.000437808238705454,0.000466628598968298,7.47440583697626e-05,0.000186800657521327,-0.000212269341430841,0.000584369938218824,-0.00116776370386883,-0.00105668663952259,-0.00195811800726893,-0.00063302272094482,0.000338438011740379,0.000361497427757364,-0.00012427580298342,-0.000254133442740128,0.000427140772749023,-0.000738432281809234,-0.00105335665795338,1.78254174213207e-05,-0.000794802571340208,-0.00109930443688184,-5.83880664071034e-05
0.0121305518140341,0.0165988170255555,-0.0163069029140229,-0.0145727318084335,-0.0161049787979729,-0.0143425587827592,0.00900473346496122,0.00870644890530738,-0.019343482976677,0.00142688502682683,0.00833554804519885,0.002598344039988,0.0073204392259563,0.00700246071479614,0.00611770001269023,-0.0189960629616623,-0.019376477419151,-0.0166920305209852,-0.0202841508841889,-0.00179826171272065,-0.0180543108462726,-0.0166151975992466,-0.0180646803918853,-0.0190374479544041,-0.0192386841819812,-0.0169828092926306,-0.0196534358099788,-0.0127992906704248,-0.0167023708039553,-0.0167657943384298,-0.0170617681633433,-0.0163545649045795,-0.0153136863878406,2.13390274377114e-05,-0.000108530249342787,0.000236296234768068,0.000162243683745369,0.000186821401711855,2.93633314007786e-05,0.000128585650413522,-5.80725873150054e-05,0.000150869012137089,4.06900128682941e-05,-1.41539427240861e-05,0.000117993738190173,-8.79476513525095e-05,0.000347148750128013,-0.000126556875297269,-0.000256252165159311,0.000111293509351152,-0.000198273317614952,-4.8142926473306e-05,-6.40998480031324e-05,5.28971804126397e-05,0.00014285380912255,-0.000131998456087386,-9.54582383362822e-06,5.55624367517291e-05,1.78364777293427e-05,1.48937846543844e-05,-0.000504589415064647,-8.68750900431328e-05,2.42858464568243e-05,1.65377309843199e-06,-0.000163735309501092,2.43915698679051e-06,-0.000229659425180072,-0.000174640643065959,0.000159065413542307,-0.000206601608765263,-0.000380205334828357,-0.000314395935282712,0.000104760809440804,4.54342024122997e-05,0.000150805439616468,8.31892196816493e-05,0.000253058409209066,-0.000123098887866136,-0.00019683873902954,-0.00013647290154523,0.000145456739310091,2.32991013352086e-05,5.8229209705767e-05,-6.61682681436509e-05,0.000182158886000736,-0.000364013481010355,-0.000329388711702035,-0.000610381492157668,-0.000197324855573395,0.000105497369332243,0.000112685414539162,-3.87390595370252e-05,-7.92180805299037e-05,0.000133147655689845,-0.000230182959533045,-0.000328350695039339,5.55651132545081e-06,-0.000247754618293931,-0.000342673465045831,-1.82006370226256e-05
0.0341759851525902,0.0467646429373182,-0.0459422193168176,-0.0410564559265563,-0.0453733288246233,-0.040407978427052,0.0253694672690411,0.0245290958796553,-0.0544973218980417,0.00402003158956621,0.0234841391058433,0.0073204392259563,0.0206242243660571,0.0197283682629835,0.0172356895223689,-0.0535185188347617,-0.0545902787225453,-0.0470272577865572,-0.0571475106885841,-0.00506632893017371,-0.0508652754533895,-0.0468107927128471,-0.0508944900713501,-0.0536351147587697,-0.0542020672297925,-0.0478464827595666,-0.0553705668741416,-0.036060055191393,-0.0470563899614719,-0.0472350761256097,-0.0480689373712372,-0.0460764997276823,-0.0431439827837654,6.01194649725839e-05,-0.000305767474308531,0.000665728710024841,0.000457096908020978,0.000526340891079968,8.27267212050977e-05,0.000362270517181627,-0.000163610684186187,0.000425050500408224,0.000114637923893674,-3.98765813628812e-05,0.000332429415108768,-0.000247779134280699,0.000978038815710697,-0.000356554751789093,-0.000721951509384077,0.000313552539198108,-0.000558604922747524,-0.000135635374678538,-0.00018059157466389,0.000149029762216155,0.000402468884714288,-0.000371885578213203,-2.68939071040351e-05,0.000156538716670081,5.02515637703541e-05,4.19609735004164e-05,-0.00142160394858975,-0.000244757355886241,6.8421679462782e-05,4.65925423049395e-06,-0.00046129933676967,6.87195390970978e-06,-0.000647030508210352,-0.000492023455813104,0.000448142615014694,-0.000582068616655512,-0.00107117071648765,-0.00088576274030879,0.000295147650569375,0.000128003956527856,0.000424871394498274,0.000234372976619776,0.000712953587639882,-0.000346812398026793,-0.000554563215726536,-0.000384491647902173,0.000409802244713601,6.56416751280478e-05,0.000164051943956006,-0.000186419033883832,0.000513204962050542,-0.00102555263050439,-0.000928002608054138,-0.00171965703895369,-0.000555932775169494,0.000297222796061495,0.000317474020410877,-0.000109141409546676,-0.000223184895914996,0.000375123273344727,-0.000648505486640714,-0.00092507815394881,1.56546257309669e-05,-0.00069801096323607,-0.000965430380507829,-5.12775272047639e-05
0.0326914801193785,0.0447333233570095,-0.0439466234178779,-0.0392730833274438,-0.043402443868038,-0.0386527737975719,0.0242674916659198,0.0234636235565927,-0.0521301173158478,0.00384541315203658,0.0224640566547416,0.00700246071479614,0.0197283682629835,0.0188714255339681,0.0164870214815622,-0.0511938306004499,-0.0522190363672418,-0.0449845309837865,-0.0546651896413942,-0.00484626239037482,-0.0486558363665828,-0.0447774685210035,-0.0486837819868185,-0.0513053619378698,-0.0518476876485207,-0.0457681712153368,-0.0529654310792421,-0.0344937116554128,-0.0450123977420616,-0.0451833223008251,-0.0459809630480353,-0.0440750710796675,-0.0412699341115958,5.75080509066157e-05,-0.000292485827778759,0.000636811398164687,0.000437241952630724,0.000503478179193106,7.91333139203698e-05,0.000346534543405329,-0.000156503913654857,0.00040658754741922,0.000109658387114931,-3.81444590706878e-05,0.00031798965169849,-0.00023701633197018,0.000935555664512087,-0.000341067054176773,-0.000690592043237591,0.000299932732174619,-0.00053434075550573,-0.00012974376993056,-0.00017274720381848,0.000142556344372589,0.000384986811193894,-0.000355731954252651,-2.57257142844159e-05,0.000149739131764139,4.80687825275961e-05,4.01383112982382e-05,-0.00135985362281296,-0.00023412581080842,6.54496414340377e-05,4.45686982737289e-06,-0.000441261840141723,6.57345629153095e-06,-0.000618925391655811,-0.000470651393139516,0.000428676607974497,-0.00055678525504233,-0.00102464218737707,-0.000847287792466061,0.000282327298182909,0.000122443838307761,0.000406416221347177,0.000224192498664644,0.000681984964948473,-0.000331747879823373,-0.00053047460843974,-0.000367790453072231,0.00039200163144137,6.27903923725996e-05,0.000156926006388339,-0.000178321535220622,0.000490912836576128,-0.000981005617886911,-0.00088769288365734,-0.00164496015696692,-0.000531784678218325,0.000284312305412329,0.000303683875690552,-0.000104400625306501,-0.000213490395526979,0.000358829013358695,-0.000620336301328712,-0.000884895459301685,1.49746344860355e-05,-0.000667691404530318,-0.000923494902929628,-4.9050181105266e-05
0.028560912583,0.0390812692873237,-0.0383939688619976,-0.0343109304223611,-0.0379185463820218,-0.0337689969830559,0.021201294818957,0.0204989954212267,-0.0455434785504526,0.00335954531516401,0.019625723767561,0.00611770001269023,0.0172356895223689,0.0164870214815622,0.0144038868099403,-0.0447254916335724,-0.0456211626823596,-0.0393007368379626,-0.0477582445634052,-0.00423393728214002,-0.0425081728953281,-0.0391198367111659,-0.0425325875872819,-0.0448229309898414,-0.0452967338631543,-0.039985364149669,-0.0462732504447983,-0.0301354322183006,-0.0393250826321622,-0.0394744108780326,-0.0401712697406634,-0.0385061871655577,-0.0360554791695943,5.02419103927005e-05,-0.000255530252177347,0.000556350297032235,0.000381996444979064,0.000439863726294191,6.91348220707526e-05,0.000302749914199283,-0.000136729648840345,0.00035521522295019,9.58030531791618e-05,-3.33249078067269e-05,0.000277811668706784,-0.000207069325506952,0.000817348234252055,-0.000297973242071407,-0.000603335759206952,0.000262036240425278,-0.000466826817011779,-0.000113350648476115,-0.000150920599777086,0.000124544354520188,0.00033634373910158,-0.000310785232460832,-2.24752710531727e-05,0.000130819596939412,4.19952932913583e-05,3.50668368648955e-05,-0.00118803615819813,-0.000204544021607621,5.71800811942492e-05,3.89374445783972e-06,-0.000385508419823148,5.74290028548747e-06,-0.000540724186911386,-0.000411184603677725,0.00037451333136425,-0.000486435454702492,-0.000895178677614637,-0.000740233005201915,0.000246655252492432,0.000106973062995761,0.00035506554392223,0.000195865783156439,0.000595816185002515,-0.000289831545119135,-0.00046344915751207,-0.000321320140314823,0.000342472237020365,5.48568281722749e-05,0.000137098410169563,-0.000155790614573108,0.000428886014341461,-0.000857055587375853,-0.000775532914328336,-0.0014371194902797,-0.000464593700013271,0.00024838945411772,0.000265313427070043,-9.12096094181436e-05,-0.000186515890430478,0.000313490978241356,-0.000541956828189268,-0.000773088944456441,1.30825898661137e-05,-0.000583328615516153,-0.000806811349535208,-4.28526921880603e-05
-0.0886844553580226,-0.121351202325009,0.11921706659982,0.10653882884489,0.117740832828259,0.1048560719734,-0.0658321150782562,-0.0636514060618696,0.141417000546431,-0.0104317201230907,-0.0609398112989264,-0.0189960629616623,-0.0535185188347617,-0.0511938306004499,-0.0447254916335724,0.13887707035328,0.141658217451112,0.122032670752903,0.148294067833177,0.0131467935695483,0.131992076602297,0.121470957986459,0.132067886632959,0.1391796291814,0.140650833914257,0.124158506196202,0.143683014379062,0.0935734943864976,0.122108266849232,0.122571945806131,0.124735761423515,0.119565515519423,0.111955825064611,-0.000156006095616683,0.000793446679127992,-0.00172752263910313,-0.00118613670250276,-0.00136582032821212,-0.000214670452976629,-0.000940068394958525,0.000424559068393257,-0.00110297836214683,-0.000297477945361129,0.00010347713120536,-0.000862632678832164,0.000642970713928365,-0.00253794702048947,0.000925236356071338,0.00187341714126935,-0.00081364841542254,0.00144954338881494,0.000351964962441935,0.000468623373102706,-0.000386722525635041,-0.00104438054031435,0.000965018852041539,6.97879371529937e-05,-0.000406207773334012,-0.000130399534760011,-0.000108885993031713,0.00368896964791493,0.000635129395823602,-0.000177549801439393,-1.20904612394064e-05,0.00119704173137302,-1.78322727788831e-05,0.00167900202333482,0.00127676881902116,-0.00116290089540509,0.00151043014615716,0.00277961823669537,0.00229849661538612,-0.000765888928265795,-0.000332161929426768,-0.00110251359397689,-0.000608182608031948,-0.00185006812043863,0.000899955582643528,0.00143905542235917,0.000997730781765878,-0.00106341013184126,-0.000170335871271233,-0.000425704108753704,0.000483745250196642,-0.00133173344801262,0.00266124227498315,0.00240810632081716,0.00446239800319669,0.00144260933990498,-0.000771273795649591,-0.000823824403737095,0.000283214848655806,0.000579150267358374,-0.000973420460014873,0.00168282949628629,0.0024005175529033,-4.06227340802571e-05,0.00181129298342489,0.00250522895241065,0.00013306184304437
-0.0904604469959102,-0.123781377034959,0.121604503186311,0.108672371508878,0.120098706411592,0.106955915810234,-0.0671504665910601,-0.0649260867761989,0.144249012192798,-0.0106406253662092,-0.0621601897163663,-0.019376477419151,-0.0545902787225453,-0.0522190363672418,-0.0456211626823596,0.141658217451112,0.144495059698331,0.124476492524502,0.151263799375834,0.0134100707735441,0.134635345068758,0.123903530918877,0.134712673268303,0.141966835311184,0.143467502335856,0.126644899870121,0.146560405135013,0.0954473937399688,0.124553602505472,0.125026567080091,0.127233715189362,0.121959930131149,0.114197848295457,-0.000159130267943797,0.000809336213111735,-0.00176211794387129,-0.00120989023243686,-0.00139317219581923,-0.000218969435564377,-0.000958894170025291,0.00043306127266583,-0.00112506656621862,-0.00030343522774263,0.000105549360425141,-0.000879907729098749,0.000655846821773122,-0.00258877185408172,0.000943765105273424,0.00191093412396646,-0.000829942508633546,0.00147857189135124,0.000359013399821437,0.000478008007519067,-0.000394467016695373,-0.00106529526656353,0.000984344284043244,7.11855078130241e-05,-0.000414342475247372,-0.000133010911042171,-0.00011106653991929,0.00376284481826659,0.000647848473720688,-0.000181105407226134,-1.23325843710499e-05,0.00122101364501379,-1.81893812170189e-05,0.00171262565603799,0.00130233734438384,-0.00118618910592173,0.00154067796465432,0.00283528276916571,0.00234452622398166,-0.00078122659174537,-0.0003388137919962,-0.00112459249061842,-0.000620362050548823,-0.00188711751650424,0.000917978060007715,0.00146787389326536,0.00101771130166788,-0.00108470594398974,-0.000173747011158024,-0.000434229243562378,0.000493432714766941,-0.00135840269301184,0.00271453621480251,0.00245633096933814,0.00455176182131577,0.0014714989814331,-0.000786719296285139,-0.000840322280915438,0.000288886498787813,0.000590748309289809,-0.000992914142308529,0.00171652977782188,0.00244859022903744,-4.14362434573335e-05,0.00184756587002424,0.00255539857517614,0.000135726534614214
-0.0779279179354501,-0.10663251522462,0.104757228817501,0.0936167344958782,0.1034600474373,0.0921380792021469,-0.0578473379649771,-0.0559311271410619,0.124264532817733,-0.00916645680909919,-0.0535484217017854,-0.0166920305209852,-0.0470272577865572,-0.0449845309837865,-0.0393007368379626,0.122032670752903,0.124476492524502,0.107231328348185,0.130307480626282,0.0115522190023731,0.11598275788095,0.10673774572212,0.116049372913136,0.122298532221333,0.123591294534926,0.109099321214588,0.126255701836892,0.0822239654294121,0.107297755394133,0.107705194731227,0.109606561156472,0.105063414368305,0.0983767032543591,-0.000137084116574519,0.000697209532917858,-0.001517991421475,-0.00104227018410052,-0.00120015998318758,-0.000188633074141277,-0.000826047501112732,0.000373064299791158,-0.000969198118689016,-0.000261396845931143,9.09263901572532e-05,-0.00075800396284882,0.000564984797252575,-0.00223011943117642,0.000813014440194109,0.00164619037974953,-0.000714961000655465,0.00127372827392829,0.000309275132813314,0.000411784045065773,-0.000339816951232494,-0.000917707626555724,0.000847971717303358,6.13233583877547e-05,-0.000356938833274926,-0.000114583375435701,-9.56792111429222e-05,0.00324153452629932,0.000558094552605902,-0.000156014786358755,-1.06240092185554e-05,0.00105185254203974,-1.56693964472732e-05,0.00147535587110142,0.00112190953137789,-0.00102185264800176,0.00132723007658768,0.00244247834602597,0.00201971196525498,-0.000672994261605594,-0.000291874009635087,-0.000968789722249526,-0.000534416140654511,-0.00162567336161119,0.000790799971727523,0.0012645123929041,0.000876716017133327,-0.000934429118962339,-0.000149675833767042,-0.000374070458208453,0.000425071789715598,-0.00117020750062297,0.00233846020448585,0.00211602710972168,0.00392115375783238,0.00126763525579751,-0.000677725998434599,-0.000723902743366602,0.000248863720198221,0.000508905132526301,-0.000855354294261503,0.00147871910986585,0.00210935878345374,-3.5695602740526e-05,0.00159160126089248,0.00220136973751297,0.000116922772353288
-0.0946979843768021,-0.129579803083723,0.127300955559137,0.113763029932884,0.125724621103776,0.111966168427865,-0.0702960691364113,-0.0679674902718241,0.151006225998643,-0.0111390757856219,-0.0650720272793439,-0.0202841508841889,-0.0571475106885841,-0.0546651896413942,-0.0477582445634052,0.148294067833177,0.151263799375834,0.130307480626282,0.158349614508494,0.0140382533447165,0.140942215380198,0.129707679155255,0.141023165948934,0.148617142616268,0.150188107023105,0.132577465042203,0.153425894041411,0.099918540106293,0.130388202754192,0.130883322924227,0.133193862879646,0.127673032156005,0.119547342655034,-0.000166584580643288,0.000847248832059168,-0.00184466275660068,-0.00126656644018276,-0.00145843408047552,-0.000229226859657348,-0.00100381269546642,0.000453347634187137,-0.00117776928645345,-0.000317649375062695,0.000110493724234785,-0.000921126206539615,0.000686569369756202,-0.0027100405175316,0.0009879749234336,0.00200045009532902,-0.000868820410756723,0.00154783424708799,0.000375831056073492,0.000500399857963043,-0.000412945465390758,-0.00111519805461801,0.00103045499693292,7.45201281952238e-05,-0.000433751971725224,-0.000139241686218787,-0.000116269350985386,0.00393911186210091,0.00067819634636241,-0.000189589125342595,-1.2910293071491e-05,0.00127821091890697,-1.90414462399332e-05,0.00179285204754879,0.00136334415302373,-0.00124175505594824,0.00161284962291988,0.00296809901227228,0.00245435342299,-0.000817822441040891,-0.000354685215987843,-0.00117727300321285,-0.00064942234669136,-0.00197551782054744,0.00096097990748142,0.00153663511100983,0.00106538506215647,-0.00113551800757749,-0.000181886031901904,-0.00045457031761826,0.000516547121595755,-0.00142203583192616,0.00284169619536872,0.00257139555997501,0.00476498496476999,0.00154043001313637,-0.000823572446330129,-0.000879686414032495,0.000302419124129623,0.000618421376651807,-0.00103942630241579,0.00179693905436749,0.00256329221173383,-4.33772866027662e-05,0.00193411341315369,0.00267510389772309,0.000142084520707657
