0.0624090336469199,0.0787179896727796,-0.0768543646481847,-0.0665076220922826,-0.0740753325632402,-0.0656667336095748,0.0420768828291078,0.0412467957543311,-0.0892911495545384,0.00709008065760518,0.0396497438217027,0.0122329136178926,0.0338855625746422,0.034093823576947,0.0303399536521741,-0.0887876315212715,-0.0890878219984174,-0.0785147317759115,-0.0943803728830109,-0.00852835198937491,-0.0829229671197032,-0.0782842673302855,-0.0836693175433666,-0.0870114151775808,-0.0897991946381175,-0.0779304780518742,-0.09230865772138,-0.0592843837444133,-0.0793515601748156,-0.077138119712528,-0.0790367536648766,-0.0769091350114611,-0.0707512415965171,0.000957878984866895,-0.00116763218676524,0.00141786996449503,0.000758578702387071,0.00126557294016802,0.000449992118196356,0.000993431080411989,-0.00069523278770707,0.00181536966861628,-7.60377471738347e-05,-0.000235300764144234,0.000253936106974,-0.00108147889564973,0.00210182285236975,-0.000443592576571035,-0.00213101192127085,-0.000527828269032962,0.00145385963640798,0.00124986714641124,-0.000755272452414432,-0.000272203816224906,0.000932216691631203,-0.00165899178510024,-0.00156247833905835,-0.000541457712943757,-0.000455381841855158,-0.0021032557552841,-0.00386834082310959,-0.00104331295546065,-0.000365034185906567,7.28466330898565e-05,-0.00142831323522843,-0.000639348173384472,-0.000503500755267001,-0.000497084186574094,0.00169260634838608,-0.000361914698085477,-0.00247041776622856,-0.00266069791359318,0.00111298778426198,0.000248258649221489,-0.000752540301542692,7.28279445689778e-06,-0.000268389227849281,-0.00053440748830089,-0.00153432856900853,-0.0019826741068559,0.000876159955583691,0.000821676903053425,-0.00152901555174145,0.000546933252200097,-0.00245772172016961,-0.00430153758820646,-0.0015522776215305,-0.00591503340785925,-0.00298838182418727,0.00019036141413431,-0.00337191103174767,-0.00284864495937212,-0.000461326020043983,-0.00148816911470693,-0.00277179171598918,-0.00108546622566711,-0.0016770163791556,-0.00280921380358295,-0.00316822057843554,-0.00226187435649595
0.0787179896727796,0.108332170819691,-0.104302277507894,-0.0934591186945643,-0.102799158759178,-0.0905433112034855,0.0583537511647473,0.0569498591051819,-0.12370312215303,0.0100025345268999,0.0535798299158825,0.0170986992775423,0.047448989622409,0.0453323830701106,0.0401710908762055,-0.120654793492642,-0.123824234216962,-0.105779573853762,-0.128777665422481,-0.0116162901344345,-0.115272972394752,-0.106752939624534,-0.114172984639115,-0.122356361059236,-0.121198701647094,-0.107076415751618,-0.12605817332799,-0.0823720522290307,-0.107118062939747,-0.106841435019541,-0.108377997939562,-0.103832150075576,-0.0972614252798968,0.000176278699533626,-0.000603106960955418,0.000388825114129112,0.00155095949371392,0.00144168330814952,-0.000363472630267196,-0.000264230076446703,5.61013793878514e-05,0.00165876872499948,-0.000857092844636366,0.0001927919505965,0.000109546503168879,0.000164474442928053,0.00214075206327097,-0.00126763593334056,-0.0025493582449212,0.000233004037475907,-0.00137412721785085,-0.000497995513772056,-0.000424719606751475,0.000119938059864036,0.00149179336457562,-0.00119602182072684,0.000512881704291398,0.00131024467523586,0.000986251181125677,-0.000355511783646159,-0.00486433362903581,-0.000865852201265386,-0.000117102254402027,0.000222854644408083,-0.000902629101096579,-0.00034348486760848,-0.00165737393297786,-0.000410713184281397,0.00157149920694219,-0.00147803012384233,-0.00276560473479779,-0.00345548266040115,0.00116405818111834,4.63713856147271e-06,0.000284662179112419,0.000160847510137389,0.00077757283802696,-0.000734115349395869,-0.00126541189422879,-0.00260057451598038,0.000665787755105375,0.000327290732027965,-0.000115510592822222,0.000315877026378803,0.00154016825397882,-0.00262636357778838,-0.00385570729121298,-0.0044216281352605,-0.00216728196447431,0.00152201592218881,-0.000388019565623069,0.000460465573679344,0.000190816707278414,0.000288379266827967,-0.00207475049000381,-0.00189989106528957,-0.000310810833552027,-0.00189654181102149,-0.00217308246065903,-0.000520956620007846
-0.0768543646481847,-0.104302277507894,0.104907724236557,0.0910205263057012,0.102494555683674,0.0900068338233417,-0.0577633256777955,-0.0552151136036048,0.119230354904024,-0.00986995486228378,-0.0503750423080715,-0.0158572753080499,-0.0462860519915463,-0.0426221222094385,-0.0395844857999781,0.120556876907361,0.120677833650992,0.104648425286171,0.127082147062884,0.00948494771113442,0.113210099237677,0.105793971842416,0.112946903559133,0.118802992550146,0.120306436252182,0.106417869870485,0.122561172923581,0.0811079502898669,0.104438517881857,0.104180772384708,0.105824553529104,0.102719209982283,0.0969628881572747,0.000701623478103681,0.000955191974814439,-0.0017322462389832,-0.00208808745105692,-0.000785693402328658,0.00137693411693593,-0.00052965897456089,0.000452452684947357,-0.00165699526892492,-0.000161672576442998,0.000716978794934266,-0.00104847477836483,-0.000273431531599629,-0.00210076217626635,0.000691371880408965,0.000259179367618382,0.00039943522612396,0.0011529597543091,0.000359795057304939,0.000170370710408756,0.000398393078742913,-0.000875378869941053,0.000816824279059109,-7.23141820498365e-05,-0.001167651895666,-0.000835431664149395,-0.000116910878743881,0.00226419257253632,0.000777413521429168,-0.00117370358956549,-0.00032721707477235,0.000332477528012465,-0.000466379730627059,0.00151340033177888,-0.000440863091169513,-0.000263912835498302,0.00150482170719118,0.00194489089500846,0.00101829189556794,-0.000592342760694981,0.000183659386712198,0.000244084367142228,-0.000142762820888058,-0.000306187541869775,0.00130825869846961,0.0017551105382447,0.00206839497596436,-0.00161648491944727,-0.000596850673235185,-0.000305788758922118,0.000234806607712787,0.000648617841646358,0.00282841057847482,0.00213698421367493,0.0039461797656279,0.00269597759739657,0.000672167316434467,7.20871067788375e-05,0.000827805638105837,0.00154676233079741,-0.000770540010558967,0.00188933017410027,0.00210730418867718,0.000314850278985793,0.00252660865266924,0.00180695867173164,0.00143346728626386
-0.0665076220922826,-0.0934591186945643,0.0910205263057012,0.084913089485014,0.0897369854891293,0.0807750877367119,-0.0510888464399787,-0.0488193972443523,0.108784450329385,-0.00832061171178535,-0.0465334140853731,-0.0145863222918358,-0.0418578658411047,-0.0398103158557624,-0.0342273621332428,0.107057436495919,0.110195975042163,0.0920437389039217,0.113885651970265,0.00945073729896046,0.101688647997612,0.0934835732296039,0.10093206880037,0.10637302960696,0.107290992802807,0.095546479832671,0.108980998319568,0.0711252964268707,0.0930797021889206,0.0930549569408867,0.095398941689934,0.0910075160456029,0.0847650176138954,0.00106859125093512,0.0011075305408658,-0.000496417154853731,-0.00139505000862764,-0.00016735656428465,0.000171930586233083,-0.000137037317162415,-0.000151918744430675,-0.000679168997549583,0.000896649016659388,0.000538548864429842,-0.000588327496796434,0.00255782550911973,-0.00206905488437865,0.000366537184885799,0.00219486415010176,-0.000344226593358784,0.00187990633258952,0.000619873016550343,-9.45715550333934e-06,-0.00157524726216245,-0.00182333485825307,-0.00047250625392188,0.000511301727490905,-0.00117190522361466,-0.00146535122796283,-0.00014829903049511,0.00270415620594969,0.000525573764164532,-0.000658661278087801,-0.00127808630373453,0.00104288762795534,0.000442576341697259,0.00268159330661222,0.00105940845726272,-0.00119236988493401,0.00231997541905357,0.0029170693641242,0.00123714485134608,-0.000885453338043449,-0.000486289979406093,-0.00114586308591025,-0.000452079172224863,-0.000759451933860752,0.00198634664967584,0.00126104381868708,0.00303638464800995,-0.000899979708445696,0.000654722695209829,-0.00136204256691983,0.000934002652137889,-0.00258017456671636,0.000315896116885224,0.00196472159614783,0.00371741914334056,0.00155657033750101,0.00022377544769998,-0.00149004418392271,0.00136625408303671,-0.00033689515305586,-0.00199383719443931,0.000483422112904228,0.00346859073907418,0.000161831946257639,0.00162105787129379,0.000196428730786538,0.000298212494512086
-0.0740753325632402,-0.102799158759178,0.102494555683674,0.0897369854891293,0.102939674740425,0.0894212696420688,-0.0569411908451731,-0.0544718451870334,0.119440045150779,-0.00994553652890794,-0.0508478958351321,-0.0167897388921054,-0.046722654502553,-0.0434848720579863,-0.0393290088450395,0.117401460048832,0.118585936312598,0.103427475704706,0.125420190021923,0.0102396772182533,0.111264507200222,0.10309928803969,0.111813189836909,0.118091179114963,0.118434855008587,0.103867443565292,0.119593925009555,0.0804438731050535,0.102672712427052,0.102132148475685,0.105632254712907,0.100536401753472,0.0954920134227469,-0.000690157638252496,0.000814461912806118,-0.00158479388535251,-0.00146311279239245,-0.00226256136431024,-0.000497256836599245,-0.00124142626305343,0.000143651862746554,0.000285928850210507,-0.000877610977186745,0.000253303429198414,-0.000796758841397862,0.000633723385551948,-0.00235016206072852,0.00089695907659858,0.00131991828234081,-4.1049830114024e-05,0.00271464577229586,0.00130417602839234,-0.000195948784269028,-1.46853666468255e-05,0.000776358351909711,0.000936952819625766,0.000213656059715303,-0.00124014460559878,0.000521252726039998,-0.000265948369684613,0.002352498246504,0.00196764779257773,-0.000312187613240946,-0.000171835003029639,0.00128730438071285,0.000111394399919492,0.000824595401740437,-0.000610995944982609,0.000955503722901419,0.00157470302399559,0.00187221441754499,0.000864103648415599,-0.000983867655601997,-0.000373140425313995,-0.000406182233363418,0.000240513719856102,-0.00132248022724389,0.00109372806085371,0.00186796934391389,0.00183068531498788,-0.00188657372387084,-0.000722562133448667,0.00023951579941865,0.000209632307170026,-0.000159038928010053,0.00244687859620317,0.00188402745236505,0.00262131658798958,0.00275624269996927,0.00124391894092135,-0.00181331682992053,-0.00089385909258088,0.000895290521713056,-0.00173318589031265,0.00248480997613064,0.00147194215052269,-0.000599873197466781,0.00114837197869621,0.00143983265368646,-7.88774455600684e-05
-0.0656667336095748,-0.0905433112034855,0.0900068338233417,0.0807750877367119,0.0894212696420688,0.08231540926164,-0.0497192184152279,-0.0483733017329857,0.106506673205865,-0.00741139774497811,-0.0454377812413173,-0.0152978677300359,-0.041804240812693,-0.0386587966426032,-0.0349704680500862,0.104905900206727,0.10707361049245,0.090574389056393,0.112837984075465,0.00920952469271615,0.0982812587854233,0.0915075016776378,0.100439216991446,0.103916178368755,0.10708552553296,0.0935393826375806,0.108281423955055,0.0711053145844117,0.0906494554609927,0.0921070047939738,0.0941683525300745,0.0903912577461788,0.0848731555541682,-5.84471347792347e-05,-0.000941214081133354,-0.00120290086978954,-0.00159883227715654,-0.000136048359300095,-0.000730237768334824,-0.00146137130651197,-1.38123089861883e-05,-0.000635489840044126,-0.00133795621423391,-0.000234666289759503,-0.000734294229904708,-3.18939388401488e-05,-0.00177046664527141,0.000831791974623741,-2.37903988960353e-05,0.00085830875777966,0.000818918662308706,-0.000953879925273118,0.000377052979147724,0.000420342908687311,-0.00150507015429344,0.00116377883565732,0.00154607302681478,-0.000713182804951778,0.000117408940194573,-0.000942240476890362,0.00111525739537213,0.000587523512467007,-0.000267794295438892,0.000313854945057818,0.000726672931898141,4.8503241183548e-05,0.00165412408025254,0.00141003070903935,-0.00217690887282207,0.00268764659757204,0.00240874104917422,0.000559562770676339,-0.00104640371766335,-0.000834270282400435,-0.000919948074182015,-0.000514006312393938,-0.00123868301972561,0.000392091634076836,0.00153368105550078,0.00185568270632825,-0.00117607737301608,0.000565703824578469,1.81103578877542e-05,0.00230912223747836,-0.0010342388720018,0.00184187729026587,0.000972784917813466,0.00319895653634597,0.00240832733262404,0.00187564949794982,-0.00169808016459111,0.00135292773495104,0.00149045716225934,-0.00160204373111945,0.00186577305117769,0.00255347441959086,-0.000713581171201776,-0.000645487901874364,0.00109300578359062,-0.000961174693329227
0.0420768828291078,0.0583537511647473,-0.0577633256777955,-0.0510888464399787,-0.0569411908451731,-0.0497192184152279,0.0330672333945801,0.0311401610420451,-0.0661700647493077,0.00570810324376539,0.0276387591205147,0.00961277133046055,0.0261497774172734,0.0240418841643132,0.0221036420695089,-0.065903241220317,-0.0672305790557006,-0.0565989014853595,-0.0696150513508138,-0.00512428666090377,-0.0625090544125966,-0.0582596532747259,-0.0619221427066783,-0.0656017088404072,-0.0656246467188671,-0.0585140919989253,-0.0670915075467722,-0.0448448740445347,-0.0581583564579524,-0.0573647648450257,-0.0582113911475299,-0.0559473018613729,-0.0528740398594664,-0.000444855843451089,-0.00124602641498265,0.000602744328274871,0.00105099694385132,0.00098191325234577,-0.000591298385651973,-0.000551356907394909,-0.000255428801089663,0.000926084567348241,-0.000570470702096268,-0.00107174862580165,0.000445690475028711,-0.000516397446429143,0.00115384062889955,-0.000339784958383019,-0.00125918886446528,-0.000946356527658854,-0.00132383345799448,-0.00054291382367659,-9.95346744020248e-05,-0.000506640954498924,-0.000194373436208997,-0.000979705171740187,-0.000838039706510532,0.00131165797952046,0.000447174431953891,-0.000217075304514705,-0.00121853004914888,-0.00172891289419175,-0.000430936660613357,-0.0001542624296489,-0.000808653759545146,-0.00106006322739121,-0.00048413961605441,0.00136033414138025,0.000537355656801287,-0.00100784177348342,-0.000296163965752547,-0.00153685527322339,0.000270294781484248,-0.00111936723867742,-0.000120713187808712,-0.000430924040433527,-0.000425137599267092,0.000192595131296422,-6.96394901084729e-05,-0.00102548269567449,0.00104109307256125,0.00130502127700869,-0.000710915986512577,0.00080054631231036,0.000317211597029907,-0.000641461597758659,-0.000432477711939062,-0.00200242985955222,-0.000968837516370378,0.000850289130879572,0.000431082214926653,0.000897048742713414,0.000594228458056301,0.00129986034889635,0.000372576924336919,-0.000461736703824829,-8.0641861793473e-05,-6.62650390336022e-05,4.30018322507549e-05,-0.000313190334397105
0.0412467957543311,0.0569498591051819,-0.0552151136036048,-0.0488193972443523,-0.0544718451870334,-0.0483733017329857,0.0311401610420451,0.031795111973209,-0.0641906325689881,0.00591114721274108,0.0266408781710596,0.00867794616704134,0.02527900206789,0.0235005859657072,0.0218527331140963,-0.0627944417537609,-0.0661607477038235,-0.0550294544034754,-0.0680374706640323,-0.00564424770337366,-0.0599131815933397,-0.0557435502552543,-0.0600103230666245,-0.064130763457299,-0.0628157350161058,-0.0555578309387125,-0.0668361294292993,-0.043592824751913,-0.0546937582232266,-0.0549290895531049,-0.0558961588423253,-0.0547904199570987,-0.0516371074298417,0.00053789217962911,-0.000218972199081503,-0.000381386904480457,-0.000392285649983045,0.00169038989015687,0.000456783502123808,-0.000177438556060352,0.000331979484641474,0.000213138313427454,0.000358962402594047,0.000155939950182144,0.00102116615576617,0.000692675932758606,0.00165114248349451,-0.000512378362509661,-0.000293589513325439,-0.000494965992378232,-0.00026952123995174,-0.000562997679331111,-0.000100760198446074,-0.000246988345578256,0.00146302157572412,-0.00147716652293105,0.00160420317008206,0.000123808577894575,0.000437445226168872,-0.000172927902549774,-0.00151224716395404,-0.000971058342178464,-0.00114839638657763,-0.000694373367457121,-0.000928272116816322,-0.000387100266253869,0.000254132802695257,0.000438433784551116,0.00162048973377363,-0.00148453913697169,-0.00136754520768957,-0.00226863390875354,6.19498263665073e-05,-0.000434734835284364,-0.000615546643160169,0.000322275592249021,-0.000625039822126048,0.000456079064731746,-0.000192993033722519,-0.00112723692768075,0.00103784079146107,0.00133339144670473,-0.000652124136867014,0.000407336578742741,0.000555058031255722,-0.00130112639262985,-0.000961929726274134,-0.00192079691391057,-0.00141133114490321,0.000698637250774424,0.00012682481044376,0.00132681047360537,0.000907940668808795,0.00073588746388226,-0.000435404938796841,-0.00130536042499836,0.000501386840476605,-0.000516337764461478,-0.00039403402552453,0.000679442008790981
-0.0892911495545384,-0.12370312215303,0.119230354904024,0.108784450329385,0.119440045150779,0.106506673205865,-0.0661700647493077,-0.0641906325689881,0.147317203883084,-0.0100118356837944,-0.0638881663876676,-0.0207247445055458,-0.0549939783340415,-0.0544424646119264,-0.045312328571064,0.138794414172258,0.145134051821581,0.12523378125214,0.150780154604763,0.0142140484385311,0.134865996805081,0.122170022062923,0.134157271777068,0.142776835583035,0.142802044627018,0.125344813491391,0.144897678610577,0.0943378429426669,0.124184702481318,0.124363408643622,0.127923501307899,0.121317799627954,0.112544194772457,-0.00106645979710359,0.000950042757409982,-0.00212930669931361,-0.00120364505938262,-0.00125487819793759,-0.00104650178970724,-0.00154405979709139,0.000301697810598473,-0.00040197918667495,-0.000214315262904375,-0.000537238455231682,0.000253197219763417,0.00104308807092723,-0.00321830338993068,0.00129605506679054,0.00247092865908191,-0.00121163898577433,0.00156141153106638,4.2621703211587e-05,0.00112280629548843,-0.000766766770796527,-4.27668786597334e-05,0.000587617043217615,0.00109012211659555,0.000136442890880096,0.000990531264051475,0.000792820224824968,0.00412708469839875,0.00124322663309645,0.000461640525387859,-0.000337154847591506,0.00197588569749272,0.000138033358590457,0.00209103784732236,0.00138087810622477,-0.000717089546030239,0.00125640516411643,0.00257701682786297,0.00285476266533051,-0.000992701659257832,-0.00111560208798317,-0.00173892617334996,-0.000151065478386529,-0.0027720976201866,0.000729221754247405,0.000555694085526468,0.00143254700254827,0.000269678643564224,0.000962853726617257,0.000767813715381732,0.00215621380675324,-0.00215408952934027,0.00241487803929326,0.00220215835116471,0.00402153943292052,0.00185728372408361,-0.000227744051073251,-0.00165768918530363,0.000718508356798625,0.000207314121253946,-0.00102266195659653,0.00253911076600425,0.00223886198846573,0.0012192953768406,0.00151687650996518,0.0033873880619028,-0.000353489625681081
0.00709008065760518,0.0100025345268999,-0.00986995486228378,-0.00832061171178535,-0.00994553652890794,-0.00741139774497811,0.00570810324376539,0.00591114721274108,-0.0100118356837944,0.00253201659998716,0.00393902992010366,0.0011655955275205,0.00477907602031702,0.00363139534874241,0.00469608433338873,-0.0111344056240579,-0.0097717216180695,-0.00865008837798236,-0.0106349561513577,-0.000330462822967965,-0.00983320744494991,-0.00968069334688391,-0.00932866749082287,-0.0107039884434995,-0.00874483111224747,-0.0090989498197889,-0.0103453228355632,-0.00755423791175183,-0.00835272074963095,-0.00769212804524924,-0.00953304944586873,-0.00857276032888248,-0.00852434464141602,0.000572184556402738,-0.000414497708540607,-0.000138509315701973,-0.000364383447520132,0.00112665821587252,0.000256618761142425,-3.06291462991844e-05,0.000206113957188173,-0.000576754888411769,1.21099216018709e-05,0.000151574458569985,0.00072692736091179,-0.000705053624715962,0.000633884761256594,9.74836634654396e-05,-0.000886006625320485,0.000253108061497294,-0.000582842517079244,-0.000958165263088167,0.000467043163533749,0.000451124243467595,0.000529982781536335,-0.000458837338290743,0.00126190061178941,-0.000378728428710384,0.000127384531762104,-0.000559003394829739,-0.000226559609823898,-0.00112414896725486,-0.000409935784131773,0.000421792538049214,-0.00104398417276529,0.000187667530871091,0.000650623177415191,0.00131240592007333,3.46484064214381e-05,0.000119105329892846,0.000186774405907522,-0.000705258448160437,-0.000444901140417232,-0.000442716641882976,-0.00110775700005108,-0.000581300610174614,-0.00107807786035321,-0.000487660410068583,2.7540660639439e-05,-0.00117950642950958,-2.16950673110154e-05,-7.99134908413799e-05,-1.74926835249254e-05,0.000180246313221601,0.000170865572364434,-0.000258240558629432,-0.000267532281964115,-0.000220243278212196,-0.000646411124943583,-0.000501333538532107,-0.00031022262877678,0.000739316685133632,0.000118911914304531,-3.8356426954875e-05,-0.000572823897859903,-0.000443564581501576,0.000712512514864876,-0.00101950379028059,0.000613781339573121,1.52263622323281e-05
0.0396497438217027,0.0535798299158825,-0.0503750423080715,-0.0465334140853731,-0.0508478958351321,-0.0454377812413173,0.0276387591205147,0.0266408781710596,-0.0638881663876676,0.00393902992010366,0.0304849706912529,0.00912013387399459,0.0235659151018142,0.0245965580044998,0.0193085767567384,-0.0604521691007205,-0.0606122290289399,-0.0543206360255752,-0.0648906182502175,-0.00758462383986603,-0.0573536108995471,-0.0531714544175518,-0.0580871875984266,-0.0615310125304917,-0.0620876925002342,-0.0537037229314489,-0.0623176063383112,-0.0410583223855897,-0.0543279428308925,-0.0544918622825062,-0.0562886367115526,-0.0520344123232344,-0.0480087016813959,0.00022561071411864,0.00142796366925304,-0.000353405384043847,0.00144168444445362,-0.00076702523381672,-0.000177344904945291,4.43503141878431e-05,0.0023864188579875,0.00180160213690625,-0.00118342421759755,0.00232266343497143,-0.00249965564150228,-0.000465189965009092,-0.000124321756416771,-0.00127728078549985,-0.00115358425552867,0.000676534818048018,0.000341904707300865,0.00142553315999414,-0.000853372514483084,0.000475365625788551,0.00091863398801646,-0.000116702326879078,-0.000620140320639858,-0.000766288865093839,-0.000547183336474383,0.000844896769660507,-0.00227747877949696,0.000141029143962146,0.000338646900888539,0.00113506261737494,-0.000774961815915014,0.000154282676296813,-0.000611513640240953,-0.00166839391257881,0.00023572313781879,7.19210446329255e-05,-0.00204546126867312,-0.0012768193033529,0.0012929540548385,0.0011891059620066,0.00135590569778345,0.000399006174124415,0.00233208864483511,-0.000503323463912386,-0.00128012783210492,6.993221884438e-05,0.000199843037015728,-0.000706979314737054,-3.9747067535094e-06,-0.00028744641612539,0.00101224009928438,-0.00210742161303105,-0.00191233483139044,-0.00336238161809554,-0.000534918368378152,0.000314795896232318,-0.000137120440506345,-0.00104301819797758,-8.4647758435014e-05,-0.000120758649752322,-0.00153102938754028,-0.000920875991489403,0.000522869745499046,-0.000788630030917902,-0.000908942189953868,9.8676378807251e-05
0.0122329136178926,0.0170986992775423,-0.0158572753080499,-0.0145863222918358,-0.0167897388921054,-0.0152978677300359,0.00961277133046055,0.00867794616704134,-0.0207247445055458,0.0011655955275205,0.00912013387399459,0.00516174960205393,0.00869970670093171,0.00841864625618228,0.00750504902906764,-0.0178706493395177,-0.0190168070039133,-0.0155774656857068,-0.0198209074479488,-0.00152867552948798,-0.0178013909477912,-0.0164618536715754,-0.0177287729644812,-0.0187346290976238,-0.0185533946722144,-0.0165858776671145,-0.0193075322786561,-0.0124369057437486,-0.0170151361725497,-0.0166682216001718,-0.0172405274210288,-0.0152334376784261,-0.0140372276054087,6.30914362401832e-05,0.000199533251030591,0.000682015975522313,0.00147320091013244,-0.000719660723099291,0.000425343340402121,0.000131428776041929,-0.000127519560988657,0.000803715160119733,0.000218046554832264,0.000268514888365193,-0.0011041323354416,0.00103727486743857,0.000452579187099623,-0.000726025516515266,-0.000252679680711221,-0.00120120221975891,0.000353470140528817,0.00218255729055606,-0.000669956191330225,-0.000709743664848724,-0.000718391937814249,-0.00102239718341987,-0.00209635004340678,0.00108688647498672,5.50215303309803e-05,-0.000149315949530322,-0.000606871590727598,-0.00155349783257456,-1.30897726112314e-05,0.000860767113251166,-0.000457124509984702,-0.000562143176914707,-0.000876290271209116,-0.000141157076938912,-6.4338717536528e-05,-0.000699194346074477,-0.000157160384943982,-8.19032651277447e-05,0.000990747295114838,0.000513421882786177,0.000938378188846757,-3.03122862192406e-05,0.000657408216050342,-2.79037468362509e-05,0.000417759891863937,-0.00158099810792497,-2.27615110657895e-06,-0.000235250708563445,-0.00122664339809395,-0.00102798843542022,0.000721204007879657,-0.00013313297563712,0.00035620393985367,0.000139779717796422,-0.000820193375800532,5.21291484320664e-05,-0.00028323418429777,-0.000712586265480551,-1.32801036790339e-05,0.00034032138812731,-0.000971685985136465,0.000664033103786097,-0.000368104700369754,0.00137028428416476,-0.00111242630719686,0.000545312654034569
0.0338855625746422,0.047448989622409,-0.0462860519915463,-0.0418578658411047,-0.046722654502553,-0.041804240812693,0.0261497774172734,0.02527900206789,-0.0549939783340415,0.00477907602031702,0.0235659151018142,0.00869970670093171,0.0231653833413723,0.020675832371282,0.0198529411027328,-0.0523284039791294,-0.053938229190525,-0.0459649480370917,-0.0571026975878189,-0.00406844469647587,-0.0503878743112226,-0.0475184808512302,-0.0500512436211721,-0.0529105344308667,-0.0536237386401814,-0.0471185356537915,-0.0547656094680379,-0.03631091490479,-0.0457825570310118,-0.0466826595048993,-0.0479146936819636,-0.0455085575605601,-0.0422279497258717,0.000123580368571135,0.000757370737916609,0.00014787388137418,0.00125718123990135,-0.000140880268128215,-0.000244829865189661,0.000481022797843536,0.000935274839877322,0.000329364938316518,-0.000141362744333467,0.000581033450696506,-0.000712210459233818,-0.000504175520154741,0.00112212793782618,-0.000568361048461538,-0.000230313489755779,-0.000756140799075566,-0.000774320275122868,0.000265669550275864,0.00025660742067728,7.80842775066164e-05,0.00100772648212345,-0.000372360689634124,0.00034765520955987,0.00127128108654065,0.000601297365157774,-0.000281999998346639,-0.000747796635400893,-0.000599186197497216,0.00118176937099127,0.00108802988693516,0.000159496970946217,0.000391869372157676,-0.000541981038077749,-2.89950467664701e-05,0.001139658033418,-0.0016474484292885,-0.000697972020794545,-0.000336255564953851,0.000886129747103628,0.000311320895170062,7.24338284385493e-06,-0.000152771953157342,0.000550564782140028,0.000122861441589684,-0.000620966573761164,-0.00256324402930221,0.000198466304664061,-8.18534048370563e-05,9.05619279528583e-05,-0.00135823410493725,0.000900602206779522,-0.000815970932463978,-0.000778127404308054,-0.000806088094943968,-0.00152933166533829,-0.000498903129964123,0.000773900138526075,0.000611310972364357,-0.000276084733930449,0.000704161791670094,-0.00173125182868573,-0.000880495181162728,0.000587310443603888,0.000292614751710479,0.000324096893122786,0.000551690242616779
0.034093823576947,0.0453323830701106,-0.0426221222094385,-0.0398103158557624,-0.0434848720579863,-0.0386587966426032,0.0240418841643132,0.0235005859657072,-0.0544424646119264,0.00363139534874241,0.0245965580044998,0.00841864625618228,0.020675832371282,0.022267083528949,0.0173588699049476,-0.0493845826899965,-0.0527564034441692,-0.0461262433564778,-0.0553650750161825,-0.00586532577340242,-0.0482982727563412,-0.0439280469959611,-0.0486412519410748,-0.0511352823827501,-0.0519058386654411,-0.045033466720738,-0.0522371865448432,-0.0334299996006389,-0.0453819102793246,-0.0440642143184486,-0.046149103835819,-0.0437293988302569,-0.0396403493716025,0.000992691408314087,-0.000344520252637684,6.08204557433045e-05,9.04339679818122e-05,0.000335852476818729,0.00108043830854199,0.000581855499499674,0.000923914198081993,0.000358250985691971,-0.000186300993315348,0.000667001603155764,-0.00104499742365797,-0.00159184813582784,0.00171216764080291,7.39835392186833e-05,-0.000851268875126807,-2.41285270022541e-05,0.000702178487133945,0.00168943762932782,-0.000251427169941372,0.000928521821676197,0.000189560635407691,-0.000157006330010725,-0.000600714679997824,0.000122197501411852,3.0820353785575e-05,-0.000223231291627933,-0.00114337091416742,-0.00108833088811993,-3.66611081447045e-05,0.00166841077055056,-0.00115734592694677,-0.000547695013683975,-0.000284820044162825,-0.00093158423525858,-1.44382789149579e-05,-0.00045512890385386,-0.0015804002089014,-0.00108856466366627,0.00110100934321372,0.000960063524790681,0.000812127580899787,0.000244140890198696,0.0013017090904199,0.000101834976490051,-0.000771910889404541,-0.000913211278830175,0.0007715329289815,0.000465445473206963,-0.00121068398511758,0.000267016863453369,-0.000200949030680411,-0.00139668874954191,-0.000127794022631261,-0.0021556074450436,-0.0012490878814279,0.000310397582486717,-5.01358290140966e-05,-0.000683098927446227,0.00170684810402505,0.000610095389612886,-0.00127821408871237,-0.000525503692843034,-0.000552938490314767,-0.000258289489944453,-0.0011853681641114,0.000125409066612096
0.0303399536521741,0.0401710908762055,-0.0395844857999781,-0.0342273621332428,-0.0393290088450395,-0.0349704680500862,0.0221036420695089,0.0218527331140963,-0.045312328571064,0.00469608433338873,0.0193085767567384,0.00750504902906764,0.0198529411027328,0.0173588699049476,0.0182134516575373,-0.0438848936241552,-0.0442614759774722,-0.0383532197164833,-0.0475817987621609,-0.00277175286664118,-0.0416597626944046,-0.0402812696004922,-0.0414389692155946,-0.0435248160691331,-0.0442373697903222,-0.0391781220165643,-0.0463006869030816,-0.0303950815328405,-0.0379946894684456,-0.0383002044480645,-0.0397101436979115,-0.0382205438962033,-0.0352321927968782,0.000517427066113629,0.000737915052900382,0.000297081139078373,0.00117019730894203,-0.000115705308166925,-0.00029617619593484,0.000592956077005589,0.000799040797246504,0.000802107723833537,0.000200203862999939,0.000771601422409929,-0.000474585108019812,0.000255266485766875,0.00134960878889882,-0.000459216285399808,0.000305056917220362,-0.00118164536431106,0.00060896235365809,0.00120014215984645,0.000213456702038127,-0.000235521148236473,0.00142132260277621,-0.000980071727917374,0.000644314043053896,0.000861157113458041,0.000708893911318679,-0.000876185318397643,-0.000391393350261641,-0.000878188784644124,0.0011683306890055,0.00133694023092438,8.08277821530261e-05,0.00075568018193351,-0.000306984098823192,0.000194366639442296,0.0012897339292657,-0.00152843550914104,-0.000691871902075306,-0.000292532181090309,0.000887458863069999,0.000378065875349412,-0.000786965815412269,-0.000156615255053682,-0.00021675111023101,-0.000173006481724578,-0.000777210956229581,-0.00337660987951348,9.9526631984966e-05,-0.000299154093940573,-0.000494810030038208,-0.00169089876149084,-0.000380775227887655,-0.00170641852945739,-0.000699619312784608,-0.00111395961280556,-0.00255333033199968,-0.00118442527839536,-0.000960894577493296,-0.00041396530156158,-0.000961751949780397,-0.000518740060911606,-0.00277318106682204,-0.000770871659285003,8.61642175832681e-05,-0.000551165585291427,-0.000514102873029425,-0.00022548148252723
-0.0887876315212715,-0.120654793492642,0.120556876907361,0.107057436495919,0.117401460048832,0.104905900206727,-0.065903241220317,-0.0627944417537609,0.138794414172258,-0.0111344056240579,-0.0604521691007205,-0.0178706493395177,-0.0523284039791294,-0.0493845826899965,-0.0438848936241552,0.144754718116409,0.139563551476902,0.121165218281385,0.148593775213365,0.0125863623341984,0.131579221383204,0.123144836898905,0.132863628301344,0.139224827760251,0.139947960879049,0.125938910010718,0.143566079701705,0.0942202215884619,0.122081251307947,0.12138866260203,0.125142246866108,0.119224472239442,0.113306018990648,0.00100180551357665,0.000331062505022905,-0.0024339815839481,-0.00269266755547085,4.51361272653538e-05,7.00439073207297e-05,-0.00121653741150415,0.00141980695260912,-0.0015374284055097,-0.000712954930286007,0.00053990933375005,-0.00189521327281145,0.00108666411245743,-0.0017712636768354,0.0005652522779064,0.00230869288872603,-0.000910894892008682,0.00199163674341609,-0.000577325790403215,0.00093294599397005,-3.77396913688974e-05,-0.00222915710116784,0.00118398979316393,0.00213195717109017,0.000432731403886732,-0.000795720958127987,-0.00143341952637233,0.00461627937996363,0.00133871205151406,-0.000396479392034603,-0.000804130229924495,0.0028882080465294,-7.82781076547644e-05,0.00137909364670679,-0.000162858459059519,-0.00144559644025414,-0.000761095220282531,0.00240192817065986,0.00234505800607166,0.000375012146645414,0.000113974155742706,0.000133940967760613,0.000316455158310355,4.03612509697465e-05,0.00181598929306531,0.00152678251617122,0.000879353902889708,-0.00143179562916502,0.000550298460400563,-0.00120463169778361,-0.0011033029495672,-0.00104311372498233,0.00286766475417978,0.00207025892102837,0.00612590753909835,0.00062477357101769,5.73703641119931e-05,0.000128933594784441,0.00250842397542799,0.000699105810778061,-0.00216646129371287,0.000783098101038843,0.00290918994119722,-0.00212422642996965,0.0021478940708378,0.00119417057494344,3.96568961265449e-05
-0.0890878219984174,-0.123824234216962,0.120677833650992,0.110195975042163,0.118585936312598,0.10707361049245,-0.0672305790557006,-0.0661607477038235,0.145134051821581,-0.0097717216180695,-0.0606122290289399,-0.0190168070039133,-0.053938229190525,-0.0527564034441692,-0.0442614759774722,0.139563551476902,0.149571204212983,0.124364731015177,0.15220289219401,0.0132046586354027,0.135236698286208,0.122485663057011,0.134894869718097,0.14219366144412,0.14372476092741,0.124922266159614,0.14673605958618,0.0941224747557705,0.123585334010721,0.123825728005121,0.125174152271966,0.122013050364215,0.113567734745246,0.000729486227978353,0.00216447095319804,-0.000696609853764512,-0.000878948548267541,-0.0012319828356286,-0.000578593151803332,-0.000258835081646037,-0.000173358489398113,-0.00134498193075618,-0.000201588805002436,0.000815686252148149,-0.00161549660379517,-0.000573818051189632,-0.00343404030207534,0.000916479528283059,6.11041711386004e-05,-9.78812256326695e-05,0.000460071129868606,-0.000123185790796718,0.000948903859485015,-0.000845299381222534,-0.00164805857575074,-0.000166227135943302,-0.000486152952998312,-0.000744745742155076,-0.00146463440491677,0.000109823126474221,0.00331815452059404,-0.00064285529464888,0.000203530718572786,5.80959245460822e-05,0.000202188181540128,0.000259990508654979,0.00231382296636273,0.00163007872923799,-0.00132068082372832,0.00246358657611254,0.00351218390088937,0.00292834834505145,-0.000446074139078974,-7.85393119889249e-05,-0.00117527589932559,-0.00138367113021544,-0.00118454869950893,0.00110630119284473,0.000721364199987461,0.00148406613985092,-0.00126925325467673,-0.000766766127127849,-9.81957828413583e-07,0.00108553073538431,-0.00189736091754506,0.00152548625310015,0.00162933445930575,0.00428592389569549,0.00217489707298647,-0.00110134507464172,-0.00213701272353001,0.00110503096254207,-0.00109344010222816,-0.00252591026297545,0.000157902226536523,0.00385429762114079,0.00193976221121929,0.00181790499275957,0.00252125510697885,-0.000168732159343288
-0.0785147317759115,-0.105779573853762,0.104648425286171,0.0920437389039217,0.103427475704706,0.090574389056393,-0.0565989014853595,-0.0550294544034754,0.12523378125214,-0.00865008837798236,-0.0543206360255752,-0.0155774656857068,-0.0459649480370917,-0.0461262433564778,-0.0383532197164833,0.121165218281385,0.124364731015177,0.112072383540651,0.131569893625557,0.0119914481843714,0.116805205681558,0.106756304910962,0.115799258564749,0.123458185821501,0.124187364976942,0.109570641525233,0.125802604793978,0.0814363146456296,0.106682517821778,0.10733714377771,0.108244335638351,0.105988987782133,0.098513118813136,-0.00113800888341173,0.000980585758322498,-0.00221968453903688,0.000235187903156923,-0.000846987883095435,0.000477325042063526,-0.00162205777545358,0.000696678906320921,3.40376783015368e-05,-0.000436746160004179,0.000515552798403173,-0.000193238473100766,0.00171500445554756,-0.00326108858077114,-0.000202642523482926,-8.70217734273893e-05,-0.00182612612675765,0.00140061014350724,0.000663812760844212,0.00106624415787539,2.25959604460868e-05,0.000309987175792811,1.16754663848609e-06,-0.00123466682970997,0.00102994653665953,0.000735856836838779,0.000287036437504043,0.003178274881875,0.000459526714819648,-0.000556930374002282,-0.000270266565696754,0.00162235839067305,-0.000389575571920356,0.000193422833744452,0.000906192385530821,0.000478323825741435,-0.00103154971543221,0.0013875636029875,0.00166831222707884,8.14064279051978e-05,-0.000600761433445279,-0.000432727822759835,-0.000404566424857777,-0.00257399528618051,-0.000655538485923296,0.0017580993662187,-0.001383205639381,-0.000636034751805811,-0.000387883759962292,-4.57266497205877e-05,-0.000721027789265827,0.00127269945254544,0.00378372235070443,0.00207681029187595,0.0036244318598848,0.000929345690294939,-0.00151716087518258,-0.00080270569910151,-0.000402323691393602,-0.000507337032247777,-0.000549609625357927,0.00186182665900627,0.00178890049571239,0.000463291704079101,0.00293281613071633,0.00266437004908561,0.000848550358955188
-0.0943803728830109,-0.128777665422481,0.127082147062884,0.113885651970265,0.125420190021923,0.112837984075465,-0.0696150513508138,-0.0680374706640323,0.150780154604763,-0.0106349561513577,-0.0648906182502175,-0.0198209074479488,-0.0571026975878189,-0.0553650750161825,-0.0475817987621609,0.148593775213365,0.15220289219401,0.131569893625557,0.160247945409982,0.0141042847275579,0.140225762177272,0.12962022030464,0.141480985023051,0.148391394398772,0.151133767211381,0.132088887103485,0.153876016214976,0.0994269205011715,0.128932105117543,0.129744805864379,0.131564157438842,0.127738009356819,0.119661560418405,-0.000498234442889408,0.000486923396310249,-0.00138010365909063,-0.0010613590828097,-0.000836404775549035,-0.00107723226951133,-0.00170958714481857,0.000325634483033878,-0.000343031420312256,-0.0011535942431509,0.000726820967923599,-0.00136628603599708,0.00125675507112511,-0.00340875871059196,0.000307166865955377,0.000336629015182633,-0.000586800561383273,0.00170091971732957,-0.000486043830901526,0.000864853202199259,-0.000110427217146921,-0.00143699891509579,0.000347505046527823,0.000174801523296798,-0.000348166333009555,-0.000699767227874857,-0.00057357353443303,0.00430495400012098,0.00011350713544985,-0.000675887663730927,-0.000484660722529132,0.00139298302718408,0.000162007317845392,0.00122969815735374,0.00197919451364093,-0.0013760031419752,0.000735255130102464,0.00326423157493402,0.00201171298176502,-0.000672251549379425,-0.000747801539326414,-0.000622228877803499,-0.000821456318649616,-0.00193128047974193,0.000463293759319263,0.00278901238791882,0.00110960280926829,-0.00161854535026822,2.29883764354229e-05,-0.000679679729859201,-7.98591320188796e-06,-0.000402916086440277,0.00353916946529964,0.00259751696241782,0.00491421273151995,0.00232120826879892,-0.000565110161361745,-0.00169984497813032,0.000987965264406876,-0.000455477666820922,-0.00224291573410078,0.00212361439539956,0.00360427084723071,-0.000541705454132999,0.00137263490258806,0.00196877603001616,-0.000416598007712694
