0.0611282436521281,0.0789108066028602,-0.0769101490037653,-0.0670430624693422,-0.0744496019955732,-0.0651796033468088,0.0424043466623409,0.0409434217374308,-0.0898782116930948,0.00744224821987058,0.0376616632062093,0.0126482208208764,0.0339143901482274,0.0317731953253716,0.0300602360873724,-0.0890902374825531,-0.0893609302003046,-0.0780179204294022,-0.0939427567805297,-0.0080362883871561,-0.0833085723779111,-0.0776607397266941,-0.0834970940000976,-0.0877430219150673,-0.0890210227321455,-0.0763840537505592,-0.0933319549683391,-0.0593045549851147,-0.0794283392684658,-0.0777012961723731,-0.0795190794431827,-0.0760484217260076,-0.0710904627346633,0.000622997624565728,-0.00199631154776034,0.00104141982843903,0.00026482122867839,0.00119938070519139,0.00053783525551249,0.00078556349999072,-0.00088634997123966,0.0019459507859302,-8.7491212872134e-05,-0.000463994286562634,0.000625055195520226,-0.000163637605336625,0.00225233677129819,-0.000756545022409803,-0.00242246069533237,0.000191389482217017,0.000887615715257066,0.00135366512711959,-0.000855423037853997,-2.6696062953362e-05,0.000479857994986678,-0.00104999314690818,0.000260367294213573,-0.000511256411617721,-0.000285902226654359,-0.00234434804204466,-0.00426083981922481,0.000715108115164841,-7.68379816123864e-06,0.000843634162346636,-0.00127037441367676,-0.000112665086852792,-0.000772072700970679,-0.00132584099965886,0.000883296212881524,-0.000789383107269541,-0.00157328159956999,-0.0029682775887155,0.000538837082806157,-0.00029690844554005,-0.000836432263046123,0.000556087786532784,-0.000167035082370705,-0.00129638574550748,-0.000648682133670193,-0.00247417701940114,-7.81524120904672e-05,-2.55665365513102e-05,8.82969693033738e-05,-0.00112998989660084,-0.000564614598985056,-0.00371091576487842,-0.00146473733175801,-0.00446440560654407,-0.00327718219454839,0.00073858057044448,-0.00174780725217217,-0.0018595324951242,-0.000594463643492088,-0.00159436470525341,-0.00291955367364292,-0.000921916082666389,-0.00220610910747428,-0.00289282150632182,-0.00333100162186027,-0.00187682744043612
0.0789108066028602,0.108197624900921,-0.104359991229954,-0.0932276098602091,-0.103094367377013,-0.0905707334157057,0.0583886146910416,0.0568735761323264,-0.123549404103629,0.0100159289581577,0.0541628323732186,0.0171536942007004,0.0474296100131667,0.0450670897247525,0.0401888281496543,-0.120752959597429,-0.123392164735614,-0.105849523242925,-0.129371763566617,-0.0117953806241512,-0.115016735750376,-0.106921968894838,-0.114323637486151,-0.122210786974223,-0.121264571692321,-0.107671380941287,-0.127033437840028,-0.0822418833071762,-0.107276369824302,-0.108207922659712,-0.108503718861965,-0.103804447163032,-0.0975299586056971,0.000271929250205901,-0.000499846729440567,0.000532887276822317,0.000706310751598701,0.00159077391576529,-0.000261757728601252,8.84316226318003e-05,0.00020769524017359,0.00163562774101778,-0.000808618141124164,0.000339179581881149,-4.15785712380635e-05,-3.55053463232078e-05,0.00201738803854324,-0.00123116347569977,-0.00261275774115993,0.000563482142926601,-0.00129634253320001,-0.000412280944140852,-0.000331631305516689,0.000150386210648835,0.001303077152586,-0.00137934223793668,0.000608032119111694,0.000373448856418442,4.55953627645371e-05,-9.88760455116643e-05,-0.00464885787215558,-0.000256824581535581,-0.000219735867051758,0.000246156112910656,-0.00108646885831937,-0.000500391535772698,-0.00150195545236684,-0.00211990871477919,0.00127570102449317,-0.00164384339671519,-0.00294538153375412,-0.00265401285123768,0.00134648417378484,0.000149117159412696,0.00106594568060976,0.00108342540921945,0.00193802771229285,-0.000737163447507487,-0.00148626569056548,-0.00142539357705305,0.00111911559593573,0.000667954023180444,0.000627142567774288,0.000105689872950008,0.00104449014867825,-0.00338808763516246,-0.00370170418526183,-0.00483165070304591,-0.00195719915778364,0.00189076537641573,-0.000643125974066359,9.8121669148149e-06,0.000279121407077921,-0.000564789955648686,-0.00228008363593646,-0.00170732243559379,-0.000187038068840918,-0.00181992737138875,-0.0025675580792322,-0.000883465567951941
-0.0769101490037653,-0.104359991229954,0.104709617033174,0.0912194067288786,0.102248255015431,0.0900865471242976,-0.0576605367008256,-0.0550025803504866,0.11951893680023,-0.00970198490887858,-0.0506858304875425,-0.0159820023328595,-0.0465088243517668,-0.0425047499201021,-0.0397368777714456,0.120310251278809,0.120668871347268,0.104886608619404,0.12695950153862,0.00949565459210809,0.114024444985616,0.105865637966663,0.11271490044857,0.118745019180076,0.120524369994025,0.107633139328664,0.123847245785241,0.0796000919012467,0.104496450658369,0.105458925707972,0.105629737193339,0.102739260078333,0.0958288722099276,0.000538472173517699,0.000895666678619521,-0.00248251591859108,-0.002093319488046,-0.000519220913482516,0.00153946363570075,-0.000572760872116257,0.000610428860470746,-0.00169100295151738,1.08028769062862e-05,0.000977330745186244,-0.00095137309266761,0.000141530514444916,-0.00229881178109637,0.000387844662033758,0.000284219992170312,-0.00016776317861911,0.00128068485843374,0.000193374683860431,0.000132597291424393,0.000445242106016931,-0.000945206247076731,0.000526353083837399,0.000303845224964997,-0.00120707549454096,-0.00150468482350594,-7.01867657943475e-05,0.00226027818782053,9.91651764913945e-05,-0.00142126364579739,-0.000534394077189384,0.000207106729193499,-0.000423643820324454,0.00169901410682703,0.000880866436160348,-0.000618269046986767,0.000974957626993692,0.00173388323786119,0.00118316867817408,-0.000662040678646192,0.000232405732063128,-0.000486031439553959,-0.000659926113122397,-0.000882395461099632,0.00097129960420896,0.0019848292069874,0.00198937609704342,-0.00124386664848175,-0.000151172972139907,-0.00117205588838931,0.000461051034460718,-0.000269301671181074,0.00240591502081737,0.00250795434725002,0.00379936857811818,0.00134339104451627,-0.0013460015073968,0.00082655982037631,0.00160531954260194,0.00145411105481261,-0.000236986773177814,0.00146188676439832,0.00215630818547999,0.000952711149725772,0.00231106766494661,0.00267973115764108,0.00171176445131827
-0.0670430624693422,-0.0932276098602091,0.0912194067288786,0.0842666764035029,0.0901014274114776,0.0808004087728545,-0.0510048480352315,-0.0489907883489555,0.108382160739657,-0.00840602529991846,-0.0469300693143703,-0.014433946482712,-0.0416241729309733,-0.0397504624292627,-0.0342301085362581,0.107345802874236,0.109556651526062,0.092382747810427,0.113917426952959,0.00973233836291647,0.101119320005912,0.0932229033856659,0.101207588806579,0.106351492638276,0.107046167415385,0.0968067727509921,0.109446896447626,0.0723414299357595,0.0930067356766593,0.0938022974036603,0.0955333354230558,0.0913936041252432,0.0867610286102815,0.00101053816272841,0.000591848682771752,-0.00149531604136636,0.000290038319483115,-0.000306027895437073,0.000221190096340709,-0.000914961969751551,-0.000164274058322152,-0.000439076969007624,0.000631994421025955,-3.11378430601465e-05,-0.000236960845881184,0.00271854902679049,-0.00182453482144005,0.000448911882991649,0.00205776456032195,-0.000566260445584577,0.00149436034855601,0.000727772465071214,3.0642379402174e-05,-0.00150611085745037,-0.00175965347641971,0.00126588134572901,0.00038541825115046,9.52576620240753e-05,0.000785193500986343,-0.000533553752628426,0.00233028817220901,0.00162079561305072,-0.000169609138395759,-0.000884059795918892,0.00170667263610999,0.00065090730964503,0.00240657728408715,0.00148220142392969,-0.000816331216271814,0.00355364900424066,0.00354622569081301,0.000290117895240968,-0.00114298127155983,-0.00112340556152639,-0.00177108124496864,-0.00111572833186024,-0.0014228891569514,0.00195272362429953,0.0013387422426423,0.00103129457543594,-0.00190874693140469,-0.0002838663270723,-5.54246621239279e-05,0.000270761931624801,0.000198901204246027,0.00187223161286118,0.00147467217737326,0.00479140969768277,0.00201819190728013,0.00190205507560558,0.000461779092434909,0.00166180050172558,-0.000333680001276879,0.000140788762819757,0.00134009802421797,0.00320213376036736,0.000372915661614297,0.0019112494168667,0.00250369219712401,0.00147701505414576
-0.0744496019955732,-0.103094367377013,0.102248255015431,0.0901014274114776,0.101656931284589,0.0897254272975515,-0.0565624288371641,-0.0549505177533524,0.119479807000878,-0.00961710948343415,-0.051716595200004,-0.0162761337521544,-0.0467779874262423,-0.043866437121568,-0.039496519324679,0.116844556328252,0.119799776478709,0.103582501340886,0.125926400029414,0.010044474976395,0.112701983692491,0.103739520578304,0.111454248225804,0.117970794054933,0.118880589852269,0.106378683887233,0.122043754899147,0.0784529891246051,0.102091063118092,0.104266871156138,0.10482192679434,0.10128065035871,0.0941856081572914,-0.000652791580251616,0.000510776092624946,-0.00277466176490792,-0.00176063373916571,-0.001824122765043,-0.00012195000099489,-0.00126811104954635,0.000454974310779844,0.000302612874109751,-0.000713603535779015,0.000582426218991408,-0.00101619604518097,0.000721957061172255,-0.00264086118098529,0.000758306391016071,0.000884905891458391,-0.000560159770147002,0.00254815054435651,0.001650343264865,2.51124015178158e-05,0.000278507766582806,-0.000212316935796028,0.000630177737625621,0.00123639199498843,-0.00140307472597895,-0.000735317932969923,0.000393636196112203,0.00278850917594246,0.00107596730875888,-0.000400558502884534,0.000484794896836644,0.000771789189913782,1.22820325318054e-05,0.00110417260771263,0.00109703868012605,-0.000683240030624856,0.000406335524145726,0.00196730932811287,0.00133277971938764,-0.000831140055769211,-0.000290084712776041,-0.00114675693447607,-0.000293124304581373,-0.00191189846313701,0.000472686625419746,0.00188531199933362,0.00158044388867105,-0.00111757503168108,-0.00022913022929705,-0.000413462241339789,0.000150454885353785,-0.000624440738084051,0.00230492899582569,0.0024991475096385,0.00303793102255924,0.000963841810287145,-0.00165911805773129,-1.48592692773794e-05,0.00075894453501051,0.00105859082800123,-0.000755335392106078,0.00196456228721914,0.00226060737658279,0.000568375186788812,0.00130175367404488,0.00300041271260568,0.000679863371315175
-0.0651796033468088,-0.0905707334157057,0.0900865471242976,0.0808004087728545,0.0897254272975515,0.0820209288403388,-0.0497650566371198,-0.0482348117588648,0.106763013021587,-0.0076628194247901,-0.0457717776295595,-0.0154517920082978,-0.0417396725067703,-0.0387129121818698,-0.0348469376263024,0.105296265966243,0.106871057274749,0.0906599875418139,0.112165969916239,0.00904936025894741,0.0994924419538627,0.091366002375431,0.100385737000168,0.104474511746038,0.106417985287701,0.0951588598364967,0.108557384053962,0.070380323484884,0.0905255834260101,0.09223775104856,0.094441395753774,0.0901214419010773,0.0847962624751003,6.75116144763159e-05,-0.000833702747797731,-0.00289384081740172,-0.0022550892513148,2.59696180480217e-05,-0.000665857846889752,-0.00173119263976094,0.000204671035685535,-0.000518565912506868,-0.00146432939291736,-0.000380933025595915,-0.00071420001351793,-0.000395957025018821,-0.00181906542352403,0.000987632741206698,1.52907433553399e-05,0.000114097923338395,0.00102245525923357,-0.00099921237872737,0.000536631506959935,0.000360505088702778,-0.00130024434119812,0.00146306328150753,0.00254661124620111,-0.000867599609138336,-0.000337083677640485,-0.000972048519726934,0.00127345793432138,0.00135676079017885,-0.000298909405877842,-2.24940841150978e-05,0.00106972435250614,-0.000208865492525414,0.00169022305674362,0.000819254456614042,-0.00161663214928094,0.00134407176430611,0.00212256052600552,0.00101381594141898,-0.00078127925693247,-0.000903342830922094,-0.001185656686014,-0.000138741602578422,-0.00116456467880847,0.000717322145805793,0.00105038306378461,0.00147872851333286,-0.000962855610529749,0.000772801794477396,0.000709097512417422,0.00163253280097108,-0.000893267262611224,0.00168022846546163,0.000788246151621299,0.0030217760888987,0.00119496022222441,0.00108155338450824,-9.80202266869183e-05,0.00226948078459729,0.00153402651761661,-0.00105137589269187,0.00185019765021284,0.00237444766318372,4.0443749891408e-05,-0.00040730360962132,0.00332393311630087,-0.000475794011732319
0.0424043466623409,0.0583886146910416,-0.0576605367008256,-0.0510048480352315,-0.0565624288371641,-0.0497650566371198,0.0326063932770837,0.0312083485811311,-0.0661394311152128,0.00573438440853406,0.0287033437942642,0.00926405369410986,0.0261382955483019,0.0240289613145276,0.0222278237592166,-0.0663522213151123,-0.0670458913416465,-0.0573226470913277,-0.0701561212693457,-0.00524509676524023,-0.0628887966404589,-0.0588409894657354,-0.0618415715269327,-0.0658769125572935,-0.0655610728702905,-0.0600875571154002,-0.0689073173242483,-0.0443225473703707,-0.0575246152702929,-0.0587576584540947,-0.0578398455959358,-0.0562404563295644,-0.0530201551612613,-0.00026582741099473,-0.000606768569558863,0.00138342199768556,0.000270787442075683,0.000480333791836703,-0.000676462487190589,8.57841281366833e-05,-0.00029939430835818,0.000607581890134839,-0.000466545951299033,-0.000913740713427641,0.000261821912172143,-0.000887685876211515,0.0012671932326353,-0.000202035221746613,-0.000895736290564826,-8.02941982418174e-05,-0.00140749909753421,-0.000497974922751313,-0.000405330165862737,-0.000739842847563478,0.000331204234614121,-0.00142795101051286,-0.000607799683299786,-6.32276750821267e-05,-0.000109177116302607,-0.000224280172185443,-0.00177583906716088,-0.00137990335637493,-0.000345129030031606,-0.000134648107485701,-0.00120387625073254,-0.000974654047266386,-0.000174748209191377,-4.45658217638394e-05,0.00102899374483791,-0.000282942959115335,-0.000373752957257274,-0.00135118891816368,0.000114281951318263,-0.000821797152042557,0.000419230397670079,0.000327972387319696,0.000361369261237907,0.000582696718044093,-0.000350832337487703,0.000242014870094602,0.000893990111372339,0.00105810322349875,-1.18515873595083e-06,0.00118906843286086,2.16295168760027e-05,-0.00140063364670251,-0.000766186547828351,-0.00252089505294281,0.000363632501900333,0.00210631631032713,-0.000978774853777633,0.000172267965764117,0.000806780852239287,0.000203857190116635,0.000300566532650424,-0.000825190070820293,0.000354498368883001,-0.000261694391976465,-0.000889191546723781,-0.00049122289459568
0.0409434217374308,0.0568735761323264,-0.0550025803504866,-0.0489907883489555,-0.0549505177533524,-0.0482348117588648,0.0312083485811311,0.030980669203,-0.0648344545943249,0.00587277410190432,0.0286113137586149,0.00933865847267155,0.0256804689327763,0.0244782065199367,0.0220098269023177,-0.0627980595621717,-0.0652416288036375,-0.0554289376447323,-0.0682918081236445,-0.00575111548545392,-0.0606070422578467,-0.0559514470554798,-0.0597680381382964,-0.0642643465656593,-0.0627562170245206,-0.057812729772573,-0.0673060720151565,-0.0424873047956587,-0.0551800558985797,-0.0563862125731033,-0.0561432133399186,-0.0542196895138973,-0.0508221101313686,0.00086015442528153,-0.000349897214066038,0.000830971715877032,-6.10151567361985e-05,0.00140089459921973,0.000373442322439345,0.000227442487599653,0.000166784954887171,0.000262666088113214,0.000154837220821808,-0.000112346404737683,0.000670514083978254,1.68182837909749e-05,0.00187082492940304,-3.44761450852002e-05,-0.000662242992372059,0.000423898068127715,-0.000718113797438954,3.68065199460281e-05,8.29263919343336e-05,-0.000118816228854166,0.000855768424236334,-0.00125671130849511,0.000270362327833983,0.000258696919903102,0.000547808054093807,0.000195808059004619,-0.00126052715499871,-0.00121461364693367,-0.000683418502616552,0.000300027061899627,-0.0011236622817794,-0.00046218888167224,6.05088293004054e-05,-0.000723823014884262,0.00103739257007644,0.000228091969028293,-0.000771437995596254,-0.00186856716636189,0.000225068359011873,-0.000469377616258274,0.000432897637392223,0.000363262393608891,0.00093457812036537,0.000611945989734353,-0.0005091486309145,-1.74438938693897e-05,0.000731230768689284,0.000685913851632153,-0.000431990788788566,0.00126014071040042,0.000203894794875414,-0.00176025964036929,-0.00124627296461202,-0.00205533553669404,-1.05339020236964e-05,0.00230950465998001,-0.000892055441800329,0.000600171618317736,0.00120210318079527,1.43355363288622e-05,-0.00078779446781825,-0.000808292530691589,0.000398711330356269,-3.32509966484631e-05,-0.0017424171378614,0.000109654083235016
-0.0898782116930948,-0.123549404103629,0.11951893680023,0.108382160739657,0.119479807000878,0.106763013021587,-0.0661394311152128,-0.0648344545943249,0.146150919563268,-0.0101248461549353,-0.0630841792181454,-0.0200038566490403,-0.0545952749873774,-0.0536362572217044,-0.0451516860312163,0.139281593452965,0.145309059685284,0.124749668325149,0.151314612021454,0.0145215676042798,0.13401015879379,0.122128150936606,0.13485855061538,0.142148830555728,0.143467698218195,0.124242288069589,0.145544074657503,0.0951752278881013,0.123914682763477,0.123995560953442,0.1278293172145,0.121443308103962,0.113802437501579,-0.000999747472301884,0.000784256060036551,-0.00163874270155723,-0.000848593087396311,-0.0019787376610281,-0.00184107534540361,-0.00170414672055086,-0.000771532037717006,-0.000402198355580887,-0.000457166589088829,-0.000895149507261742,-7.74896509670083e-05,0.000763364428687661,-0.0026808807057067,0.00175694883304558,0.00224058866576231,-0.000958048625283815,0.0012410029256274,0.0003355646041544,0.00109512843961128,-0.000732654466812334,-0.000403149241044708,0.000826473741008039,0.000630423816688502,0.000533362082960253,0.00133115114633974,0.000708396675921484,0.00453408643959758,0.000600200143798313,0.000827254247580343,0.000328083858829825,0.00177091221086578,0.00033218504629668,0.00116755028535928,0.00138694518344998,-0.000843344968085498,0.00130581448333474,0.00334733187641384,0.00301501292082663,-0.00102293319779968,-0.000945613844711821,-0.0010316009187695,-0.000325662134274559,-0.00227299358555278,0.000995669882096752,0.00112403924534461,0.000992169355152929,-0.000716702496693017,-4.18317383764367e-05,0.000878951870671245,0.00173069252359556,-0.00104438631860276,0.00338301157806637,0.00192207650174379,0.00467442210129627,0.00277528084858997,0.000474089008623935,-0.00165638494446874,0.000775250466060475,7.17804536222213e-05,-0.000965261850377188,0.0028421975281836,0.00270650093955877,0.00103727864501287,0.00156823513001884,0.00343146262664707,-0.000300612986128657
0.00744224821987058,0.0100159289581577,-0.00970198490887858,-0.00840602529991846,-0.00961710948343415,-0.0076628194247901,0.00573438440853406,0.00587277410190432,-0.0101248461549353,0.00218324118135772,0.00496753826826492,0.00128531636297556,0.00497736194221854,0.00432744391347779,0.0048810350225526,-0.0103909002374699,-0.00999662424664455,-0.00862616819779639,-0.0109975862145086,-0.000384505898976203,-0.0100175217713482,-0.00943821182727691,-0.00914612259572424,-0.0102393812199806,-0.00925569528090902,-0.0106008961223149,-0.0114124755154433,-0.00679277643235036,-0.00868525327721298,-0.00944154710021937,-0.00929963368347605,-0.0088810904616044,-0.00814132249237535,0.000698966628129834,-0.000410990985616601,0.000469949879787109,-0.000545330042691604,0.00113288073689238,1.73471684345482e-06,-4.936183981985e-06,2.12477566721779e-05,-0.000404830305095997,-0.000223957164732563,-0.000134554735306334,0.000636677463703151,-0.00115865051630528,0.000749024269552186,0.000414863999569978,-0.000959047941974689,0.000519428568223313,-0.000384861406415836,-0.000956463974577912,0.00068315486139848,0.000417082557374827,0.00057454246339569,-0.000373990218975529,8.50795331615195e-05,0.000428777931424161,0.000364843560401337,-0.000628290336690847,0.000258154002145771,-0.000700889771122478,-0.000389976409246343,0.000175947558880193,-0.000691793423002637,-6.75903613555821e-05,0.000274334642266952,-0.000198195589627725,0.000589193892026635,0.000392429256379579,7.97057795257091e-05,-0.000640448328818035,-9.8416337243699e-05,-0.000441429012335728,-0.000195529068237636,-0.000245855771723251,4.90837513886969e-05,-5.53437962956404e-05,-0.000236982744281037,-0.000290869929494661,-4.89376882097274e-05,-8.05035037521484e-05,-0.000254606444848746,0.00100715503908721,-0.00085775970109859,-0.000827432990550817,-0.000483720070550448,-0.0010312235544822,-0.000220291882322526,0.000761098182389497,-0.00145279592661917,8.34575187091644e-05,4.6850089707053e-05,-0.00119055774374073,-0.000799921398593985,-0.00040920379937826,-0.000406246292206464,-0.000743509046025782,-0.00110181901357373,-0.00114522081735978
0.0376616632062093,0.0541628323732186,-0.0506858304875425,-0.0469300693143703,-0.051716595200004,-0.0457717776295595,0.0287033437942642,0.0286113137586149,-0.0630841792181454,0.00496753826826492,0.0294428451918095,0.00904015582487809,0.0246299075298959,0.0242354706105933,0.0202173826553998,-0.0583638755867675,-0.0617147576253093,-0.052242949531707,-0.0645071998247544,-0.00654255470824775,-0.0573756974253089,-0.0527298327339155,-0.0570292082526551,-0.0615279313375632,-0.0603110554525952,-0.0538344966211228,-0.0622710179003893,-0.0415685360127755,-0.0524612940794955,-0.0547192286441941,-0.0551281647051748,-0.0514253087425344,-0.0483711228132219,0.000254455597948111,0.00116711625820144,-0.00035981346057976,0.000985162619221256,0.000722946747429382,-0.000109917267529192,-0.000416606471063858,0.00263293824010329,0.000750237717258848,-0.00113823533014284,0.00208331736532917,-0.0016474909688879,0.000234368505582932,0.000128781585615453,-0.00173484066734443,-0.00109405721280302,0.000325356466725908,-0.000899731124225431,-0.000870458340500629,-0.000235139540386731,0.000380531348498659,0.00100824324767871,-0.000585806065516476,-0.00023064443385461,0.000355734368280513,-0.000497185746161978,0.000356362444850925,-0.00180881576053099,-0.000465253418062501,-0.000450550326235231,-0.000169162897802613,-0.000292775898211172,-6.73144277935475e-05,-0.000604556667723082,-0.00133861079245483,0.000666254403128896,-0.000873393255083232,-0.00206393967085855,-0.00122400456986881,0.00124071768921421,0.000666716662451558,0.00147635260357371,0.000328705330089747,0.00240429109119589,-0.000483424875752596,-0.000827430558419235,-4.00984892439777e-06,0.000378969766700396,-9.19233120549239e-05,-0.000683254150768564,-0.00033634973208495,0.000697789024929025,-0.00188818330596417,-0.00227444421182825,-0.00260416910378996,-0.00121009340762853,0.000176969366883653,0.000150465832006213,0.000257864243920213,-0.000209849515883742,-0.000537725634917243,-0.00171828410757158,-0.0014806091672822,-9.03515612165318e-05,-0.000446161784264451,-0.00154672759987276,-0.000255283099232737
0.0126482208208764,0.0171536942007004,-0.0159820023328595,-0.014433946482712,-0.0162761337521544,-0.0154517920082978,0.00926405369410986,0.00933865847267155,-0.0200038566490403,0.00128531636297556,0.00904015582487809,0.00432833875678062,0.00836433183835336,0.00773048972050043,0.00741908618863731,-0.0184326529881488,-0.0195237360052224,-0.0156096531260251,-0.0203209329016097,-0.00160639804847895,-0.0173868615347791,-0.0165840198957185,-0.0180351478658989,-0.018689147319096,-0.0187876176235616,-0.0161555490888266,-0.0207558728066741,-0.0128045576742546,-0.0161946032896295,-0.017061654750185,-0.0168303849332191,-0.0156083711524344,-0.0150124808061967,-2.90229572367629e-05,0.000641208227702567,0.000459073020579465,0.000791030620963524,-0.000671383249966292,0.000787482751281883,0.000402621069968166,0.000388819429396128,0.000591434804388139,0.000458510305946581,0.000553963952697555,-0.00082391923186618,0.00133251505481254,0.000250395674213528,-0.00107848064506952,0.000247023399223438,-0.000958376764254943,0.000506660983898911,0.00183638090738986,-0.000984975063094493,-0.0009234533459113,9.29777731489627e-05,-0.00140982652261222,-0.00150764197472211,-0.000168493505354537,-0.000507125168906075,-0.000382670744557072,-0.00146016132198782,-0.000651321237529841,-0.000201164959184438,0.000272492065971329,-0.000443425323620486,-0.000449735869698035,-0.000197322148908055,-0.000801162769929995,0.000610454823969267,-0.000600276192417987,-0.000629786811114325,-0.000475493245208846,0.000691953812964678,0.000502515063741966,0.000657194596098339,0.000554761317489982,0.000426241910267465,-2.12040747870694e-05,0.000203479308735765,-0.000628407632724707,0.000189585646057113,7.01056347225811e-05,-0.000933510393744584,-0.000645197278034979,0.00016302492883886,-0.00100617085731132,0.00028356424118983,-0.000831303418410385,-0.000683233184255308,0.000206143176908985,-0.000968105302086517,-0.00121514504125322,6.37186057394088e-05,-0.000158446091464574,-0.000861498243815092,-9.18240931874075e-05,-9.02852172403324e-05,0.00101205381676761,-0.00144287311968677,0.000571829370115187
0.0339143901482274,0.0474296100131667,-0.0465088243517668,-0.0416241729309733,-0.0467779874262423,-0.0417396725067703,0.0261382955483019,0.0256804689327763,-0.0545952749873774,0.00497736194221854,0.0246299075298959,0.00836433183835336,0.0228496028596151,0.0210350500291325,0.0196833007261852,-0.0526864809598817,-0.0541312192021014,-0.0457997516905803,-0.0571949869215291,-0.00403133905744572,-0.050869223920746,-0.0472064494158668,-0.0502979432857424,-0.0530563677871285,-0.0533436359795902,-0.048788849671332,-0.0558345108366871,-0.0357800616901673,-0.0454590683674689,-0.0478930716078103,-0.0479845721908535,-0.0456644112169,-0.0426785619362125,-8.97783724083517e-05,0.000849673005687387,0.00142183033659651,0.00150689796516046,5.18074332021647e-05,-0.000104115010914093,0.000619415707583329,0.00108085900287416,0.000207918398474721,0.000103307105087418,0.000933393815573227,-0.00056995491894907,2.22378736992603e-05,0.000917237024820264,-0.000959679003076137,-4.31256374390762e-05,-0.000311948256298717,-0.000585603925861487,-2.78779491386355e-05,9.19004808522785e-05,4.75373107246809e-05,0.00118486911893481,-0.000814605588332297,-0.00151223779689403,0.00132595051735474,0.000581173814350062,-0.000338212877097317,-0.000950932625723285,-0.000700176442005403,0.000859693115531089,0.000687605252623931,-2.18777364398348e-05,0.000502364725707569,-0.000270502387798137,-0.00078758122847145,0.00100400852637444,-0.000625289017623721,-0.00101988668343595,-0.00057823977216534,0.000713049906735597,0.000430294638107538,0.000880139318512393,0.000147487572018859,0.00115851250669557,-0.00018514928045282,-0.000321424501766405,-0.000918860933510814,0.000550342886414637,0.000407891848188528,-0.000830994273358465,0.000275038871779415,-0.000619588391894037,-0.00162329949975734,-0.000414724354363,-0.00214264155803967,-0.000656056232873932,0.000465854774694183,-0.00141002426652502,-0.00110675470072823,-0.000401542947905956,-0.00037828188143974,-0.00156372063334632,-0.00101848935347338,-0.000576107253305221,-9.85535049704137e-05,-0.00249909796081862,-0.00067219900680679
0.0317731953253716,0.0450670897247525,-0.0425047499201021,-0.0397504624292627,-0.043866437121568,-0.0387129121818698,0.0240289613145276,0.0244782065199367,-0.0536362572217044,0.00432744391347779,0.0242354706105933,0.00773048972050043,0.0210350500291325,0.0216048416155681,0.0174326267495792,-0.0481773846021454,-0.0532001205720837,-0.0448083935334922,-0.0550498518293834,-0.00521271034251123,-0.0483353068940927,-0.0434803317750665,-0.048069945808692,-0.0512670465178633,-0.0507479990797799,-0.0450430448668664,-0.0523768911543783,-0.0337629075286943,-0.0431864768138958,-0.0444871146129645,-0.0456692544607329,-0.0432986785539514,-0.0403614195121468,0.000828458763962319,-0.000106566752755642,0.000605631491110747,-0.000200126979038937,0.00128944661256675,0.00144059049976096,0.000947343211944895,0.00131283116848128,-0.00100842468072006,0.000253114065477192,0.00100135844512975,-0.000378179937549202,-0.000877002802166115,0.00159407895275017,-0.000743907765073497,-0.00061300172237356,0.000456724345161407,-0.000649309003513796,-0.000654767318425133,3.45144796935037e-05,0.00107609673207234,0.000433613182769929,-0.000332180898290055,-0.000231814685515758,0.000307411834020247,-0.000417378368349799,-0.000737321129788804,-0.00158822120152082,-0.000894839656784326,-0.000156584671337943,0.000566967947038613,-0.000615960558119117,2.32692567166081e-05,0.000172512366959046,-0.00101374592515701,9.23145415183975e-05,-0.000562436586858458,-0.00163246242336909,-0.000852000567474892,0.000637878343530958,0.000850854892354871,0.00105296465587892,0.000343612473741666,0.00174476795265742,-0.000209727345029795,-0.000223184367461696,-0.000178889193874303,0.000642945132618156,0.000818923830304809,-0.00120430482907113,0.000502696320485039,-0.000543622188807285,-0.00157595724329016,-0.000222430606353633,-0.00164030368402234,-0.000975567662728955,0.000246982134722983,3.76029747366354e-06,-6.32774001140594e-06,0.00121918280389843,0.000198610137308204,-0.00159367229556592,-0.00120305430219845,-0.0006195398597228,-0.000411252287223048,-0.00217269728218932,6.75218271682533e-05
0.0300602360873724,0.0401888281496543,-0.0397368777714456,-0.0342301085362581,-0.039496519324679,-0.0348469376263024,0.0222278237592166,0.0220098269023177,-0.0451516860312163,0.0048810350225526,0.0202173826553998,0.00741908618863731,0.0196833007261852,0.0174326267495792,0.0180381099330067,-0.0441318828184246,-0.0444473319088796,-0.0380175477678421,-0.0475380743938201,-0.00265923596651666,-0.0422838474131184,-0.0396452079906924,-0.0415971702849684,-0.0436600105920098,-0.0440224114975529,-0.0405388619181616,-0.0476733204511664,-0.0293572036128785,-0.03791512866031,-0.0398856141719798,-0.039890613221762,-0.0380374699749985,-0.035194016017228,0.000319532272800929,0.00051318147437244,0.00145340722439481,0.00164136501935862,9.40199393942003e-05,-9.50349881194649e-05,0.000524287503701428,0.000963370573039373,0.00082114725228673,0.000316338647848476,0.000882758105891076,-0.000256338735600361,0.000778454816157212,0.00122227622238877,-0.000772733532718914,0.000295660167071214,-0.000472562816647104,0.000583290245491387,0.00107020695524809,0.000157607780774816,-0.000163145522350374,0.0013664133801975,-0.000890226770703049,-0.00128820032748339,0.00149105061748481,0.00126636674669978,-0.000947206971619698,-0.000577963105957698,-0.000267985726028446,0.00107951854081644,0.00129439630135225,0.000119333124755412,0.000902438212252735,-0.000170690544887815,-0.00108617589131607,0.000987009066388119,-0.000153276971786521,-0.000678214231856843,-0.000842485592652026,0.000687382359412153,0.000225043115723113,0.000260078783238458,0.000202816276106357,0.000645976416713998,-0.000572527052363978,-0.000480431131797679,-0.00189341523849293,0.000137489661169518,-0.000168478940414443,-0.000890610481193245,-5.93605274004528e-05,-0.00121907403339581,-0.00223809351866767,-0.000462805034591665,-0.00219160375170512,-0.00144523068592848,0.000703652449326768,-0.00272772822688611,-0.00200448815198001,-0.00104570427149838,-0.00145420290558045,-0.00249564189796424,-0.000809872330489699,-0.00143869520072683,-0.000711440288694033,-0.0034846255707423,-0.00143880368536345
-0.0890902374825531,-0.120752959597429,0.120310251278809,0.107345802874236,0.116844556328252,0.105296265966243,-0.0663522213151123,-0.0627980595621717,0.139281593452965,-0.0103909002374699,-0.0583638755867675,-0.0184326529881488,-0.0526864809598817,-0.0481773846021454,-0.0441318828184246,0.142618901886671,0.140549549284139,0.12052657880017,0.147623425978543,0.0123730380135991,0.131508964671681,0.12216518507813,0.132353839546513,0.13833456624193,0.140626100635221,0.125353813021041,0.144021837763887,0.0943006241364263,0.12318327858612,0.122366285580912,0.124953909571639,0.119886416535181,0.113459748176612,0.00106936157741852,0.000869355291373094,-0.00256899777111065,-0.00110597779816284,-0.000208945491460448,0.000915620842146642,-0.00119319042279801,0.00227105124498088,-0.00211143229815909,-0.000168942270075406,0.00121907774948362,-0.00186050065759343,0.00140670216332999,-0.00203922460769794,0.00010132872748456,0.00268481192074586,-0.000589519867209433,0.00138281566621129,-0.000329061819576919,0.000353790947000683,-0.0001215544868418,-0.00197400739843518,0.00160690223078848,0.000769120985419215,-1.05825555326692e-06,-3.16066674915753e-05,-0.00108265523084374,0.00299945443617377,0.000548443783116999,-0.000217511091827165,-2.90066338825267e-05,0.0019167264893373,0.000374558602694736,0.0027973861539856,0.000573577760845392,-0.00230712037368106,0.00259770302536748,0.00254000535176354,0.00215849961015002,-0.000373441309303527,0.000180427992906618,-0.000154361636942993,-0.000326027841182999,0.000187834504656605,0.00126351826141563,0.0012683349387727,0.00169556610555163,-0.00126528941278946,0.000382893318022809,-0.00113662375222702,0.00124663797178176,-0.00117231007790278,0.00221705970124996,0.00210555040100538,0.0056353015386207,0.00167629201802963,0.00105053039629329,3.52211230797373e-06,0.00176143838163593,0.00130053617246115,-0.000456214074880952,0.0010750798236514,0.00249182565205999,-0.000156136498974897,0.00172575744941019,0.0022238915652522,0.000968961324742757
-0.0893609302003046,-0.123392164735614,0.120668871347268,0.109556651526062,0.119799776478709,0.106871057274749,-0.0670458913416465,-0.0652416288036375,0.145309059685284,-0.00999662424664455,-0.0617147576253093,-0.0195237360052224,-0.0541312192021014,-0.0532001205720837,-0.0444473319088796,0.140549549284139,0.14719791923157,0.125549417673862,0.152222049378866,0.0138324465730109,0.134911090902309,0.123042162643758,0.135079973655084,0.142479636582465,0.143346431022765,0.126152511552385,0.146060177456271,0.0947962061621427,0.123840317555974,0.123379956971402,0.125656662224345,0.121510750289866,0.114292000206627,0.00012363822530586,0.00149888296638626,-0.00149729472856127,3.08387115854208e-05,-0.000945446664526714,-0.000731790436675172,-0.00123747145398116,-0.000341445106013448,-0.00096239448259761,-0.000375326807364503,0.000328244322248132,-0.000710129981410666,0.000611787290619271,-0.00334355110635277,0.000436936117899549,0.000275630394729726,-0.000711427671549163,0.00079368757676423,-0.000932965511496696,0.000885477001857136,-0.000893822728151173,-0.000867952378428937,0.000919941448342077,-0.00104695662971843,0.000834143192982878,0.000210516144128328,-0.000998349692145154,0.00304290400949357,0.00113453299154132,6.27897233618162e-05,-0.00106333520450554,0.00150499025382336,0.000546591819041541,0.00173245938420477,0.00134412006348137,7.33144959634973e-05,0.00214631675683811,0.00345974125601493,0.00165024391710837,-0.00081296713564041,-0.000788781702613227,-0.00148295301616354,-0.00150825123911159,-0.0019203729074484,0.000921020616112371,0.00154436025481813,0.000382803297839259,-0.00217029893044103,-0.000968200789492101,0.000104899726145566,0.00051557323187941,-0.000875975030803854,0.0023832992165296,0.00151125648031776,0.00400559233331234,0.00171074373562812,-9.3817183249598e-05,-0.00142489528886107,0.000673583594661486,-0.0017501184345355,-0.00198015330914899,0.00095274115112327,0.00304000595911076,0.000162758342967156,0.00153448671808372,0.00254301897555103,-0.000453453058568796
-0.0780179204294022,-0.105849523242925,0.104886608619404,0.092382747810427,0.103582501340886,0.0906599875418139,-0.0573226470913277,-0.0554289376447323,0.124749668325149,-0.00862616819779639,-0.052242949531707,-0.0156096531260251,-0.0457997516905803,-0.0448083935334922,-0.0380175477678421,0.12052657880017,0.125549417673862,0.110324603882159,0.130640166785236,0.0117104676376563,0.116997952418166,0.106300582817735,0.116164543911451,0.122701233574172,0.124808273830004,0.107258774268568,0.124981183992388,0.0809279864033603,0.107376858776587,0.106262281644377,0.10857704039481,0.105526707439359,0.0977483888974765,-0.000663575011308433,0.00220574765161166,-0.00171735467741176,-0.000920783129562233,-0.00198062979279768,-0.000123729645315297,-0.00104544231663971,3.56773834553572e-05,-0.000607004367251918,-0.000286400842247211,0.000891350523672739,-0.00103395806350292,0.000623120488073938,-0.00291485631249368,0.00036519280863386,0.000312934700822648,-0.0011659232304835,0.00123357726459291,0.00102563424835083,0.000630760062990817,-0.000319806218394516,0.000656374066571265,-0.000911251442802995,-0.00127456559864869,0.000234049896884718,-0.00034417601701497,0.000656861242806541,0.00291488062576208,-0.000624010706025384,-0.000429201480168073,0.000170180819463497,0.000360009112019809,-0.000351104079896979,0.000325558547670876,-2.96153954164163e-05,0.000680100900104082,-0.000507748420458311,0.00141084714939216,0.00235282886086015,8.8999060375409e-05,0.000396961221971422,0.000189378654758407,-0.00011766786642952,-0.00125634267222723,0.000167203758689421,0.00142940361995608,0.000344375250766533,-0.000722866170292711,-0.000816368666781881,-0.000617931608137915,0.000672482309783131,-0.000686460654264466,0.0022456993753567,0.00167775894308415,0.00269606696063475,0.00121164586556916,-0.00157664973741431,-0.00234313133655206,-0.000364900404664077,-0.000143593353302127,-0.00202638556853331,0.000874366195875411,0.00185391205882938,0.00123531666279673,0.00263469866450713,0.00152587628536771,0.000184430241698541
-0.0939427567805297,-0.129371763566617,0.12695950153862,0.113917426952959,0.125926400029414,0.112165969916239,-0.0701561212693457,-0.0682918081236445,0.151314612021454,-0.0109975862145086,-0.0645071998247544,-0.0203209329016097,-0.0571949869215291,-0.0550498518293834,-0.0475380743938201,0.147623425978543,0.152222049378866,0.130640166785236,0.158978199554721,0.0143034926244782,0.140991265411687,0.129113306560691,0.141123704279828,0.148948143054366,0.150084513826176,0.132113602678333,0.153580934281002,0.0993551023733656,0.12991157155799,0.129960208207733,0.132591939948104,0.127638813550521,0.119561572253853,-0.000330538241511955,0.00088368760056465,-0.00205236491282793,-0.000996130533494611,-0.00167781446609388,-0.000772444287859049,-0.00173593073532863,0.000822195314950853,-0.000505808131758107,-0.00097618033972391,0.000233129418721498,-0.00141802961520487,0.000433940843285507,-0.00332599700529009,0.000517542649746125,0.00139314668358448,-0.00101670020679885,0.00155204053676316,0.000159833163969877,0.000114218034267604,-0.000920307198327045,-0.00130352222792892,0.000568200668477097,-0.000379457097717904,-0.000676855010373467,-0.000598198098317125,-0.000717529198950002,0.00373313692460902,0.0002709827605732,-0.000544335507516761,-0.00052552692916448,0.000963997873066234,-0.000291219098550984,0.00168253768814091,0.0014201302147582,-0.000950980595629587,0.00164549047860549,0.00320802809257345,0.00229708930544156,-0.000751010083075834,-0.00067580169387795,-0.000972840337565229,-0.000756137724701541,-0.00179975510717203,0.000606410964402553,0.0014508572361501,0.00138253295207432,-0.00162898594325822,-0.000852150195927177,-0.000460777251166632,0.0004010374503125,-0.00121545285432173,0.00263388588781067,0.00229812846066877,0.00415881887390396,0.00155019241295353,-0.000636823022437442,-0.00134333231660713,0.000339887976259046,-0.000518881127026782,-0.00175855212369048,0.00192690869324561,0.00236811820406567,7.27620839575571e-05,0.001438763634472,0.00295015266150929,-0.000401621475037592
