0.0630500286284472,0.0784055175645366,-0.0764968320656647,-0.0666961233165116,-0.0746330983975304,-0.065252583465676,0.0417846231301752,0.0414104436795006,-0.089016051391063,0.00699858002054972,0.0384468220788939,0.0126087175121612,0.0339877154920077,0.0342680151857305,0.029917344422732,-0.0888276525687402,-0.0893400459418928,-0.0786188508864592,-0.0942951896395431,-0.00801233646274778,-0.0831741796676439,-0.0770602693658541,-0.0842025201225638,-0.0868721190548097,-0.0890455564382758,-0.0791920637444467,-0.0908052413229081,-0.0577310954485378,-0.0787895105289924,-0.0740313975712993,-0.0796003371674748,-0.0772588563154513,-0.0704087418862453,0.0014063898628341,-0.00150398877270173,0.000902449895096011,0.00120084055600339,0.00124055414812661,0.00046762435974165,0.00030543902677964,-0.000518752498889796,0.00223326975164449,-4.30276870018275e-05,-0.00056184819050674,6.37550929543211e-05,-0.00105676542058154,0.00193315502784362,-0.00058624534078091,-0.00205755727606252,-0.00158295172679763,0.0015373122244456,0.00094402065157208,-0.00103299541155102,0.000197449102236868,0.000872341593622055,-0.00143715111627853,-0.0022030681355,-1.24332201557009e-05,0.000951006807557219,-0.00182043187473645,-0.00407428002754288,-0.000465467271451103,0.000120327616747051,-0.000266595867530933,-0.00128697063780037,-0.000858007168250545,-0.00110340763723964,-0.00208641501461876,0.0019644201700475,-0.000232341644526786,-0.00199875283525379,-0.00181001997770452,0.000769104230759528,0.000594524095590507,-0.000235559728876381,0.000950784450921479,-0.000217849805333114,-0.000413314993298158,-0.00200889695678099,-0.00496899356733053,0.000879255708919624,0.000908392218336994,-0.00224759094582007,-0.0019904525611361,-0.000397086594380822,-0.00279144521108595,-0.00162696407079303,-0.00400274596751322,-0.00303690966949155,-0.00105723730805946,-0.000499462691032616,-0.0024764860095393,-0.00038867398691701,0.00105262939767961,-0.000692020072914699,-0.000982734139944318,-0.00268394160690908,-0.00237653736173703,-0.00345354152536228,-0.00257214488825239
0.0784055175645366,0.108668757058645,-0.104611590489884,-0.0932009137664042,-0.102602528192537,-0.0903881000078881,0.0584468214248439,0.0568149171868203,-0.123939554708358,0.0101169367159721,0.0530214468662389,0.016765530471369,0.047475863063018,0.0451973275116616,0.040425412607102,-0.120542645686626,-0.123743857020554,-0.105306669624509,-0.128430250438791,-0.0122133808264271,-0.115478085590414,-0.106889475497708,-0.114246777124252,-0.122643388894144,-0.121817916663296,-0.107712015185853,-0.125779697864926,-0.0817114951571653,-0.107031321738435,-0.10547582587291,-0.107862443863376,-0.103790011422631,-0.0970579149099548,1.31709394554687e-05,-0.00036471357466218,0.000738409846402988,0.00147086428404593,0.0011218435231688,-0.000392622888783543,-0.000454115942358909,-0.000217642076096732,0.00142560488778266,-0.000797608204338333,0.000451760633306287,0.00010979777471708,3.74616587202493e-05,0.00223305160191057,-0.00132364191397809,-0.00264125601732478,0.000167185584571649,-0.00126560822375753,-0.000371038722179604,-0.000100006404475152,-0.000133971354440269,0.00113881099198532,-0.00180507531411684,0.000305859613353906,0.00144146940531568,0.000851191291860107,-0.000457437038719747,-0.00460787159017571,-0.00115942419054913,-0.000322584989596346,0.000587772127308759,-0.00096270436870464,-0.000473376462912196,-0.00140466424979822,-0.000701691844894197,0.00176611960806815,-0.00161921564005621,-0.00288469984172055,-0.00339595641443002,0.00102894758809096,-0.000289007099650332,0.000741985292853267,9.67019691576662e-06,0.00065836524494143,-0.00116499593854647,-0.0011819303952056,-0.00311627410129064,0.000637065288162749,0.000333030824598952,-0.000242289637777474,2.01164720109841e-05,0.00180902402138312,-0.00233189272412056,-0.00380018483710696,-0.00401468496882747,-0.00227109413351855,0.00113106283763844,-0.00017684643030552,0.000596628758183213,0.000162647669376037,0.000234553655058276,-0.0017892428307561,-0.00178140528103842,-0.000732455419417181,-0.00216544486943202,-0.00224668110271554,-0.000815130818390909
-0.0764968320656647,-0.104611590489884,0.105206725416334,0.090787397529435,0.102221196558285,0.0899798965700678,-0.0578704508674733,-0.0550750348749657,0.119488012522661,-0.00997359289257377,-0.050205634008231,-0.0155443220900148,-0.046297738168422,-0.0428329870454454,-0.0398626638750541,0.120481484386221,0.120569944918154,0.104270913366499,0.126285329717101,0.0100141877448109,0.113824012385557,0.105823810780393,0.11289106006147,0.11902134274306,0.120913510345962,0.107926357493772,0.121823447907028,0.0800699592931037,0.104490528976452,0.10345926868469,0.105330927799717,0.102624257312199,0.0965454997487308,0.000900527509850085,0.000713726768229245,-0.00158065189960232,-0.00205028196455154,-0.00055400073477477,0.00140577510545654,-0.00049726445119985,0.000693405035323009,-0.0014133056837781,-0.000196772165435854,0.00047125598720524,-0.0010914522822998,-0.000194161612853095,-0.00219911101883907,0.000714329707625477,0.000342185838478907,0.000419482060516674,0.00110905537244438,0.000210073502626771,-0.000125754360033323,0.000669806629093051,-0.00063002471424799,0.00122078339184994,-0.000498632027092591,-0.000354700137952491,-0.000769529319559795,1.35616405694347e-05,0.00201987761948759,0.00126848686414215,-0.000922901776050332,-0.000664862077196852,0.000416173035620944,-0.000409160698388174,0.00119579039112902,-0.00052205844525095,-0.000341009740931848,0.000932512277910066,0.00212622740246346,0.00100785964130698,-0.00054641105724802,0.000460167856048167,0.000473391369958684,-0.000435696415829012,-2.90424394094781e-05,0.00164868401431896,0.00160761337931447,0.00238689231521158,-0.00158951575653628,-0.000615163906829086,-0.000377296263179499,0.00019288913763399,-0.00028554933700098,0.00247374394809641,0.00209950866664947,0.00313959983858058,0.00166561336690389,-0.000358907300639602,0.000391213168591351,0.000133573692741194,0.00157632274513844,-0.000737142529484217,0.00138193591446693,0.00205049070369116,0.000274339790705738,0.00281865464137737,0.00197893231530756,0.00127646648923604
-0.0666961233165116,-0.0932009137664042,0.090787397529435,0.085177459447989,0.0900004757457889,0.0809396987154808,-0.0512368774569646,-0.0489978622707159,0.10833005092648,-0.00821670949667384,-0.0464971261190571,-0.0147691304190795,-0.0416986511817479,-0.0394409051444558,-0.0339916062301593,0.107010345602294,0.110216360526236,0.0925524942459979,0.114334480565903,0.0091004782363118,0.1013549390511,0.0939039593196713,0.100816277938668,0.106325824171562,0.106821140187,0.0952514772862134,0.109845953842837,0.0716111911096061,0.093212636157743,0.0939880271525729,0.0958090228534342,0.0909361662785098,0.0847373519958347,0.00108850423496091,0.00126703571387656,-0.000614270151929066,-0.000879593610397444,-0.000482195420355775,0.000110259637067624,-0.000247664891778956,-0.000420990658168343,-0.000723007500337101,0.000937183407271231,0.000632917498976913,-0.000571129545346974,0.00262720986835753,-0.00204031527711697,0.000193903265918748,0.00211365664498433,-0.000728337713325814,0.00180846379432103,0.000645099918458222,0.000266971571960896,-0.00165086375846143,-0.00213822578710683,-0.000384933969024907,4.75504183749531e-05,-0.00102730856292512,-0.00134303323586502,-0.000189984036832683,0.00305064182194714,0.00103837266647813,-0.000801031988035934,-0.000977448667730948,0.000900360409906134,0.000236754217648006,0.00293862800879705,0.00060751579186387,-0.00108284218429352,0.00262588523934771,0.00288352237046573,0.00127728624522521,-0.0012104753592331,-0.000622751425056575,-0.00116626830685759,-0.000237559169136227,-0.00071795872635106,0.00161126289778961,0.00118195434654815,0.00173007517171378,-0.000976438649719339,0.000975512484072051,-0.00197739304001542,3.35677968137268e-06,-0.00199469050667352,0.000520415244041561,0.00182899329334985,0.00431072168019518,0.00161963975998536,-0.000124206515752934,-0.00075645483690551,0.00173644254711897,-0.000297352973844123,-0.00144654513361569,0.000957437666716584,0.00350006284567553,-0.000758272586688454,0.00136241519514099,-0.000546709498140571,-0.000212707081540535
-0.0746330983975304,-0.102602528192537,0.102221196558285,0.0900004757457889,0.103932179040914,0.0888128108423147,-0.0572056868011201,-0.0548209395870461,0.118442365250798,-0.00985459881587013,-0.0498523249426091,-0.0168759903680659,-0.0465012019226521,-0.043087894511016,-0.0387878420793371,0.116992969353255,0.118779095494906,0.103621993376698,0.125429903615205,0.0102544696094472,0.11130211909071,0.103346508423323,0.112494927913164,0.118604583201184,0.117822394962424,0.104951471815757,0.11906070835528,0.0787709039473077,0.1019583859558,0.0999993874902086,0.106101080949029,0.100727074589147,0.0950122795612329,-0.000813725250861168,0.00105799890558242,-0.00128965798286619,-0.0018192786860833,-0.00216919788072596,-0.000612157672282908,-0.00136058563570448,-6.91124875446118e-05,0.00023494449149606,-0.000988356880507542,0.000235647323309927,-0.000466226434118382,0.00117264089493111,-0.00229276758084934,0.000784174632275543,0.00125335818720124,9.84011649052933e-05,0.00206435097414214,0.00145204262167962,3.63064528367268e-05,-0.000171174188215731,0.00101999253742398,0.000943918705056175,0.000429191067673177,-0.00138513834572289,0.000117147822306126,-0.000500999013382261,0.00288076040760655,0.00111334921187606,-0.000826151221429631,0.000101247261940777,0.000850706471452382,0.000236967944549636,0.00169432964836579,0.000538628785399385,0.000284260299974178,0.00115668474500399,0.00143109506292367,0.000443454155657463,-0.000996086016185263,-0.000401313729249761,-0.000718297203716144,0.000132015172885411,-0.00113441392859672,0.00112931866280871,0.00209887309681654,0.00282291565106743,-0.00202325333797357,4.45579246987201e-05,-0.000932224614950675,0.000385496483827278,-0.00159747577118469,0.00170428442722501,0.00144332977066678,0.00160890817074715,0.00209174498844181,0.000923516223172665,-0.00328216672882639,-0.00141283316822417,0.000983832969011832,-0.00288354232215891,0.00159582354264325,0.00105623996164503,-0.000910400449326234,0.000570537340345358,0.000287723976013728,-0.000605113017762979
-0.065252583465676,-0.0903881000078881,0.0899798965700678,0.0809396987154808,0.0888128108423147,0.0832969855112482,-0.0498881505988287,-0.0483253015221405,0.106657761052178,-0.00734379421752209,-0.0451071617524419,-0.0153842146105813,-0.0416629521255286,-0.0387620748871762,-0.0351913386903085,0.105146567749059,0.106837510323798,0.0912659501720915,0.111882402650656,0.00880403667818208,0.0990159635232734,0.0912305658250929,0.0994304914056604,0.103464566962912,0.107097180193654,0.0952569465857358,0.107947846381223,0.0705744432499602,0.0917284058899213,0.0930159935729201,0.0942544499786963,0.0899521996308585,0.0840355615119663,0.000276872486994858,-0.00101027602473785,-0.000749692522453546,-0.000551177806789971,-0.000781960382174182,-0.000735519940341936,-0.0012780570464994,-0.000234423864769646,-0.000487046325243412,-0.00115918710264557,-0.000196264491981421,-0.0010636618288174,-0.000348889643302525,-0.001841622542713,0.000558145537140005,-7.95510523361936e-05,0.000557985324623827,0.00127285034381876,-0.00116707715784554,0.000549960321337818,0.000623492947935227,-0.00229200225562722,0.00136202018151645,-0.000639114089281642,0.00081176490513589,-0.000474132126369192,-0.000695364720999159,0.0011960974986823,0.00262011468045751,0.000123043430181334,0.000468368603460814,0.000901609842886559,-0.000516474190311185,0.00111839942298674,9.38112065084784e-05,-0.00130272258751231,0.00221018642538132,0.00292515164989534,0.000457213087957058,-0.00176196063950937,-0.000900157281133574,-4.47452723342903e-05,-0.00139030059080439,-0.000775609266534144,-0.000247970691784141,0.00099251997045032,0.00124857293317551,-0.00119568592574395,0.000529801124089806,-0.000315131606240434,0.0015890444717078,-0.00222304743403573,0.00108401983599522,0.00106839013404182,0.00195169196844301,0.000625740177951707,-0.000688266963737592,-0.000310955022128284,0.00024262182021813,0.00151824882697515,-0.00143080869154378,0.00132069358503906,0.0030017655817238,-0.00205643159996368,-0.000430025311240343,0.00104355970435768,-0.00198076753229243
0.0417846231301752,0.0584468214248439,-0.0578704508674733,-0.0512368774569646,-0.0572056868011201,-0.0498881505988287,0.0338235106752212,0.0313396738692218,-0.0653628737335296,0.00568604957086459,0.0270795980820748,0.00927856203048348,0.0256961109340265,0.0236280017982041,0.0220648436967391,-0.0654511010291162,-0.067054715748024,-0.0569772637430207,-0.0692318504996211,-0.00563195680135529,-0.0627837714923784,-0.0587004342856805,-0.0616817075687943,-0.0662231722847111,-0.0658333818732585,-0.0594383918984891,-0.0669152772332195,-0.043377147271778,-0.0584231985578131,-0.0562682102500596,-0.0581058679564971,-0.0555655614121556,-0.0520310486413445,-0.000991641268131316,-0.00109141390935428,0.000386750797613808,0.000922663394774264,0.00115478933074773,-0.000471693707423759,-0.000393152935069222,-0.00013184525575139,0.000403328535176363,-0.000547915421302137,-0.000654283358839418,0.000413196946118559,-0.0010777418612937,0.00132449654382739,8.49670606785373e-05,-0.0012487309480547,-0.000473798050212777,-0.000817284391346702,-0.000253497569319308,-0.00010052013794554,-0.000987853323207531,-0.000104688092291461,-0.0010131347749937,-0.000126665327504913,0.000679934065942117,0.000694606225626398,-0.000384778583342415,-0.00163351065343691,-0.00168427737638841,-0.000571305045077145,-0.000119924943354967,-0.000524746532648922,-0.000714486254363451,-0.000574991090704389,0.00104296647201171,0.000666364424212343,5.62656321886288e-05,-0.000557422948710172,-0.00155540252163202,0.00100052171919075,-0.00149508320719687,-0.00025339719009957,-0.00032001559642122,-0.000665533031777593,0.000249448787888159,0.000460667101351735,-0.00111171914511906,0.00121113744923833,0.000277182753900396,0.000761066872738844,0.00149440569069086,0.00175513286646163,-0.000151129967392711,0.000159721306572969,-0.0010331521092039,0.000365578927662037,0.00261137775673778,0.000767435982475119,0.00173246169063854,0.00038411716173138,0.00180806564483515,0.00091962203880352,-0.000262503052792622,0.00091142183180892,6.58063385564008e-06,0.0011857798610503,0.000545988489860638
0.0414104436795006,0.0568149171868203,-0.0550750348749657,-0.0489978622707159,-0.0548209395870461,-0.0483253015221405,0.0313396738692218,0.0319637040482133,-0.0637047886277914,0.00584772580631256,0.0259813285848265,0.00873242534674665,0.0251177347834213,0.0233431737992858,0.0216374343242187,-0.0626372980215756,-0.0661913639653988,-0.0553153972734552,-0.0675520584406154,-0.00556430238240346,-0.0596896387193843,-0.0559518319535578,-0.0600857280532438,-0.064291877288085,-0.0625192807574299,-0.0558360391647837,-0.065958210357038,-0.0421995716994013,-0.0546207819738468,-0.0531759456565543,-0.0561490917613855,-0.0547613758324963,-0.0509783482136955,0.000496529741690856,-0.000318109173067939,-9.66469351424607e-05,6.57218287687589e-05,0.001814224810639,0.000519382111706681,0.000113507075542247,0.000498613714551048,0.00018399717926279,0.000369374088468954,0.000168299697992741,0.000939053389787083,0.000486350254174444,0.00164608571252036,-0.000372541440337781,-0.000245747263293382,-0.000637766359379133,-4.42561365342198e-05,-0.000573197151980801,-0.000261033123394012,-0.000236043822717246,0.00154511108481574,-0.00178760995193164,0.000980200764038487,0.000317637779893841,7.94625164318789e-05,-0.000123865971141515,-0.0018101798850758,-0.000497042011877441,-0.000995831349697995,-0.000869224383480373,-0.000745669697202388,-0.000294515020169974,-4.66287805212431e-05,0.000105049973661452,0.00173682069474114,-0.00178939784560811,-0.00128732362873715,-0.00208502532219227,0.000274156362879831,-0.000415834996021573,-0.000139379387390092,-0.000138293841167096,-0.000909952643435921,0.00060358591546869,-0.000153229369631547,-0.00121111147449612,0.00111659556295853,0.000926307640246703,-9.80204775778731e-05,0.000577595075117381,0.00079862795210307,-0.000911754809017213,-0.000747162274181707,-0.00179452318308784,-0.00112083283507516,0.00041932829247854,0.000450275572869695,0.00117576196703685,0.000849873776640952,0.000835218225902857,-0.00016845420079118,-0.00120572503660789,0.000316930138225503,-0.000280243131615851,0.000445455634065748,0.000909134638040855
-0.089016051391063,-0.123939554708358,0.119488012522661,0.10833005092648,0.118442365250798,0.106657761052178,-0.0653628737335296,-0.0637047886277914,0.148835803470597,-0.0101567567217739,-0.0643005438451445,-0.0207816221538298,-0.055566508126314,-0.0547871944733335,-0.0458449328074932,0.139406754334616,0.145122851398994,0.124490535528794,0.150663094994749,0.0140855258055733,0.135151414634043,0.122341848025777,0.133976974564933,0.142042845197685,0.143365342756476,0.124949024071711,0.144989158585145,0.0947938157897912,0.124356423313657,0.125143244414172,0.127418924395195,0.121517877614711,0.112515868119891,-0.00139082012674654,0.000795833976640409,-0.00220901861515525,-0.00119186134344057,-0.000973674237165158,-0.000846218394285925,-0.00159646914450406,0.000709878077211886,-0.000711152738132459,-0.00015621621322838,-0.000294395715983423,9.16981945751502e-06,0.000255222413887291,-0.00315310596023079,0.00178856054729468,0.00257652041035959,-0.00127602677563138,0.00238218118587221,0.000137462148323452,0.000784387911624422,-0.000957737181079932,8.4282069907107e-05,0.000629619398023703,0.000646604403763816,0.000280760824039366,0.00122078388639942,0.000851021003603858,0.00325873648260607,0.00163273667924729,0.000785185906624951,-0.000692992147261563,0.00255226953956066,0.000446400667058783,0.00129892494884772,0.000633678161020851,-0.000276429935825309,0.00170792434015726,0.00269341384846057,0.00297653108565356,-0.000241411423722152,-0.00127071777819274,-0.00171241008055732,-6.67567837145206e-05,-0.00274363147952902,0.00100606086520916,0.000841301246239045,0.000883982920671497,0.000529807739684184,-0.000474572058070838,0.000949768031916304,0.00184564073154229,-0.00192548362128645,0.00238945153690088,0.00299563875315403,0.00412482158150449,0.00167253420335253,-0.000430430857162448,-0.000969314653361192,0.000676457463650031,-2.53731683867443e-05,-0.00062554670189346,0.0027970458017899,0.0026217122199777,0.00107083037521407,0.00211267901016673,0.00340357225568893,-0.000637381684097156
0.00699858002054972,0.0101169367159721,-0.00997359289257377,-0.00821670949667384,-0.00985459881587013,-0.00734379421752209,0.00568604957086459,0.00584772580631256,-0.0101567567217739,0.00257484679489767,0.00410624363648325,0.00107014803010295,0.00482209999521618,0.00371341306972953,0.00479085870154106,-0.0111275003572979,-0.009755499085844,-0.00845221406196814,-0.0105290757713023,-0.000508037940465623,-0.00961629656249278,-0.0100173958653354,-0.00937215503839648,-0.0107613035108447,-0.00895278189103971,-0.00870644105253475,-0.0101017956628726,-0.0072211906179736,-0.00830282290771434,-0.00714096477057541,-0.00935495856115093,-0.00858533758187294,-0.00840407612367274,0.000553389630598966,-0.000339858293175104,0.000174005292938053,5.31362110899623e-05,0.000999102548688173,0.000237290493321085,0.000231095504292644,9.8457628316919e-05,-0.000622430196602394,3.17494318208123e-05,0.000214161958034398,0.000729693360387439,-0.000709203232898443,0.000654651350895243,4.61967851552606e-05,-0.000919875184676692,0.000236152229115287,-0.000581438865491621,-0.000933535215938755,0.000584083357175076,0.000394856968882207,0.00039672735542004,-0.000659541253384177,0.000579684757326541,-0.000239069190248602,-0.000486632023699329,-0.000583608487344843,-0.000103531218511839,-0.000636007970534633,-0.00047402862322994,0.000550744242789033,-0.00108673401765258,0.000115817543190008,0.000748921427146881,0.00119201494217338,9.45878727208783e-05,-8.64878025642187e-05,0.000162646383710254,-0.000806811140664112,-0.000546868137806742,-0.000520865659329653,-0.000776246763824308,-0.00108643062008201,-0.00110605720112429,-0.000646715105601155,1.90065206297201e-05,-0.000852418997216506,-4.4576094714969e-05,-2.02437359944418e-06,8.69181822718026e-05,0.000461940222049181,-0.000311707686508484,-0.000512603567355935,-0.000291254326888344,-0.000761752489534682,-0.000776667956251106,-0.000962270034194867,-0.000458417167346268,0.000336607078006285,0.000124221316424651,-0.000385711767765166,-0.0008137113849909,-0.000415901311623674,0.000420644006110836,-0.00112204311484966,0.000922109509679472,-8.73489076468001e-05
0.0384468220788939,0.0530214468662389,-0.050205634008231,-0.0464971261190571,-0.0498523249426091,-0.0451071617524419,0.0270795980820748,0.0259813285848265,-0.0643005438451445,0.00410624363648325,0.0306072273403118,0.00908450843617003,0.0237252839574638,0.0245930207114009,0.0192116920058714,-0.0610220783824132,-0.0603398257338073,-0.0531148442805831,-0.0649485098136681,-0.0070321026109226,-0.057350124552465,-0.0530827892624824,-0.0576453132054411,-0.0610198241113564,-0.0611735806239965,-0.0538299907887007,-0.0623788303116741,-0.0411914627850354,-0.053206371446393,-0.0543956588426648,-0.055550330772724,-0.0519097808128404,-0.0481945012081118,-0.000182728707812475,0.00161318995433445,-0.000409595435125076,0.00137311817549588,-0.00196075594505311,-0.000880728361385356,-0.000111059447526206,0.00144804841691429,0.00174350316685689,-0.00116664858846618,0.00215396206190671,-0.00256910132899196,-0.000547950701903777,-0.000142490766009227,-0.00153265144054458,-0.00113844848859941,0.000620936249083209,-0.000169791034156501,0.00126574735812805,-0.000938799700446944,0.000550902747517731,0.00082150115413118,-0.000143472351079692,-0.000655336129844604,-0.000859842159035211,-0.000430428391139121,0.000853135008163324,-0.00128593977002458,0.000181440430087302,6.03309385226772e-05,0.00148174598725006,-0.00186870902729396,-0.000190103953607522,-0.000493571148325316,-0.00191647433485798,0.000366335603310184,0.000359306915522142,-0.00154579206817327,-0.00126117916596402,0.000217664842906335,0.00132761256327072,0.00134088002141526,0.000611403866443772,0.00244940230841774,-0.000730151823855982,-0.000456696794058745,-0.000203555229667246,-8.34144867211889e-05,0.000129050161482989,-0.000239958039268441,-0.000528842646361287,0.00109125966094095,-0.00218512068295127,-0.00122430437361317,-0.00328885315128554,-0.000510154695334002,0.000243252560466488,9.64845327063083e-05,-0.000916665820162917,0.000199331913294001,0.000130527566490636,-0.00124500732357748,-0.00101760405677063,0.000488156537655286,-0.00113393738763178,-0.00115401137218121,-0.00013564974914082
0.0126087175121612,0.016765530471369,-0.0155443220900148,-0.0147691304190795,-0.0168759903680659,-0.0153842146105813,0.00927856203048348,0.00873242534674665,-0.0207816221538298,0.00107014803010295,0.00908450843617003,0.0055717664554591,0.00882591914322284,0.00839999200959386,0.00729073936657517,-0.0181222788227657,-0.0191464951024536,-0.015877975130483,-0.0199911745514272,-0.000823340808282562,-0.0177206520048302,-0.0166286401251542,-0.0177390787762493,-0.0182692418956281,-0.0179290183302539,-0.0162032303134659,-0.0189918558392817,-0.0118813003386126,-0.0170085659922552,-0.0162554194737828,-0.0177380172983443,-0.0153965811636989,-0.0135604379751499,0.000389879053761,-6.53043905991311e-05,0.000608743627842869,0.00189245134071222,-0.000488210911994278,0.000411737381094124,0.000392565682517847,7.7534578558717e-05,0.00118595309974826,0.000156616450711238,-0.000102499330776984,-0.00109242676754758,0.0013387871417189,0.00031336885047004,-0.000816059964042706,-0.000173590775891829,-0.00123322904674821,8.6277179417025e-05,0.0019732967718069,-0.000961281818491014,-0.000322906009226687,-0.000429100065513837,-0.000602678783766913,-0.002211088812018,0.00102024624373917,0.000210703433857353,-3.06222026160532e-06,-0.000699103412655247,-0.00100851889929223,0.000216408973003363,0.000521726844154368,-0.000498238826269682,-0.000558633809197515,-0.00107077295147194,-0.000222597530342097,-0.000284668731589233,-0.000722947142765065,3.46534954388005e-05,0.000175417099491921,0.000871605094242151,0.000901735930881501,0.00114441816618602,-4.04291060972387e-05,0.000621033375121801,0.00034162090964807,0.000168529809298934,-0.00146911181279255,-3.2981092441316e-05,0.000101351579354301,-0.000453826006047453,-0.000946182730147835,0.00137499108352215,0.000416282092373855,0.000109277591580777,0.000379841556894748,-0.000134212351759851,0.000282090409864038,0.000381420980799093,-0.000872953228579373,8.17090356506498e-05,0.0012459333678337,-0.000404621890500768,0.000490068566267742,0.000264123739193845,0.00158636626327903,7.57020431385462e-05,0.00137964759997598
0.0339877154920077,0.047475863063018,-0.046297738168422,-0.0416986511817479,-0.0465012019226521,-0.0416629521255286,0.0256961109340265,0.0251177347834213,-0.055566508126314,0.00482209999521618,0.0237252839574638,0.00882591914322284,0.0234585877233536,0.0207591770589542,0.0199442200558189,-0.0525870210609728,-0.054027485903439,-0.0456076947652681,-0.0569166506826914,-0.00389859573794011,-0.0505992510723533,-0.0478530349858979,-0.0502166660100889,-0.0525885903795887,-0.0536511247718227,-0.0471828126057538,-0.0546543552835572,-0.0363435548971458,-0.0455987546152285,-0.0472782652792067,-0.0478492346907555,-0.0457367889516023,-0.0422289323446686,0.000425701643470212,0.000721293477744266,0.00027404890669464,0.00152260294783954,-0.000328952368943943,-0.000327992292762548,0.000800633873088096,0.000787848626823927,0.000599305564125686,-0.000141337194133917,0.000383305200601127,-0.000689713518698952,-0.000179845631178926,0.00103829948624127,-0.000850016377557526,-0.00026027313970637,-0.000686801459976123,-0.00106951312769112,0.000116416008082321,0.000339843915501271,0.000316084020761107,0.00086456723829968,-0.000336382301478974,0.000399651589519612,0.00121967604544881,0.000280021717419072,-0.000203515617795184,-0.000419624712561263,-0.000535653808009749,0.00121547856893817,0.00115936804056929,-3.66234426564265e-05,0.000142950076517025,-0.0004163895885358,0.000510011304626409,0.0011031596201714,-0.00190521222125051,-0.000566234278497612,-0.000381688235660188,0.000393308418609237,0.000473858579009709,-0.000128352457310274,-0.000406160296387825,0.000376251778692287,-2.04092769359035e-05,-0.000931990272026364,-0.00199722984254019,8.35762079311387e-05,0.000570262456364645,0.00034315353564343,-0.000820928306358346,0.000717766465580286,-0.000811778854357815,-0.00113913035793164,-0.000975816442860301,-0.00110179925921175,-0.000145593606442158,0.000182976147942256,0.000649886169560702,-0.000150532237800765,0.000288710458267828,-0.00199770083410784,-0.000978615549042252,0.000729795418003263,0.000176066938915532,0.000533871986107134,0.000834132082623205
0.0342680151857305,0.0451973275116616,-0.0428329870454454,-0.0394409051444558,-0.043087894511016,-0.0387620748871762,0.0236280017982041,0.0233431737992858,-0.0547871944733335,0.00371341306972953,0.0245930207114009,0.00839999200959386,0.0207591770589542,0.0224478066584409,0.0174778170256921,-0.0501787150000217,-0.05252626458077,-0.0458359132162464,-0.0552024353233001,-0.0056813343000504,-0.0483433258579195,-0.0438989871314793,-0.0488114632591411,-0.0508366695129914,-0.0517793942927315,-0.0454581038450313,-0.0518996243513725,-0.0331712343287253,-0.0451238999803811,-0.0440480106989041,-0.0459162163772859,-0.0440870749077215,-0.0397207198155302,0.00124451731447064,-0.000136002086728645,-0.00029445702475871,0.000267321608860503,-3.66444763067489e-05,0.000824390690417153,0.000740936854002386,0.000512076395299123,0.000552301730480433,-8.5566923962326e-05,0.000537903796396843,-0.0010063378876477,-0.00146890976810213,0.00161832347477872,-8.90654965251278e-05,-0.000765780010427437,-0.000223353571410511,0.000569516936776503,0.00173770857755557,-0.000390922693914639,0.000752751484979673,6.34638537290462e-05,-0.000157520393477085,-0.000605808952287773,-7.59388834568583e-05,-9.86004593171059e-05,-2.51585932774383e-05,-0.000369488578752778,-0.000888149993091679,-0.000665764342963761,0.00145138808303044,-0.00213771829134005,-0.00109244498432526,-0.000113601529957414,-0.00102875016272264,5.00544711807762e-06,-0.000387925600726274,-0.00160386192114038,-0.00102113440617936,0.000626433970381708,0.00122811811590039,0.000528666868608706,0.000392959808287096,0.00117244348126319,-3.21592474936032e-05,-0.0010139416695056,-0.00109069048842304,0.000870426966926439,0.000997120946255957,-0.00114663488534195,0.000363987848504052,-6.06727786387481e-05,-0.00150793441612436,-0.000244710752828671,-0.00206967712349589,-0.00110737841074803,0.000591609339481882,-0.000164866251023887,-0.000460570528095592,0.00159185564182027,0.000512464451246681,-0.00139090083952804,-0.000803674911575193,-0.000650316202323924,-0.000563949899440161,-0.00130839315016754,0.000170869748937775
0.029917344422732,0.040425412607102,-0.0398626638750541,-0.0339916062301593,-0.0387878420793371,-0.0351913386903085,0.0220648436967391,0.0216374343242187,-0.0458449328074932,0.00479085870154106,0.0192116920058714,0.00729073936657517,0.0199442200558189,0.0174778170256921,0.0185830628696326,-0.043998621407987,-0.0441240679354227,-0.0380618473594527,-0.0468514230709683,-0.00307173225068897,-0.0422151816216536,-0.0404390618418855,-0.0411418952558709,-0.0434530876613859,-0.0448244115303028,-0.0398923256247046,-0.0457391560944721,-0.0296007935960072,-0.038302262780859,-0.0381246734315604,-0.0392443007522616,-0.0380909520514971,-0.0347228973609639,0.000353616711781597,0.000971588394336191,0.000262122795408102,0.00130581907942354,-0.000212225659798457,-0.000356960619158201,0.000771527655257055,0.000578382100193787,0.000640755358187224,0.000177515267303172,0.000907214171894559,-0.000321833235671093,0.000417016591544052,0.00142888627121955,-0.000514930985671434,0.000231561459713549,-0.00100747664475661,0.000383547205325675,0.00134436509826398,0.000473739605166389,-0.000453594871240655,0.00137496615022161,-0.00101117818009173,0.00117172670661232,0.00038365973800241,0.000681130490575202,-0.00104279389470442,-4.73221573147613e-05,-0.00108752765620127,0.000824495357158312,0.00163702136105771,-0.000135737260427107,0.000772445827292177,0.000212523221804409,0.000642631748905862,0.00107420827297534,-0.00108264181282239,-0.000967874481432297,-0.000404503873894586,0.000858389672232213,0.000207105981538134,-0.00111113749875721,-0.000130362603297115,-0.000506528184688053,-0.000354765670992392,-0.000601391996552807,-0.00337096732526411,3.1518813617356e-05,5.83927640797784e-06,-8.17262778223956e-05,-0.00125347911454518,0.000348271201373959,-0.00136871034881329,-0.000847233969842192,-0.000463616338399441,-0.00147863879254293,6.12246259101854e-05,-0.00138848287861137,0.000250056030389698,-0.000945019083774904,-0.000608929906923819,-0.00258262779179946,-0.000898795072136137,0.000296642448573526,-0.000942867845160057,-0.0003822225016941,0.000174987258845305
-0.0888276525687402,-0.120542645686626,0.120481484386221,0.107010345602294,0.116992969353255,0.105146567749059,-0.0654511010291162,-0.0626372980215756,0.139406754334616,-0.0111275003572979,-0.0610220783824132,-0.0181222788227657,-0.0525870210609728,-0.0501787150000217,-0.043998621407987,0.145148887331755,0.139595092638283,0.1211487463186,0.148603870359756,0.0121058108335756,0.131313344490906,0.122501910509175,0.132659821268234,0.138642030701244,0.139824978251671,0.126336003608196,0.143371333967197,0.0948353410021203,0.122293818498751,0.121530592716292,0.125233149485237,0.119323120387076,0.113656196716036,0.000755422068114787,0.000405433741183058,-0.00228874287992749,-0.00220537482001855,-6.57299603440334e-05,0.000150488443539774,-0.000699733484502231,0.00143005967434892,-0.0018341852428361,-0.000633486315015688,0.000832636238138873,-0.00203814757576175,0.000590318944565559,-0.00168310508566908,0.000756324640977785,0.00229765715671604,-0.000314907616290241,0.00250122439389306,-0.000461006324705299,0.000987655304304076,-0.000285565629808051,-0.00244770275120891,0.0018818130773394,0.00227632397546962,0.000980972363008231,-0.000517918215086721,-0.00145490792682586,0.00435625697913012,0.00238311997162686,-0.00034397693651756,-0.000733037398770711,0.00314766191075539,-4.62415761007383e-05,0.0011144433308007,-0.000291667697247815,-0.00104184331799193,-0.000149125146251513,0.00241579451805984,0.0022718543691222,0.000614603737955344,-0.00015946867115529,3.08205800169087e-06,-9.52653194364464e-05,-0.00010314120977417,0.00163078810391885,0.00168841819853824,0.000609684958559027,-0.00132217485160975,-0.000164781172972334,0.000595131892964633,-0.000475068068873769,2.95715048705378e-05,0.0033404075254068,0.00250827350332755,0.00683721251195343,0.00147975548925185,0.00123331876246861,0.000992302233175335,0.00319217541934271,0.000566530711336869,-0.00154047092118871,0.000775971190551435,0.00320663863220056,-0.001458219749771,0.00228324518669268,0.00240597136431289,0.000786512857988928
-0.0893400459418928,-0.123743857020554,0.120569944918154,0.110216360526236,0.118779095494906,0.106837510323798,-0.067054715748024,-0.0661913639653988,0.145122851398994,-0.009755499085844,-0.0603398257338073,-0.0191464951024536,-0.054027485903439,-0.05252626458077,-0.0441240679354227,0.139595092638283,0.149684299237144,0.124282802430203,0.15194309436303,0.0130518550606842,0.135187322180415,0.122826294396395,0.135174317433205,0.142139473290387,0.143491866066727,0.124864475617637,0.146663841957179,0.0941236905099741,0.123287968570621,0.124707636839051,0.125333225550092,0.122195552685006,0.113423489491243,0.000513621513151062,0.002281345420782,-0.000878240558104556,-0.000997706402429371,-0.00113954070812717,-0.000570877716355774,-0.000770302208184512,-0.000186961549842762,-0.00153019670667667,-0.000227348448630491,0.000945070818735033,-0.00153097530616315,-0.000604083715597283,-0.00336217845644049,0.00102806121697359,4.75056770889908e-05,-0.00030199230729002,0.000440164285354674,1.39560763956614e-05,0.00100820481305503,-0.00104653435817497,-0.00153944129026503,-0.000178591278634508,-0.000660280414314526,-0.000878489909836665,-0.000987413998435352,-1.21314345052919e-05,0.00332525382311641,-0.000532705948651024,1.25948782469384e-05,0.000140147390830036,0.000172972302474216,0.000415471159904744,0.00252864847773565,0.000748702761082488,-0.00147560058996224,0.00321010662139063,0.00329964248070314,0.00297940443931785,-0.00020088659952584,-0.000206321706252506,-0.000990595932882944,-0.000819267078525391,-0.000816811764029717,0.00114557827758066,0.00096450933240734,0.000327678831522222,-0.00125087133124995,-0.000891080486104315,-0.000662188673883793,0.000112916536200314,-0.00145031669818523,0.00147919827103446,0.00169998241880936,0.00467066903129933,0.00193310672392943,-0.00149616358440796,-0.00120024534552781,0.00119947463898234,-0.00113789691238135,-0.00161553713459193,0.000917642996812607,0.00379854307316168,0.00159524361222393,0.00168169375622423,0.00192849297901613,-0.000754231897532363
-0.0786188508864592,-0.105306669624509,0.104270913366499,0.0925524942459979,0.103621993376698,0.0912659501720915,-0.0569772637430207,-0.0553153972734552,0.124490535528794,-0.00845221406196814,-0.0531148442805831,-0.015877975130483,-0.0456076947652681,-0.0458359132162464,-0.0380618473594527,0.1211487463186,0.124282802430203,0.113216757022837,0.131867339285452,0.0113031514922186,0.116278683855286,0.105949705380468,0.115168562100276,0.123249749287127,0.123453455934619,0.10995672855614,0.125582814100173,0.0807159685569788,0.10737246881558,0.104390906647854,0.108932145596241,0.105655425004439,0.09793031326958,-0.000915765591048402,0.00119486054952981,-0.00260894055769833,0.0011195752249385,-0.00164077225785435,0.000364746697094958,-0.000522923730034489,0.00015913888764562,7.3083590862529e-05,-0.000298632602699398,0.000645773620019405,-0.000300338394687403,0.00174545232353566,-0.00326005969155227,-0.000634279217974865,-0.000242280855362137,-0.00125655454968289,0.0014291277546438,0.000588925046657968,0.00158451728441149,2.94895954044926e-05,-0.000535298238593354,0.000819092581756133,-0.000866792759558395,0.000797242327658017,-0.000134941316873592,0.000338376214961527,0.00380875519486101,0.0016124559778094,-0.000610244497639639,0.000276137354735679,0.00143979365047209,-0.000989410020256764,0.000392132023366214,0.00202959296238082,0.00100895778251926,-0.000425845548639622,0.00157332297252527,0.000943632396211984,-0.000808739337547144,-0.000814176771509313,-0.0017860379990613,-0.000979485236537644,-0.00280388461085466,-0.00153346772175442,0.00135579501544097,-8.06297570380551e-05,-0.000783055295989602,0.000208168868527118,0.000934055147829631,0.00112124207377733,0.000764010767771254,0.00276311949429368,0.00184392167830036,0.0029069368900103,0.00193473293719691,0.000492056452599176,-0.00237398099633384,0.000381840927581649,-0.00041278284244284,-0.00198059585999291,0.000221515016830435,0.00200905610869609,0.000778626880234471,0.0025991646072969,0.00254021124038498,0.00134290348902765
-0.0942951896395431,-0.128430250438791,0.126285329717101,0.114334480565903,0.125429903615205,0.111882402650656,-0.0692318504996211,-0.0675520584406154,0.150663094994749,-0.0105290757713023,-0.0649485098136681,-0.0199911745514272,-0.0569166506826914,-0.0552024353233001,-0.0468514230709683,0.148603870359756,0.15194309436303,0.131867339285452,0.160433929001486,0.0138453967389357,0.140183917057569,0.129517284398121,0.141394378987162,0.14849745167642,0.150272307242559,0.131743839917508,0.154202086761623,0.0997984761907164,0.128394730416669,0.129923161373425,0.132388446856494,0.127485981742084,0.119673553993462,5.36421934070995e-05,0.000517024031519474,-0.00163260678204546,-0.000835327005831632,-0.000201306060389724,-0.000955466752484292,-0.00150301030498194,-0.000103762674930559,-0.000272388337388648,-0.000796204184631117,0.000389513865514634,-0.00037995531611722,0.00172690416470688,-0.00289752174766595,0.000904551597670227,0.000749754925075957,-0.000732341162030325,0.00201150434062279,0.0001145328499818,0.00149255179565992,-0.000618148505111637,-0.00148408652451021,0.000265255011497863,0.0001430645599091,-0.000452711983918333,-0.000939255809155302,-1.56750619942503e-05,0.00603029811843913,0.000355860856298726,-0.00169562467286817,-0.000656307251529683,0.00112503361216202,-0.000272862315138549,0.00119038635999443,0.00191944084987639,-0.00135436655220662,0.000655654283409459,0.00264665112036186,0.00204283085144728,-0.000317646375178949,-0.000977907396255288,-0.000773575043574975,-0.000846382542886024,-0.00209015639442704,0.000257172578756548,0.00187241042178924,0.00107834136955663,-0.00125475772878764,-0.000317912599086533,-0.000496509526503292,0.000226926547319522,-0.000325695096126099,0.00345527744003796,0.00172157072643669,0.00494437703976303,0.00244899361080284,-0.000345508474331003,-0.00187249331468381,0.00116771491055021,-0.000958069438666393,-0.00246811720689233,0.00192039252450286,0.00309233661803702,-0.000639807998153709,0.00130268460830444,0.00202732694913012,-0.000293255523193737
