0.0617843783648856,0.0787118804934904,-0.0770853666167411,-0.0665564480189194,-0.0746016779836892,-0.0654222563708985,0.0425187533646028,0.0412779902168128,-0.0892794198953264,0.00731507440337808,0.0376646848581858,0.0124705025116559,0.0337260273972029,0.0319028742296346,0.0300660305129917,-0.0888112651645236,-0.0892748336252699,-0.0777811403005178,-0.0939144560396044,-0.00829564346529422,-0.082816794669182,-0.0780110831873947,-0.0838331763183513,-0.0871436020727393,-0.0893964527821461,-0.0761351522193423,-0.0929371362015651,-0.0592337218761144,-0.0796898897906425,-0.0771923714290875,-0.0795533093111542,-0.0764766330537242,-0.0710501877305831,0.000623176882603997,-0.0018229362982693,0.00104728643571984,2.41959539304041e-05,0.00172519017254093,0.000627375918279237,0.000988964710653572,-0.000636989073554534,0.00200278753127362,-4.58952379557093e-07,-0.000182584970984041,0.000534211301556728,-0.00026388025660316,0.0019351737099411,-0.000851906335493659,-0.00240615089208099,-0.000483472112160906,0.00143472364346831,0.00112263074770502,-0.000646540348630829,-2.96551574988375e-05,0.000434331274519125,-0.00162393983113311,-0.000264262482550804,-0.00161138878540508,-0.00105526231314942,-0.0021343764856106,-0.00365508075993997,0.000230277070428352,-0.000507440646241072,0.000131601537827392,-0.0012753980568642,-0.000490379271620209,-0.000635973877431031,-0.00120787923391339,0.000878749995994553,-0.00165949843328659,-0.00231736183387765,-0.002480766907252,0.00097376705364283,-2.69911734991613e-05,-0.000620879836629955,0.00103650980717955,-0.000648268517926951,-0.00124927948579722,-0.000899216955887958,-0.00227929830195154,0.00095968575140409,0.00105523238362288,1.30964874890096e-05,-0.00103814758634405,-0.000806507699169008,-0.00355680420374308,-0.00103444078890372,-0.00516510110818002,-0.00297256652805455,0.000256741305085178,-0.00224881450250596,-0.00277537130413851,-0.000705374657619409,-0.00117004662582734,-0.00198796998464976,-0.00077443589274845,-0.0016985588053705,-0.00290712980697469,-0.00249735311471741,-0.00163667431005788
0.0787118804934904,0.108257935072323,-0.104306868971118,-0.0933751410264522,-0.103048261167333,-0.0904971661724698,0.0583539290087811,0.0567721420752232,-0.12373094505907,0.0100544853582942,0.0542844788396025,0.0172075746175259,0.0474867175986715,0.0452191398106366,0.0401870714028734,-0.120837538079208,-0.123418267388573,-0.105921309949068,-0.129434544106528,-0.01171674967286,-0.115089147508494,-0.107023908598815,-0.114221744465254,-0.122392518339437,-0.121150749274858,-0.107955546621473,-0.127019852958437,-0.0822158719923928,-0.107197073261007,-0.108193857910273,-0.108493341092998,-0.103674622583179,-0.0975434341131785,0.000271874902975931,-0.000552410422797562,0.000682252263464054,0.000758070478270088,0.00143135965284656,-0.000288904555812575,0.000115226929582776,0.000132094312130957,0.00161839604697603,-0.000835004474041506,0.000253862254204345,-1.40366320070006e-05,-5.11390349654013e-06,0.0021135451425721,-0.00120225195093615,-0.00261770252710449,0.000475362371150143,-0.00146221403709747,-0.000342236227203916,-0.000394960100463734,0.000151283345267296,0.00131687988729716,-0.00150085335145908,0.000373774009856461,0.000238776975911043,-1.52155407731729e-05,-0.000162534961870778,-0.00483251115331273,-0.00046599228883038,-6.82202049682625e-05,0.000462029281919936,-0.00108494579640127,-0.000385876617161275,-0.00154321772508331,-0.00201915290396286,0.00127707934089694,-0.00158243907668987,-0.00271979221011095,-0.00263597151019272,0.00121462264403398,6.72839752588822e-05,0.0010528161588842,0.00103804002123762,0.00186969548591297,-0.000751445064969462,-0.00141030885353734,-0.00137793596762977,0.000804465107239922,0.000340278745495885,0.000408031483297674,7.10466718712451e-05,0.000846000264753647,-0.00345485001505247,-0.00383216095805705,-0.00498759186077479,-0.00196532648127715,0.00176676799445015,-0.000897827850285794,-0.000274805610041314,0.000312747270940358,-0.000651288524213459,-0.00226617863712933,-0.00175203529686917,-0.000265782446108875,-0.00181558939852247,-0.00268098926618071,-0.00098774003500691
-0.0770853666167411,-0.104306868971118,0.104756408052305,0.0910894586850016,0.102288866175168,0.0901513464449793,-0.0576910884593121,-0.0550919252505421,0.119359032336353,-0.00966802375406451,-0.0505078500939665,-0.0159345435148481,-0.0464585229868697,-0.0423531090647871,-0.0397384251448826,0.120235753065712,0.120645879671825,0.104823377627084,0.126890201445045,0.00956491411583233,0.113769569377784,0.105986627460699,0.112804649612001,0.118584946999926,0.120624626779593,0.107537603339817,0.123567992025193,0.0798079358224776,0.104566296464843,0.105313066661786,0.105638878114619,0.10285361184975,0.0961058899943013,0.000538424303522465,0.000849367653778656,-0.00250619054167155,-0.00192405642383478,-0.000659635797739892,0.0015155522332262,-0.000613201332481393,0.000543838234472191,-0.00170618093045183,-1.24386688295176e-05,0.000902181743638031,-0.000927113668582547,0.000168299831372955,-0.00221411491404364,0.000413310441124418,0.000279864537812772,0.000264063833285762,0.00113458232284549,0.000255071301474592,7.68161759216883e-05,0.000446032317954734,-0.000933048555779743,0.000939535330791031,0.000680936943262704,-0.00063988325478699,-0.000915869224263845,-0.000126258658038216,0.00209851315033254,0.000400645778499124,-0.00128780598796235,-0.000344249196262617,0.0002084482688966,-0.000322777067574966,0.0016626695718927,0.00073849440558407,-0.000617055001676379,0.00171639176165512,0.00193258627853706,0.000863089234186748,-0.000778186631329273,0.000160325625358824,-0.000679117965175602,-0.000935538629172887,-0.000591298178990464,0.000958720104569373,0.00205173332387498,0.00172872604037557,-0.00152101632845908,-0.000439795115150638,-0.00102225870431965,0.000478618029280249,-8.51591788548603e-05,0.00225032224689701,0.00239304572918007,0.00421883819867238,0.00126239654266967,-0.000820217259799198,0.00101011534078597,0.00206566126139226,0.0014837293066293,-0.000428858037027458,0.000842314542130767,0.0021169243115038,0.00077478479897419,0.00231488862768092,0.00231571110483489,0.00165721488903767
-0.0665564480189194,-0.0933751410264522,0.0910894586850016,0.0846275681819079,0.0899886420764836,0.0806204480640778,-0.0509199996748821,-0.0487426596437403,0.108826247504041,-0.00850034223761041,-0.0475019464190705,-0.0145657491380051,-0.0417638699090293,-0.0397845073504531,-0.0342258111699042,0.107552699352325,0.109620504019657,0.0925583529568213,0.114592073547663,0.0095399907758148,0.101581895264,0.0941293295567517,0.100958337380898,0.106796045184385,0.106767734215767,0.0959509376560755,0.110121738160696,0.0716145878726983,0.0928127598647838,0.0938257200351286,0.0955079492514859,0.0910760263232307,0.0854816138812141,0.00101067110730531,0.000720430359838405,-0.000584856015098136,-0.000183927555464753,8.39323977870206e-05,0.000287596856348301,-0.00101166369205406,2.0661464558559e-05,-0.000396924677623929,0.00069654085453298,0.000177566005069826,-0.00030433413169552,0.00264420526520227,-0.00205975500686217,0.000378188307397117,0.00206986053054172,-0.00138265626561532,0.00190011639016158,0.000556428584947697,0.000185557723831974,-0.00150830543447548,-0.00179341782332763,-0.000124831298748141,-0.00114716488675765,0.00012482708159942,-0.000372568883314073,-0.000377830862874306,0.00277954212264204,0.000341470325613097,-0.000540247818601204,-0.00141213026304509,0.00170294691131407,0.000370780108837354,0.00250751334635035,0.00214279854137687,-0.000819702863570673,0.00190079406957315,0.00299438749775899,0.000471615666146538,-0.000820420668354361,-0.000923224649832498,-0.00143312780529256,-0.0011450045220541,-0.00191643864355861,0.00198765941756682,0.00115293609269343,0.00196132858934164,-0.0011390466888519,0.000517695246080649,-0.00248763857972199,0.000436276160255117,-0.00229109170980848,0.00134904637893181,0.00179379645421559,0.00329185057778356,0.000909125777172372,-0.000259736036354198,-0.00134461171958889,0.000380724650963162,-0.000415935826393318,-0.00133173418290801,0.00136131434027571,0.00331151067667708,-0.00139612627637391,0.00190063783707478,0.000145185133338949,-0.000178930670500989
-0.0746016779836892,-0.103048261167333,0.102288866175168,0.0899886420764836,0.101692178781348,0.0897816683372196,-0.0565889455142356,-0.0550280625488117,0.119341021698789,-0.00958763370135838,-0.0515335437790706,-0.0162349429921541,-0.0467343295448205,-0.0437293788170955,-0.0394978623309009,0.116779897364024,0.119779821397128,0.103527621494772,0.125799377245303,0.010104587143933,0.112426691911413,0.103883419514495,0.11153214389211,0.117831863187467,0.118967605360993,0.106690861686802,0.121571946903863,0.0788549078054914,0.102151684135893,0.104115824971547,0.104829860441035,0.101379899277444,0.094771383956449,-0.000652833127883173,0.000470591947709937,-0.00305410282812182,-0.00158847558371252,-0.00194599254689297,-0.000142703337927165,-0.00128281623107607,0.000397178549977011,0.000289439505834393,-0.000733775486378545,0.000517202418299904,-0.000995140651112962,0.000745190857443546,-0.00256735053597295,0.000780408812414145,0.000881125677735194,0.000158926015409963,0.00242134429989007,0.00170389138669898,-2.33014999970841e-05,0.000279193612367493,-0.000201764954829057,0.00144856329994895,0.0021583674475967,-0.000510855589578669,0.000242368501516044,0.000344969921793664,0.00264810903293855,0.00181954967538855,-0.000284727081361212,0.00064982665455229,0.000772953547608656,9.98269478625978e-05,0.00107262822716273,0.0007010449626234,-0.000682186328676409,0.00144996696993521,0.00213976893841819,0.000919149332073205,-0.000931946191750486,-0.000352644938682538,-0.00139973368970583,-0.000549623885024293,-0.00140843285802837,0.000461768545865956,0.00194337984714817,0.00106582157994941,-0.00135812054946761,-0.000479633000365931,0.000304676366660858,0.000325145882821318,4.35078269833222e-05,0.00223226563575214,0.00239941528900583,0.00391471673157452,0.00105316337861738,-0.000507428013205574,0.000631382266407357,0.00180775808307618,0.00108429729001035,-0.000697725384707961,0.00117868677595842,0.00222642507350808,0.000654479780726385,0.00130506998838969,0.00293919082980509,0.000927618009821416
-0.0654222563708985,-0.0904971661724698,0.0901513464449793,0.0806204480640778,0.0897816683372196,0.0821106672567874,-0.0498073667477422,-0.0483585425289469,0.106541566666588,-0.00761578775498675,-0.0456084859003589,-0.0153860678752349,-0.0416700118253992,-0.0383466888295678,-0.0348490805321296,0.105193095877402,0.106839216870805,0.0905724210509683,0.112308323474899,0.0091452754617245,0.0992213155112699,0.0918928016180796,0.100510027621105,0.104252833126371,0.10655682756383,0.0944215387379255,0.108451623889553,0.0704303691148365,0.0906223105521999,0.0920310634812491,0.0944540547105644,0.0902798038526698,0.0846899658031784,6.74453209176419e-05,-0.000897820722008382,-0.00240641604994199,-0.00209829680878235,-0.000168486268626714,-0.000698971950101926,-0.00180307452112758,0.000112451900290745,-0.000539585388947968,-0.00149651583388941,-0.000485004369642272,-0.000680603946793033,-0.000358885091466696,-0.00170177155921316,0.00102289944871514,9.2590199846578e-06,0.000411356952475393,0.000820122734063623,-0.000913770792200094,0.000459382101869074,0.000361599426841069,-0.00128340756030002,0.0014822191549176,0.00228967432325805,-2.32848384184597e-05,8.44186400020546e-05,-0.00104970061182157,0.0010494349330273,0.00117302272075861,-0.00011408834986872,0.000240831215142374,0.0010715822060653,-6.91784932045227e-05,0.00163989072336021,0.000992031268535868,-0.00161495085845096,0.00193699564971203,0.00239773773505956,0.00054788897261981,-0.000942125910277797,-0.00100316416492757,-0.001412661855113,-0.000694160661935527,-0.000974397626778003,0.000699901216612441,0.00114303634224843,0.00148980578753432,-0.00134667095209159,0.000373098621769292,-0.000301250435220713,0.00168003376117824,-0.00186180683193356,0.00112540167811375,0.000629113041684005,0.00290078654924536,0.00056210740711619,0.000863222622041855,-0.000781002881634989,0.00221977300400364,0.00157504384600903,-0.00208795636126048,0.000824358797010898,0.00231990625060321,-0.00111700109181194,-0.000402012085860278,0.00160775579936334,-0.00138988586501915
0.0425187533646028,0.0583539290087811,-0.0576910884593121,-0.0509199996748821,-0.0565889455142356,-0.0498073667477422,0.0326263417621554,0.031266685498326,-0.0660350229904907,0.00571220979000518,0.0286485641785111,0.00923306590258757,0.0261054517423659,0.0238820939322911,0.0222288341022357,-0.0663035784033633,-0.0670308791421176,-0.0572813610060466,-0.0702279055489844,-0.00529031912374027,-0.0628157834074789,-0.0590811451481513,-0.0619001724041189,-0.065772394923799,-0.0656265346011141,-0.0597894951879487,-0.0688702112861503,-0.0442669661617803,-0.0575702204366334,-0.058666243216465,-0.057845814075026,-0.0563151212496222,-0.0528819256256676,-0.000265796154728884,-0.000576538054144227,0.00118253354248238,0.000242815496327627,0.000572016377756749,-0.00066084976049544,0.000127017881751652,-0.000255914581676274,0.000617492209579315,-0.000451370601298874,-0.000864672875443878,0.000245981948020103,-0.000905164651430082,0.00121189120513451,-0.000218662864121198,-0.000892892437361742,-0.000142626732489681,-0.00131210281285221,-0.000538259152413308,-0.00036890840799967,-0.000740358809060479,0.000323265983745485,-0.0013512638836157,-0.000444408034065499,-0.000353477271531002,-0.000188750151694836,-0.00018766855436774,-0.00167021609829408,-0.00126481483030361,-0.000432268960003145,-0.000258801429799247,-0.00120475219653947,-0.00104051405045864,-0.000151017384895481,-0.000128941362648678,0.00102820104530274,-0.000391627429973457,-0.000503494249967719,-0.00116414044959061,0.000190118365260062,-0.000774733120255654,0.000497764212719933,0.000530660142348245,0.000325985841383221,0.000590910384726492,-0.000394516755114733,0.000203493458046099,0.00107495240380752,0.00124655635341414,0.000524942163278471,0.00119564601902325,0.000529904529176957,-0.0011338215430405,-0.000691158039954202,-0.00234817511648933,0.00071038414675814,0.00235033549919912,-0.000602315548118345,0.000293654454365108,0.000787441891620216,0.00070916742015452,0.000715430914462768,-0.000799474738512159,0.000905764662075974,-0.00026418925387119,-9.95835999703719e-05,-4.26309975288689e-05
0.0412779902168128,0.0567721420752232,-0.0550919252505421,-0.0487426596437403,-0.0550280625488117,-0.0483585425289469,0.031266685498326,0.0311512684187091,-0.064529125738298,0.0058079271282969,0.028457752134329,0.00924803844706071,0.0255844212188585,0.0244013536216223,0.0220127815275351,-0.0626558092857909,-0.0651977274528489,-0.055308201512154,-0.0681715700343113,-0.0058833627700824,-0.0603321962409296,-0.0560902035661077,-0.0599394092728805,-0.0639586974645529,-0.0629476518907161,-0.0580186546848387,-0.0668861079714649,-0.0426999807949011,-0.0553134226581564,-0.0561727866181197,-0.056160667430754,-0.0544380379871341,-0.0511730307756012,0.000860245830427629,-0.0002614917502842,0.00106078161001449,-0.000225396603194475,0.00166900916550515,0.000419099841851517,0.000279170086665827,0.000293936124812657,0.000291647611408412,0.000199215685310913,3.11465167103722e-05,0.000624192036274403,-3.42962674610299e-05,0.00170910087930908,-8.31016619036141e-05,-0.000653926489729024,-0.000174030901020876,-0.000439138971019255,-8.09998077832874e-05,0.000189437390885921,-0.000120325095468259,0.000832553975523411,-0.00191410336055023,-0.000461568575779984,-0.000497223987013119,-0.000225326407492969,0.000302874280290757,-0.000951645635097027,-0.00184438566665112,-0.000938248624345836,-6.30442218228831e-05,-0.00112622387870379,-0.000654788446946796,0.000129906737309222,-0.000426667121593198,0.00103507441674414,-0.000607395001778183,-0.00115085061878193,-0.00147882708927359,0.000446842723561087,-0.000331744582203224,0.000660978779823783,0.00061803526349288,0.000525338782706704,0.000635965858481126,-0.000636898394601537,0.000379170689115222,0.0012604329728307,0.00123702209847476,-0.000928434933654488,0.00120335658419948,-0.0002959302691413,-0.00166041844142578,-0.00102686122304899,-0.00272284259139354,2.38896642884858e-05,0.00149803821217906,-0.00141677482797172,-0.000237225235365971,0.00114554874369295,6.80231649414929e-05,-7.38271362461682e-05,-0.000733091170482428,0.000438180156455966,-4.05469166766078e-05,-0.00156858107734036,-1.48036390282862e-05
-0.0892794198953264,-0.12373094505907,0.119359032336353,0.108826247504041,0.119341021698789,0.106541566666588,-0.0660350229904907,-0.064529125738298,0.146697379932005,-0.0102409056115164,-0.0634116182333734,-0.0201660432607306,-0.054767175769527,-0.0537371935881375,-0.0451463980096163,0.139536184976006,0.145387631847287,0.124965755046814,0.151657136990421,0.0142848788717998,0.134327828653439,0.122560246709266,0.13455184022248,0.14269586408105,0.14312507888987,0.124283659268399,0.1458686013912,0.0950108166639615,0.123675990457863,0.124110687549422,0.127798078866976,0.121052520319438,0.113476897290699,-0.000999583880525817,0.000942479173846498,-0.00142905831303822,-0.00108394821164101,-0.00149888132952161,-0.00175936009182993,-0.00169738750006534,-0.000543964043957764,-0.000350328859482347,-0.000377740515889346,-0.000638333968154058,-0.000160394239803767,0.000671882487254174,-0.00297032529079443,0.00166992162508235,0.00225547307321745,-0.00119381011318343,0.001740296338302,0.000124721481993473,0.00128575581927998,-0.000735354951191838,-0.000444697152266625,0.000462694613726915,0.000283900149254642,0.000656583814787231,0.000978334876893337,0.000900017761215058,0.00508690516579981,0.000333851428345705,0.000371173665818171,-0.000321720650847464,0.00176632760914136,-1.25187947621007e-05,0.00129175474770052,0.0015357144505515,-0.000847493868196809,0.000639419596978416,0.00266828055886879,0.00311343907188435,-0.000626013946193335,-0.000699286001615608,-0.000895402794158043,-0.00027014962368236,-0.00241077665225833,0.00103865928867686,0.000895399922226203,0.00126789421363383,0.000230433766072047,0.000944510724312995,0.000254409501681022,0.00193076879733895,-0.00178846895829515,0.0032837924869825,0.00231476726395999,0.0042760702085362,0.00248037232630675,-0.000115749820928683,-0.00209598817657649,0.000570455278992768,-2.94374887459054e-05,-0.00132526997714443,0.00290826473659959,0.00284109209338609,0.000541807748199825,0.00155517730377622,0.00279088700321929,-0.000757067263753019
0.00731507440337808,0.0100544853582942,-0.00966802375406451,-0.00850034223761041,-0.00958763370135838,-0.00761578775498675,0.00571220979000518,0.0058079271282969,-0.0102409056115164,0.00220789035672797,0.00535193626122104,0.00131976220954445,0.00501387092347962,0.00449640469280219,0.00487991193120253,-0.0104449714117116,-0.010013311719234,-0.00867206156706087,-0.0112528444001576,-0.00033423699158229,-0.0101255191128764,-0.0100505014256738,-0.00908098220574495,-0.0103555624058682,-0.00918292840643,-0.0109363839376974,-0.0113131687407523,-0.00674257788594397,-0.00863455884287794,-0.00931791876382623,-0.00929299915726774,-0.00879809337617026,-0.00802593513692388,0.000698931883848789,-0.000444595048523827,0.000512220337512324,-0.000309250075824757,0.00103096691430295,-1.56202982074328e-05,5.81422706919423e-05,-2.7084051455061e-05,-0.000415846557828547,-0.000240825994425014,-0.000189098255048296,0.000654285074572916,-0.00113922121270494,0.000810497677648091,0.000433347188913282,-0.000962209152447769,0.000253572643578368,-0.000490903354679059,-0.000911684262119705,0.000642668649845842,0.000417656097136393,0.000583366576312859,-0.000536994635679202,-0.00031766464707073,-0.000469765615987508,8.2407525629782e-05,-0.000668987595450972,0.000140744131967725,-0.000985657231460818,-0.000293112176257544,0.000313955660824282,-0.000690819726802113,5.619230342981e-06,0.000247955597730598,-1.66712619990828e-05,0.000590075052161707,0.000559293659902779,0.0002239254364554,-0.000492521432449594,-0.000182715648380312,-0.000493745112909688,-0.000263443171721676,-0.000213019610538108,-0.000224658963062552,-6.44740598094629e-05,-0.000188423402904623,-0.000291736276945515,-0.000250094306792661,-0.000289986893164496,-0.000165900670784004,0.00060096265469061,-0.000628181631056284,-0.000756806851202983,-0.000567121318060026,-0.00136992389215014,4.10894255972605e-05,0.000525463954176317,-0.00162123560217569,-0.000696700116309023,6.83471644439592e-05,-0.000894556857477574,-0.00038541931283053,-0.000437788811334237,4.97203910351493e-05,-0.000740735772235863,-0.000347680017784183,-0.000881604599164463
0.0376646848581858,0.0542844788396025,-0.0505078500939665,-0.0475019464190705,-0.0515335437790706,-0.0456084859003589,0.0286485641785111,0.028457752134329,-0.0634116182333734,0.00535193626122104,0.0301671796996357,0.00922792460346484,0.0250985176480129,0.0247449360740062,0.0207431855828508,-0.0584216846075343,-0.0615161158414958,-0.0519964846595667,-0.0648280990966931,-0.00616511551505059,-0.0573472378797805,-0.0534069412567312,-0.0566281897451595,-0.0612839001336146,-0.0598284305446967,-0.0537790401564381,-0.0621945144811895,-0.041197549264422,-0.0520205239937457,-0.0543562131735691,-0.055375543181834,-0.051106826240403,-0.0478053743047383,0.000133210848973318,0.00110101725515581,-0.00052167243919416,0.00131204012000258,0.000267776743858827,-0.000152519479289773,-0.000176050431083331,0.00294842723102452,0.00080673618343316,-0.00135926097240671,0.00232226990039657,-0.00184144742435184,-0.000163033203806307,0.000322917280597409,-0.00175595294509377,-0.00126402383688345,0.000264796274198913,-0.000766942028189404,-0.000591383207891225,-0.000226989561221525,0.000813586825427363,0.00150441295813099,-0.000345742781540217,-0.000311144032785001,-0.000536120663629152,-0.000475034796710589,-0.000198056350846998,-0.00192883800181831,-0.000303998973250254,0.00010309814226715,0.000734131633170886,-0.00031036975163529,0.000426076877870731,-0.0005113464431994,-0.00134701150201566,0.00088934122987388,-0.000389785809494943,-0.00166884201598065,-0.00123134156217647,0.000964311774771514,0.000564432418288728,0.00114658397811884,0.000277700562350644,0.00212498395019795,-0.00071128751640375,-0.00037089323103773,-0.000451441563439762,-0.000290080127802873,-0.000593104440020823,-0.000258462842050569,-0.000716849633034243,0.000998830841382992,-0.001999886790341,-0.00191194031323917,-0.00307117232785912,-0.000976776265177176,0.000133230305534145,-7.81428746024848e-05,-0.00060391720027271,-0.000116338200290771,-0.000247771922287573,-0.00167168436031837,-0.00166019836723438,0.000460511126260236,-0.000769743805551102,-0.000546781398753882,4.56606825725327e-05
0.0124705025116559,0.0172075746175259,-0.0159345435148481,-0.0145657491380051,-0.0162349429921541,-0.0153860678752349,0.00923306590258757,0.00924803844706071,-0.0201660432607306,0.00131976220954445,0.00922792460346484,0.00437647490446204,0.00841535110159506,0.0076844108870681,0.00741751673117083,-0.0185082144356923,-0.0195470558166077,-0.0156737865476292,-0.0206004997677159,-0.00153615005659821,-0.017589583291862,-0.0169994917478959,-0.0179441178072881,-0.0188515040406967,-0.0186859299786018,-0.0158654893088918,-0.021022004788871,-0.0125332110005527,-0.016123760647603,-0.0170840453611538,-0.0168211135532076,-0.0154923873587542,-0.0145231065746215,-2.90715104299652e-05,0.000594248425696755,0.000101561858640331,0.000964254214679791,-0.00081380212781651,0.00076323008657144,0.000423256804596478,0.000321278425604291,0.000576040206163669,0.000434937058133831,0.00047774242868559,-0.000799313578599718,0.00135966642197616,0.000336301330347312,-0.00105265141976442,0.000242605784058142,-0.000668832611667031,0.000358473280867299,0.00189895805577576,-0.00104155228364447,-0.000922651856111689,0.000105308978355048,-0.000906119469439018,-0.000923052587141678,-0.000246193888209886,-9.1927785715937e-05,-0.000439542891798048,-0.00162423506129461,-0.000212957391845635,-6.58026009137412e-05,0.00046535068429926,-0.000442064637535692,-0.000347429552138093,-0.000234185391068672,-0.00106152714145655,0.000611686196068308,1.39208641356264e-05,-0.000428247891446721,-0.000480927811254203,0.000574150231560521,0.000429406233674247,0.000577972347421571,0.000615642268832933,0.000621173908808445,-3.3963108361483e-05,0.000271338277541549,-0.000960318950300197,-9.15194990824096e-05,-0.000222635707818921,8.67043078606585e-05,-0.000724292877628628,0.00123927606223188,-0.000727938973588502,0.000167015653571118,-0.000187455045857496,-0.000176348111042775,0.00108590732708692,-0.000199274219931281,-0.000703555226396249,9.37595676354837e-05,0.000506391174888308,-0.000756773906017975,-0.000131770051671429,0.000705683625395985,0.0010159293120743,-0.000402396517081042,0.00129620007023914
0.0337260273972029,0.0474867175986715,-0.0464585229868697,-0.0417638699090293,-0.0467343295448205,-0.0416700118253992,0.0261054517423659,0.0255844212188585,-0.054767175769527,0.00501387092347962,0.0250985176480129,0.00841535110159506,0.0229036779226832,0.0210904715625644,0.0196816372660313,-0.0527665681618876,-0.0541559357540716,-0.0458677263847969,-0.0576484092311685,-0.00395688356063936,-0.0510444345910173,-0.0481709537063064,-0.0502014609798895,-0.0532284488679252,-0.0532358577510338,-0.0487462247783088,-0.0558783706265553,-0.0355625487076445,-0.0453839826039341,-0.04773866627403,-0.0479747455013445,-0.0455414805715002,-0.0422173832632674,-8.98298336960644e-05,0.000799900545369847,0.00112011246547612,0.00182971553996032,-9.91416262804813e-05,-0.000129820289478635,0.000709939376675923,0.00100927262926424,0.000191601740471413,7.83219371096995e-05,0.000852607001805179,-0.000543875509571651,5.10154725603157e-05,0.00100828800200372,-0.000932302735787535,-4.78078457560037e-05,-0.000433696036047404,-0.000742667334428999,3.84472588432169e-05,3.19345665080954e-05,4.83868057724048e-05,0.00119793890193158,-0.000630812736908075,-0.00146208197337692,0.000223934976120589,0.000493476888732247,-0.000398491382772755,-0.00112483356503702,-0.000628864721494792,0.00100316300504815,0.000892015141882717,-2.0435552033868e-05,0.000610798682272284,-0.000309573554609874,-0.000809174400153566,0.0010053136515308,-0.000161699474564107,-0.000806276586009346,-0.000361936822677618,0.000588190477388412,0.000352806953151861,0.000791062336564133,0.000318025678154697,0.000977064678472457,-0.000198672516606884,-0.000249501118621454,-0.00114066925220805,0.000252400942796954,9.76167568849704e-05,0.000132137454694971,-0.000196858226427725,0.000515853674755634,-0.00126427388995719,-0.000538253622046023,-0.00202841462113634,5.57712758070251e-05,0.000853195273982798,-0.000913546683663654,-0.00151518086447257,-0.000369702681976214,0.000559321297803843,-0.000891342711241004,-0.00106082787596642,0.000623300860369134,-9.44458867922329e-05,-0.000722374404322507,0.000252258831080714
0.0319028742296346,0.0452191398106366,-0.0423531090647871,-0.0397845073504531,-0.0437293788170955,-0.0383466888295678,0.0238820939322911,0.0244013536216223,-0.0537371935881375,0.00449640469280219,0.0247449360740062,0.0076844108870681,0.0210904715625644,0.0219631775164621,0.0175564627993498,-0.0480161406338381,-0.0530081033588588,-0.0447995073548895,-0.0552755584532163,-0.00527497536045123,-0.0483152896846481,-0.0439565805297922,-0.0478155373147077,-0.0512766656416505,-0.0505211456898425,-0.0450040391959029,-0.0523230819688513,-0.0335019715472826,-0.0431944281684962,-0.0442317852824278,-0.045803479368436,-0.0432147865542351,-0.0399634965595117,0.000913563600207771,-0.00017154101471912,0.000491786908730165,2.97844715622209e-05,0.00137269249909041,0.00150331096383127,0.00111653989256866,0.00121148512638706,-0.00110023435886129,0.000232577361048755,0.0011102018461864,-0.00031357871262898,-0.000947208216081369,0.00173766707441774,-0.000702216416088662,-0.000903564277302756,0.000414128933487964,-0.00065419613597771,-0.000756879504542421,0.000229720672865234,0.00143479643514954,0.000654989948591051,-0.000163330800858656,-0.000288434610468251,-0.000319880297197631,-0.000401798351651221,-0.000958117963244652,-0.00193131965906134,-0.000781420277249026,0.000194485400717585,0.000926521336707364,-0.000416707808532799,0.000386180052186636,0.000180444165494937,-0.0010196546197493,0.000126214056581796,-0.000222288093704429,-0.00161183926675263,-0.000857161089506763,0.000574730664992833,0.000885912828333163,0.000821019713630367,0.000307737933247316,0.00154831542901598,-0.000313874483235157,-0.000103271478176161,-0.000493593247482471,0.000363810475129359,0.000725101013588885,-0.00090552505451744,0.000235069200320009,-0.00033188243753318,-0.00165452462730678,-0.000403898841012736,-0.00196877348822886,-0.000811462508526269,0.000216217976838878,-0.000157033147259693,-0.000612467414543798,0.00129279774044106,0.00040255099747305,-0.00156089605534436,-0.00110133235784121,-0.000232086947677436,-0.000687620633739555,-0.00146937851270278,0.000279192625124258
0.0300660305129917,0.0401870714028734,-0.0397384251448826,-0.0342258111699042,-0.0394978623309009,-0.0348490805321296,0.0222288341022357,0.0220127815275351,-0.0451463980096163,0.00487991193120253,0.0207431855828508,0.00741751673117083,0.0196816372660313,0.0175564627993498,0.0180381611044622,-0.0441294191713789,-0.0444465715769075,-0.0380154567264473,-0.0479916225810068,-0.00266152637072791,-0.0423202012170963,-0.0408096903669455,-0.0416001382791276,-0.0436547170240526,-0.0440257269775262,-0.0406583904215825,-0.0474976643670385,-0.029204171279487,-0.0379174384528221,-0.0395639220854754,-0.0398909155109414,-0.0380412515744773,-0.034848173809525,0.000319533855855977,0.00051471257761673,0.00127430275875625,0.00192996495840085,9.86634429144604e-05,-9.42442408838557e-05,0.000670431124614291,0.000965572717120295,0.000821649186244695,0.000317107243001413,0.000885243274433419,-0.000257140991869234,0.00077756955803057,0.0012194753070699,-0.000773575683004327,0.000295804201428743,-0.000959205381348388,0.000588121838964622,0.0010681666554423,0.000159452455629414,-0.000163171654565162,0.00136601132679245,-0.00107980800365109,-0.00169811216814714,-0.00020880165930217,0.000736762190205834,-0.000945352680812857,-0.000572613555409669,-0.000575743058402417,0.00107510511194642,0.00128810823275744,0.000119288760197005,0.000899102560737252,-0.000169488635440662,-0.00093317619142426,0.000986968918054113,-6.07331617461989e-05,-0.000684785317776577,-0.000420957967686341,0.000691223292252003,0.000227426796278008,0.000248824281615105,0.000507017492599179,0.000186828370495444,-0.000572111049807209,-0.000482643642985011,-0.00194868603785087,0.000146654968119846,-0.000158934240476232,-0.000198075418366728,-0.000642692104772055,-0.000346611920391555,-0.00186665536397906,-0.000459005020260292,-0.00254864237913752,-0.000695148576259837,0.00061697808639049,-0.00261829534019733,-0.00307038682837949,-0.00104668374356291,-0.000474192152372028,-0.00142572349549466,-0.000808569910461956,-0.000153583769179031,-0.000711566647477159,-0.00150085389322625,-0.000553554680732809
-0.0888112651645236,-0.120837538079208,0.120235753065712,0.107552699352325,0.116779897364024,0.105193095877402,-0.0663035784033633,-0.0626558092857909,0.139536184976006,-0.0104449714117116,-0.0584216846075343,-0.0185082144356923,-0.0527665681618876,-0.0480161406338381,-0.0441294191713789,0.142737514044683,0.140586155427122,0.120627251878631,0.147924564439898,0.0122627666227793,0.131621670703223,0.122452075197448,0.132210945623133,0.138589424794047,0.140466477025511,0.124388408331212,0.144499317346595,0.0939817679443833,0.123072073746573,0.122430056683017,0.124939355874923,0.119704351626289,0.112822423248367,0.00106943779352092,0.000943070176897423,-0.00183939501793428,-0.00115869338163817,1.46157423780794e-05,0.000953691326399727,-0.00123355267283477,0.00237707335644756,-0.00208726671403526,-0.000131938296682621,0.00133872605882565,-0.00189912524365033,0.00136408145717695,-0.00217407452906282,6.07834460902311e-05,0.00269174644734714,-0.00113360756890343,0.00161543248098697,-0.000427291946891654,0.000442602721283929,-0.000122812620954458,-0.00199336423856902,0.000708495018222985,-0.000475775181327196,-0.000329730108689584,-0.000745158354908993,-0.000993380497043273,0.003257008267194,-0.000473698475975694,-0.000429995393677344,-0.000331745367122163,0.0019145905599958,0.000213963835144111,0.00285525202138404,0.00115316049243083,-0.00230905331311951,0.00200624150541384,0.00222364076423492,0.00223354104902004,-0.000188519798848935,0.000295190168407115,-6.5643754759805e-05,-0.000504571891044777,-0.000209556998172145,0.00128354668272845,0.00116181370351071,0.00226231467297812,-0.00082402618958219,0.000842422396765824,-0.0027514642142213,0.00108634083590432,-0.00268195726197698,0.00184036986370063,0.00228850189201193,0.00458556987027991,0.00108896406660362,-0.000351799238021734,-0.00129828162531405,0.00053185558477165,0.0012533795412016,-0.00136365212535134,0.00110089733076475,0.00255453059609798,-0.00116940328791161,0.00171967391241301,0.000901861228256668,-3.82091184762474e-05
-0.0892748336252699,-0.123418267388573,0.120645879671825,0.109620504019657,0.119779821397128,0.106839216870805,-0.0670308791421176,-0.0651977274528489,0.145387631847287,-0.010013311719234,-0.0615161158414958,-0.0195470558166077,-0.0541559357540716,-0.0530081033588588,-0.0444465715769075,0.140586155427122,0.147209216637558,0.125580487449225,0.152223398561119,0.0137984145617313,0.134956730330388,0.12290985125435,0.13503587366164,0.142558291155114,0.143297167905235,0.125701510666802,0.146265227957183,0.0946456710945913,0.123805997463285,0.123464328679467,0.125652170655253,0.121454561327462,0.114050278228906,0.000123661747157154,0.00152163289088611,-0.00123752344906375,0.000100742443704705,-0.000876451085753947,-0.000720041104959199,-0.00122204892557013,-0.000308724509433461,-0.000954936488050085,-0.000363906622758744,0.000365170242768856,-0.000722050320299917,0.000598633667165676,-0.00338516855590913,0.000424423013063462,0.000277770531765811,-0.00106060144484533,0.000865477893413304,-0.0009632813420664,0.000912886135647008,-0.000894211014124488,-0.000873926296023305,0.00048130698616358,-0.00170328167764611,0.000279181406746856,-0.000226185218552812,-0.00097079767955966,0.00312239040045355,0.000662953628691048,-2.78728717154547e-06,-0.0011567665823798,0.00150433106225153,0.000497028982297509,0.00175031797687665,0.00162357590826665,7.27179512361377e-05,0.0019076527506714,0.00336210466023772,0.00170202323334988,-0.000755896567446264,-0.000753363743139995,-0.00151102039045622,-0.00155850987820877,-0.00222794172852782,0.000927201797422995,0.0015114856184051,0.000559481617897783,-0.0020341160558273,-0.000826380697491307,-0.000565067574500565,0.000235066952480261,-0.00147406062349669,0.00217685126392935,0.00156771906013361,0.00329871847181,0.00146730206888273,-0.000881880336443281,-0.00211795771957705,-0.00025790611119331,-0.00176467193744324,-0.00231986319128325,0.0010516026894605,0.00305935799001313,-0.000128970050155111,0.00153260921388096,0.00226402157774353,-0.000817982844717637
-0.0777811403005178,-0.105921309949068,0.104823377627084,0.0925583529568213,0.103527621494772,0.0905724210509683,-0.0572813610060466,-0.055308201512154,0.124965755046814,-0.00867206156706087,-0.0519964846595667,-0.0156737865476292,-0.0458677263847969,-0.0447995073548895,-0.0380154567264473,0.120627251878631,0.125580487449225,0.110410051014195,0.130375050472376,0.011616873856327,0.116955438942229,0.105804578244918,0.116043261478004,0.122917546939038,0.124672791932921,0.107792271206819,0.124817089001095,0.0813107657802125,0.107282472722707,0.10642128472752,0.108564687820876,0.105372178298627,0.0983994041663133,-0.000663510322242941,0.00226831378798835,-0.00217126257676876,-0.00075844442993377,-0.00179088029314927,-9.14169978389774e-05,-0.000947316147656318,0.000125664552773815,-0.000586493622086143,-0.000254993404939205,0.00099290304439208,-0.00106674100960044,0.000586945801039232,-0.00302931133077782,0.000330779656024251,0.000318820439285887,-0.000947780207213193,0.00143101276562156,0.000942260591888394,0.00070613981217088,-0.000320874070428916,0.000639944783787719,-0.000382143952311392,-0.000662513966320075,-7.67246877317549e-05,2.55683830525633e-06,0.000732633932816466,0.00313348163153359,-0.000115790338014463,-0.000609549339530553,-8.677125657445e-05,0.0003581962238152,-0.000487410255460912,0.000374672695043613,-0.000325120312394979,0.000678460301307061,3.06029240142983e-05,0.00114233001357518,0.00240813102259099,0.000245952765991164,0.000494366595013471,8.63112530839006e-05,3.02292729474901e-05,-0.00114961657895283,0.000184203051713542,0.00133899281506899,-6.41510830446283e-05,-0.000348340254599744,-0.000426339450766902,0.000564779136675862,0.000601351570609882,0.000470438446119121,0.00255138781695482,0.0018330405779292,0.00322799873750703,0.0018208124320904,-0.000688173109989927,-0.00158419802681428,9.14435659104389e-06,-0.000183617945370126,-0.00119898860873001,0.00111646902754054,0.00190713341367877,0.00223504394495927,0.00262953521071201,0.00291259205207959,0.0010473204918686
-0.0939144560396044,-0.129434544106528,0.126890201445045,0.114592073547663,0.125799377245303,0.112308323474899,-0.0702279055489844,-0.0681715700343113,0.151657136990421,-0.0112528444001576,-0.0648280990966931,-0.0206004997677159,-0.0576484092311685,-0.0552755584532163,-0.0479916225810068,0.147924564439898,0.152223398561119,0.130375050472376,0.159120366387335,0.0138635602656907,0.140978657083158,0.129413283476947,0.140952017943137,0.148704577203309,0.149785501732458,0.132089034003295,0.153547041250563,0.0991907454689807,0.129513993441919,0.129799382789411,0.132817802582403,0.127375765755168,0.119310930758093,-7.26524971367882e-05,0.000895307674828582,-0.00198065712059535,-0.00114094587900209,-0.00102794475202146,-0.000655817596640721,-0.00184250339927896,0.000356358374944116,-0.000735404969709658,-0.000705487742830211,2.84998865499945e-05,-0.00109446900255192,0.000787241139809138,-0.00338295367470288,0.000605809957606088,0.00135453974347545,-0.000989870445852214,0.00133030982153389,-0.000338660842964511,0.000314190109213569,-0.00110038562673663,-0.00169864016828576,0.000461846308419938,-0.000343793654365414,-0.000281739732387474,-0.000608011552563606,-0.000306797169720882,0.00361519976206006,0.000199542792743403,-0.000854826617432893,-0.00126308471064575,0.00116971498970322,-0.000511908162167225,0.0016393802390507,0.00142385195043793,-0.00117446782601743,0.00143123963798337,0.00283737557057823,0.00230033978635102,-0.000524377137361298,-0.00055619185983799,-0.000826744147651201,-0.000733541268704992,-0.00167601468444597,0.000826895185322632,0.0010390228237056,0.00158075699066268,-0.00112489919685109,-0.000345789558961924,-0.000648970993450911,0.000569608931952639,-0.00134882231094623,0.00268337347458478,0.00174427932164031,0.00436571360690036,0.00144682677134116,-0.000617445465810383,-0.00124205263613226,0.000721679862499084,-0.000560561300101345,-0.00188700925816831,0.00190626377738904,0.00267193912580583,-0.000171284600881397,0.00158137609106288,0.00250715014754676,-0.000534947499729673
