0.0566381659976065,0.0774938315616785,-0.0761233126347479,-0.0680442526776855,-0.0751958759680234,-0.0669496472216761,0.0420308489604218,0.0406364909199266,-0.0903129510329004,0.00666846109520327,0.0389189038039919,0.0121205488763981,0.0341620466688114,0.0327057575619537,0.0285457392141594,-0.0886848445107224,-0.0904500496423992,-0.077925021242305,-0.0946869651465393,-0.00839685521991291,-0.0842737875459058,-0.0775750966042533,-0.0843395717417025,-0.0888676649427654,-0.089815684995993,-0.0793027953549081,-0.091729363702649,-0.0597501960218545,-0.0779808690823555,-0.0782705100163755,-0.0796609363893801,-0.0763435298328071,-0.0714827487476531,0.000196282474486575,-0.000625563440986237,0.00123229138512267,0.000617682350872419,0.00102934608456927,0.000299259055410653,0.000718438876224797,-0.000485494710306904,0.00047570122076726,0.000257333551503929,-0.000218690829111597,0.000656754937097009,-0.000635161284695751,0.00168420863187784,-0.000593269309586499,-0.00141935681561791,0.00054031026143669,-0.00113049879559747,-0.000442996279439587,-0.000326789681810118,0.000220122875402609,0.000474314157296406,-0.000707795503899923,-0.000261937780715422,0.000179322103753252,-0.000154684901686063,-0.00010411633209858,-0.00256710587225006,-0.000607479693504473,-4.21732493173246e-05,-0.000169275250497951,-0.000932970591405864,-0.000154774620740809,-0.00115172985827827,-0.000958987692455394,0.000700011642502145,-0.00111409997168324,-0.00186701304456995,-0.00132744396616345,0.000544273930608135,0.000287794164191056,0.000822013076102631,0.000441407020021684,0.00122992633148643,-0.000688823087021417,-0.00101364542733824,-0.000847197227765141,0.000683623678355647,2.544492420466e-05,0.000315315964074354,-0.000479500134926209,0.000849712367614069,-0.00172484745682749,-0.00162828763027521,-0.00288475398191093,-0.0011360404757194,0.000304818328276776,0.000468681836021146,-0.000396471377127711,-0.000468369429256212,0.000488318385411645,-0.00125590250549376,-0.00161677122099569,-8.91460388725349e-05,-0.00121658022687349,-0.00174481909086902,-0.000219921993124981
0.0774938315616785,0.106038113020394,-0.10417553623227,-0.0931023212586571,-0.102882474438033,-0.0916253529734909,0.0575130536663734,0.0556094048917806,-0.123570363347524,0.00911414363244136,0.0532586350785531,0.0165968381723921,0.0467625142996032,0.044740433427375,0.0390828093784729,-0.121352494333477,-0.12377942722848,-0.106626535207769,-0.129573837446169,-0.0114851520555388,-0.115329086795589,-0.106141483561595,-0.115407595639066,-0.121611304621702,-0.122902476209684,-0.108505121923479,-0.125533772213673,-0.0817615886830238,-0.106696195900181,-0.107094955622689,-0.108995162373614,-0.10447233519863,-0.0978164525668783,0.000136614102731859,-0.000693734630995583,0.00152696132304529,0.00101057295282242,0.00118949546727214,0.000184495663464185,0.000843880743110187,-0.000356666924411048,0.000975437897998632,0.000256541007136968,-7.77227336237366e-05,0.000750787322914503,-0.000549405879912535,0.00221766408887097,-0.000818321503245655,-0.00162602531263392,0.000711697230641977,-0.00125167504994609,-0.000293962601675052,-0.000408110648848073,0.00035136924278982,0.000912195619865692,-0.000857549882259938,-0.000111157893911863,0.000343963456481412,6.29697081972416e-05,0.000107989804712208,-0.0032153208895537,-0.000606335073266775,0.000159757068860256,2.14509686233704e-05,-0.00104158559548784,1.77493960311063e-05,-0.00153981562281552,-0.00128031691529726,0.000973323247033709,-0.0014816323393121,-0.00250166132680256,-0.00185127751433825,0.000714984246983959,0.000344099278354603,0.0010693432265392,0.000619144709630744,0.00168862938437595,-0.000879863849627619,-0.00132939148339287,-0.00108110533963514,0.000941900217034474,7.55778014840549e-05,0.000422818285717777,-0.000617386776835583,0.00116010930297552,-0.00235825754927635,-0.00217669636657228,-0.00393232185398794,-0.0014932198943332,0.000453162359538891,0.000648914315333387,-0.000481122917009789,-0.000581339897247868,0.000712111428534143,-0.00166193313446442,-0.00215927425035367,-8.62994389471011e-05,-0.00163977341647157,-0.00234315985597883,-0.00025773713384498
-0.0761233126347479,-0.10417553623227,0.102371521291303,0.0914786773428683,0.101055635662437,0.0900419463987172,-0.056471316325901,-0.0546128812555514,0.121382370953605,-0.0089343829868054,-0.0523387069709755,-0.0163176425921972,-0.0459604852230178,-0.0439384009734051,-0.0384341024710562,0.119223027191417,0.121616228421478,0.104731954333181,0.127302842301721,0.0112690019870182,0.1133162014596,0.10425805094372,0.113397721093021,0.119475474312926,0.120749930099341,0.106596222875456,0.123334311035608,0.0803233786613043,0.104799774962899,0.105188638753579,0.107066704783972,0.102635192249355,0.0960882778580597,6.86891607638714e-05,0.000432220651592101,-0.00123235167117081,-0.00126218832062353,-0.000819725228914179,0.000174448632753339,-0.000603004107950767,-0.000163490801630485,-0.00149093446943077,-9.52419444285991e-05,-0.000300162772637886,-0.000501187883013513,1.2395648353064e-05,-0.00204449058797356,0.000840818274408904,0.0010795408657336,-0.000650150447515432,0.000733239992200323,-0.000230133811615753,0.000336912218242715,-0.000459255809781468,-0.00130132348008264,0.000658296405775079,-0.000280847898319139,-0.000503463381999238,-0.000500372813871366,-0.000527678513486847,0.00267765832010445,0.000247235175326904,-0.00050518948901088,-0.000441373224407899,0.000648492769189316,-0.000377648670089499,0.0016549350746356,0.00138335943406593,-0.000863442164697437,0.00155824045291324,0.00257409977750753,0.00170680809932841,-0.000781054860195248,-0.000408006839421806,-0.00106835939118426,-0.00073309607184792,-0.00174921918869568,0.00102223190840737,0.00141299579849343,0.00115388265786426,-0.000969875551248993,6.23719065014942e-05,-0.000456321933222491,0.00075317225278464,-0.00113105073571333,0.0023497962394888,0.00225654828417286,0.00387278024452167,0.00161517070673562,-0.000264702638609272,-0.000572291848940911,0.000621788129495025,0.00068421586650403,-0.000624794925431373,0.00174358289968725,0.00220747398280493,0.000155879049561998,0.00172786087477773,0.00239327330844145,0.000332634162249525
-0.0680442526776855,-0.0931023212586571,0.0914786773428683,0.0817971637386337,0.0903290878329777,0.0804493374363527,-0.0504157590256198,-0.0487559605670122,0.108488183715886,-0.00799706637475594,-0.0467829710953139,-0.0145539966327382,-0.0410350257461747,-0.0392929720805247,-0.0343162882189753,0.106548593759861,0.108653693898593,0.093571097810285,0.1137392197579,0.0100671082205654,0.101235192352581,0.0931778758581381,0.101363234193998,0.106735128928557,0.107909043217357,0.0952954152424927,0.110164423711791,0.0717702686605646,0.0936589406736803,0.0939916217399363,0.0956982025112749,0.091687974232101,0.0858435721571692,-0.000160709039645439,0.000659560959656313,-0.00133210132348698,-0.000874211100086514,-0.00108144996478923,-0.000206899596087928,-0.000753618546413822,0.000305370159811493,-0.000840945446270698,-0.000230016973531572,4.62739128281236e-05,-0.000682116007374383,0.000491075660567296,-0.00197247928338639,0.000783999241722717,0.00144518097310996,-0.000616905121491773,0.00108319440115845,0.000256648974836273,0.000360346594059777,-0.000385919194227978,-0.000720932508389443,0.000753011166004766,0.000149110603830025,-0.000306669526419924,-1.13620434636816e-05,-0.000109296117828966,0.00285457220560262,0.00059516173140241,-0.000108024743033592,-1.91292648086529e-05,0.000953351067779201,3.69544688728681e-05,0.00186065005495506,0.00157324851747421,-0.000556528644050089,0.00173805633655003,0.00271090513414669,0.00119806702769568,-0.000949946210062903,-0.000685737817258239,-0.00121531455861462,-0.000794397104592723,-0.00168602081515897,0.00143144967350468,0.00167702134199733,0.00150656173544184,-0.000911985984380558,0.000447649985826052,-0.000510318732460575,0.00107279184928853,-0.00100755612445434,0.00216154124936661,0.00242280109228513,0.00353928932596719,0.00193983057831448,0.000206915573293494,-0.000373913771828545,0.00105403036154877,0.00104370450082236,-0.00025353784886929,0.0019743840896389,0.00233404753699978,0.000403704526688176,0.00183794887202054,0.00247221574348991,0.000606548841702191
-0.0751958759680234,-0.102882474438033,0.101055635662437,0.0903290878329777,0.0998366063473546,0.0888774345876029,-0.0558164926381926,-0.0539613701118728,0.119906318588394,-0.00885839421980239,-0.0516637648624895,-0.0160903309017926,-0.0453518754860546,-0.0434236957414481,-0.0378887976722648,0.117739388407322,0.120083303442119,0.103464769380055,0.125709955148332,0.0111529366012293,0.111883022139066,0.102996389226184,0.111963545236797,0.117986508710264,0.119239770876395,0.105282168892418,0.121785935093773,0.0793277980103714,0.103536458610101,0.103923382566553,0.105762936995184,0.101359663956618,0.0949083287934486,-0.000305018163103824,0.00088507028389793,-0.00170073843168007,-0.000757063203816525,-0.00144619587091,-0.000477779820062547,-0.0010065058136556,0.000767909087311796,-0.000505996428666829,-0.000378581195893431,0.000382305725093299,-0.000926085600336422,0.000968214867057231,-0.00226553848276702,0.000772450968414374,0.00200621756858077,-0.000729805587670278,0.00162084933956629,0.000712071796897935,0.000448930970715444,-0.000257477946696286,-0.000540857487934503,0.000983618370327715,0.000435781860131353,-0.000198124334538761,0.00030569059262111,0.000240214759739483,0.00351986603587937,0.000883505056148719,0.000135922015781197,0.000325030483528759,0.00132425704647107,0.000286290425717946,0.00144552430331453,0.00119941416981892,-0.000980560683177625,0.00141197285296222,0.00240074064402968,0.00183074015041174,-0.00067240286292814,-0.000327972418137934,-0.00106011118964843,-0.000531778641127314,-0.00159150545751521,0.000812568260516571,0.00127049081123802,0.00104849671559283,-0.000888681925793946,-0.000116515299591696,-0.000395288500697175,0.000549842728582373,-0.00113124325920433,0.00227320676899281,0.00208366820936788,0.00381913229994026,0.00141154543624343,-0.000506741328019921,-0.00065689602783087,0.000429178170946914,0.000542817510393778,-0.000702407623744635,0.00159066366508577,0.00208316848998947,6.94018572347976e-05,0.0015484267807684,0.00225421190117155,0.000235932058609919
-0.0669496472216761,-0.0916253529734909,0.0900419463987172,0.0804493374363527,0.0888774345876029,0.0791999778388704,-0.0496786449157291,-0.0480442280761502,0.106756972687028,-0.00785475122284106,-0.046032233918844,-0.0143585457933481,-0.0404328678754561,-0.0386391597160047,-0.0338121184849574,0.104860498381396,0.106972978071358,0.0921202430792808,0.111973599643864,0.00991184098264875,0.0996730818765238,0.0916969399564553,0.0997329481308723,0.105090951846673,0.106204483216583,0.0937478784416551,0.10848927464992,0.0706499401512054,0.0921739678234109,0.0925191149410858,0.0941651746441292,0.0902786956967786,0.0845188150466385,0.000114918511802443,0.000313095078247441,-0.00102548379446012,-0.00117358888593945,-0.000634417746994317,0.000243225006153886,-0.000476734389120965,-0.000257758483282731,-0.0014345498388747,-4.74465238044242e-05,-0.000343973732291368,-0.000382633317510941,-0.000109666288323253,-0.0017624826527999,0.000733613718994261,0.000829128099746867,-0.000562516824624599,0.00053660268115358,-0.00031888091866501,0.000281475276723351,-0.000412807181703068,-0.00125307844563856,0.000537521714625218,-0.000345968596310107,-0.000479053636607178,-0.000548306499771849,-0.000555846205774862,0.00223995446537803,0.000125411645217254,-0.000529693499682728,-0.000482725320755356,0.000477597150659004,-0.000424614011077233,0.00137722940259369,0.00114754506985503,-0.000803186562821826,0.00129879619284583,0.00217861134364652,0.00156868411645255,-0.000634776839231344,-0.000291393579757137,-0.000883704751494113,-0.00061847877922907,-0.00151468566014094,0.000791686180426701,0.00115626847305361,0.000914642471464052,-0.000844618923235163,-2.58787526599954e-05,-0.000380394245853214,0.000580327135820522,-0.000995229809335881,0.00205439986930065,0.00190030298868048,0.00338956552202517,0.0013175618619446,-0.000323366463037117,-0.000531143725971383,0.000443450782358107,0.000511573496362844,-0.000613307993753498,0.00144673522116868,0.0018658806093001,8.19745346236107e-05,0.00145964011294538,0.00203550428178593,0.000227962220151971
0.0420308489604218,0.0575130536663734,-0.056471316325901,-0.0504157590256198,-0.0558164926381926,-0.0496786449157291,0.0313270596618799,0.0302713071993715,-0.0670430492846626,0.00496209854978727,0.0288471060647282,0.00902038574798803,0.0253842321350589,0.0242608240300544,0.0211741451511818,-0.0658178913641988,-0.0671655362531792,-0.0579124577096325,-0.0703146396597443,-0.00626163996870335,-0.0625797784010785,-0.0576016404744209,-0.0625361719981049,-0.0660169160225366,-0.0666568087238249,-0.0588145728195436,-0.0681620951642564,-0.0443712700224158,-0.0579128394372592,-0.0581554610142075,-0.0591255672008755,-0.056721015883242,-0.0531162657743604,0.00013365855301827,-0.000448935146653684,0.000995079251132329,0.000410976432374483,0.000794302412728803,0.000242048870146705,0.000570376368167164,-0.000501414500555215,0.000243216354049769,0.000222990606492715,-0.000290810134183918,0.000511386289214281,-0.000590413343512699,0.00124449811704546,-0.000329833926508302,-0.00115640977269873,0.000425631514603949,-0.000988091870645173,-0.000461353917231292,-0.000255488601246116,1.51143897495747e-05,0.000373835782344498,-0.000571444026370814,-0.000212777171121284,8.42987641715126e-05,-0.000157070483007065,-0.000205528049509577,-0.00197740512764122,-0.000441346301195183,-6.89461030366454e-05,-0.000231647358183189,-0.000726555973000726,-0.000124165092403531,-3.31480498037607e-05,1.36996432601179e-05,0.00100332863042301,-0.000125631025921344,-0.000561602290376166,-0.00167358933883783,-0.000113587651146273,-0.00039667066474477,0.000178520506097578,-9.12186161116157e-05,0.000575897307270921,0.000546463416464001,6.22282403673856e-05,0.000255391613137799,0.00036486794021245,0.000847347482809313,8.85392991307524e-06,0.000500931860290447,0.00064984570542436,-0.00113128622529121,-0.000388299300051524,-0.00200464388756522,0.000165549965647143,0.00120597687623994,0.000666792738258358,0.000719037079584029,0.000504726627074847,0.000955484925069893,-0.000108264557628955,-0.000501270592848561,0.000458356282037114,-0.000258295795631657,-0.000630986509714031,0.000444227152233383
0.0406364909199266,0.0556094048917806,-0.0546128812555514,-0.0487559605670122,-0.0539613701118728,-0.0480442280761502,0.0302713071993715,0.0292559307191557,-0.0648167404112942,0.00479000557180362,0.0278999888462668,0.00872489170111932,0.0245493469688303,0.0234526298351111,0.0204876200857969,-0.0636401613543746,-0.064944329070263,-0.0559833149966129,-0.0679867619237101,-0.0060475017150836,-0.0605111483432673,-0.0556865864920997,-0.060475726704112,-0.0638284100049771,-0.0644528327115105,-0.0568690483055679,-0.0659033043669158,-0.0429003640955815,-0.055985749479784,-0.0562177513481507,-0.057163263206477,-0.0548393963303217,-0.0513509310778226,5.64028548445287e-05,-0.000344611735147389,0.00086064968328073,0.000497594720060496,0.000639939853470379,0.000104072669712139,0.000467537906933941,-0.000290798025307657,0.000434231032437105,0.000157028131094291,-0.000137629166771378,0.000407484450555963,-0.000373203119494156,0.00115498940917612,-0.000338429532027632,-0.000924775798838097,0.000392403830953395,-0.000767240871206737,-0.000250712485263579,-0.000223115278383694,6.41938379361169e-05,0.000507010890101683,-0.000483235347596114,-6.34144432433699e-05,0.000144194570241289,9.33296862120976e-06,-3.8858978740773e-05,-0.00173362270078278,-0.000301042678375672,6.15825840925444e-05,-6.58192212814907e-05,-0.00056483543628763,1.09483365452245e-05,-0.000129340740757353,-7.26563738740297e-05,0.000909544797669125,-0.000197731063487399,-0.000631096426688015,-0.00153927419998218,-5.25019999437374e-05,-0.000324190431222994,0.000203110182058321,-1.96399539261382e-05,0.000608305036248776,0.00041225844897823,-2.3970195446326e-05,0.000164420772795058,0.000376859589119943,0.000723638138152542,3.59364849904456e-05,0.0003834841648193,0.000624120301214485,-0.00111407629209184,-0.000463931751847552,-0.00194934063862624,5.01775056252295e-05,0.00104607096097694,0.000603319144648556,0.000584748464202661,0.000399552971510734,0.000863706936351753,-0.000190746075043937,-0.000554814567542802,0.000388198604257619,-0.000328014468388332,-0.000680167284658179,0.000366898362809462
-0.0903129510329004,-0.123570363347524,0.121382370953605,0.108488183715886,0.119906318588394,0.106756972687028,-0.0670430492846626,-0.0648167404112942,0.144013176518206,-0.010634379788043,-0.0620539520209187,-0.0193324561889556,-0.0544808965571839,-0.052148813767106,-0.0455190941221207,0.141415380861669,0.144237370081624,0.12427045640992,0.150993892134056,0.0133937623329225,0.134388587182023,0.123703642666159,0.134477494878419,0.141717942276709,0.143218818641655,0.126447475065852,0.146285274251154,0.0952812587317728,0.124352232224915,0.124818767592157,0.127025784634234,0.121746839472329,0.113995865716315,-0.000297156125281331,0.000977957231680618,-0.00196107840763805,-0.000994793411544256,-0.00162314536222368,-0.000456664962890832,-0.00113688161861326,0.00076428853982228,-0.000775194624384105,-0.0004053814174233,0.000345914344374438,-0.00103549338878424,0.000998143528335186,-0.00267557616130928,0.000929043317238145,0.00224642621278622,-0.000862595159152695,0.00179538640143291,0.00069467924354248,0.000519048498437755,-0.000332589687562462,-0.000787564336276277,0.00112431972922489,0.000394553971410046,-0.00028853679816236,0.000224465140945588,0.000160125661190848,0.00407365970578434,0.000943448776803578,5.03433015992552e-05,0.000260195048245703,0.00146838057140703,0.000224090641631102,0.00170135629256455,0.00140984005073488,-0.00119520903286705,0.0016598982072437,0.00283976848590739,0.00223046079740956,-0.000782008755785367,-0.000356102830932791,-0.001235926169443,-0.000638496395178855,-0.00190795198985249,0.000922673971926161,0.00148004103730498,0.0012013287059485,-0.00106799487210575,-0.000177326946287701,-0.000465887277269424,0.000623533231143702,-0.00135773725235481,0.00272641444872382,0.00245989820878301,0.0045766039150983,0.00164378293347596,-0.000646504562667585,-0.000799147997776611,0.000463730079092316,0.000604304042430137,-0.000878116197854237,0.00186496376892213,0.00246078750320879,5.45285287085994e-05,0.00183425036982101,0.00267142994940201,0.000249011479079317
0.00666846109520327,0.00911414363244136,-0.0089343829868054,-0.00799706637475594,-0.00885839421980239,-0.00785475122284106,0.00496209854978727,0.00479000557180362,-0.010634379788043,0.000798631948723556,0.00456693992667068,0.00141528679592548,0.00400210925756713,0.00385920083610288,0.00332923258583593,-0.0104287686191201,-0.0106282699553378,-0.00917824057639692,-0.0111309432023512,-0.000997321609922084,-0.0099005264685493,-0.00913700538931112,-0.00990839195646381,-0.0104492840970582,-0.0105586546328667,-0.00933067779938855,-0.0107810864869506,-0.00702784189509451,-0.0091868013866046,-0.0092220176786738,-0.00937937471498896,-0.00897812120447679,-0.00841232604930405,0.000176517718833785,-0.000262132953941,0.000343843665017393,-0.000128686074515995,0.000382980008914544,0.000302648309094322,0.000253553974594644,-0.00043931684707969,-0.000341560286912996,0.000147293699488431,-0.000304829706194629,0.000254600438473137,-0.000467894514751446,0.000299484313079157,-4.60846946080005e-05,-0.000553604905338348,9.96097814479933e-05,-0.000501727542966794,-0.000438435638726681,-8.62295277547048e-05,-5.45941030058788e-05,-0.000250503428584628,-0.000220404472250451,-0.000324216488895129,-0.000101910325907255,-0.000347248433537686,-0.000325342147840238,-0.000662039740727516,-0.0003345247039842,-0.000266125318814308,-0.000332862854302819,-0.000391048269141347,-0.000289450137846555,-5.88297400877369e-05,-4.51250579803671e-05,0.000134289462529076,-7.97321981067794e-05,-0.000162486642528899,-0.000214922783267385,2.39796002690997e-05,3.80722690155412e-06,9.93111582599749e-05,-2.66227941010286e-05,8.91386109910797e-05,-1.36345552302688e-06,-6.88738367301074e-05,-6.3339589474506e-05,5.21352706654925e-05,7.5184393088531e-05,1.45998515420863e-05,2.22887999731876e-05,0.00010576605781379,-0.000183545292454849,-0.000132980041032952,-0.000337164651947643,-5.94092991123395e-05,0.000135496873391537,9.24349809174286e-05,2.81072596412818e-05,-1.52655211160745e-06,9.17733596682718e-05,-9.47815737607083e-05,-0.000151201010488141,2.3608063468858e-05,-7.89295970434697e-05,-0.000161092385726208,1.14221460073435e-05
0.0389189038039919,0.0532586350785531,-0.0523387069709755,-0.0467829710953139,-0.0516637648624895,-0.046032233918844,0.0288471060647282,0.0278999888462668,-0.0620539520209187,0.00456693992667068,0.0267634150662588,0.00833610761892442,0.0234889396524686,0.0224670019300724,0.0196476365540268,-0.0609514428406167,-0.0621666716760207,-0.0535295305603938,-0.0650735617069551,-0.00575666980219204,-0.057923577039431,-0.0532970806942536,-0.0579830595982621,-0.0610681858746056,-0.0617317246488782,-0.0545045657541481,-0.0630362592331518,-0.0410593686046915,-0.0535723623597589,-0.0537659882577528,-0.0547372374541501,-0.0524591861529106,-0.0491123716818472,-1.31638173579984e-05,-0.000248056422554953,0.00063999099649708,0.000628640490616744,0.000446759210148618,-5.87894945071759e-05,0.00032276403865573,6.18146247706121e-05,0.000732480762595046,5.75111940216335e-05,0.000142461408863694,0.000274316842430638,-3.37597790787315e-05,0.00105925488765901,-0.000448089089206956,-0.000581572277572351,0.000332257566654457,-0.000393372129935069,9.3718312751586e-05,-0.00017586691434652,0.000253021977884443,0.000621882002024537,-0.000345222696513928,0.000109559472333923,0.000251035808859858,0.00022182499908114,0.000254377851860155,-0.0014011261625542,-0.000161900803301932,0.000232088138633186,0.000205993013750483,-0.000360974613513048,0.000160137226205338,-0.000994399393102519,-0.000838191100736131,0.00035495738096613,-0.000925031703786395,-0.00146727513040981,-0.00074761421188015,0.000493791483399418,0.000322202362931276,0.000629585500670542,0.000445344760786505,0.000952009243319982,-0.000715984589406094,-0.00087270756125682,-0.000755438365370227,0.000519646162440608,-0.000182102599407361,0.000273749078869857,-0.0005398898592453,0.000575284530026035,-0.0012274818179101,-0.00130400237872737,-0.00200588369292577,-0.00101038345126386,-4.04937882324734e-05,0.000235964329493257,-0.000503345284653281,-0.000506993116770611,0.000209665286643737,-0.00104317615574608,-0.00125803045867272,-0.00017628271073429,-0.00099920733468767,-0.00134568116045083,-0.00028219929736719
0.0121205488763981,0.0165968381723921,-0.0163176425921972,-0.0145539966327382,-0.0160903309017926,-0.0143585457933481,0.00902038574798803,0.00872489170111932,-0.0193324561889556,0.00141528679592548,0.00833610761892442,0.00261551565554878,0.00734428401456949,0.00698599755187122,0.00614314932222336,-0.0189952348986527,-0.0193943120098616,-0.0166977152601559,-0.0202980105374683,-0.00179598802668007,-0.0180725255471611,-0.0166072382127154,-0.018058204534077,-0.0190549155330046,-0.0192409818971277,-0.0169672742554651,-0.0196799324568224,-0.0128042618201427,-0.0166947770248006,-0.0167639120509483,-0.0170500605253256,-0.0163701975144271,-0.0153230783359628,-0.000142113111825917,9.25077165517652e-05,5.45632475560874e-05,0.000354603675817363,-7.83472314611088e-05,-0.000244402817294289,-3.36219530810828e-05,0.000302471583164344,0.000535876190630345,-7.27575631457379e-05,0.000242180543054151,-6.06361133975147e-05,0.000290077335702674,0.000239761380649324,-0.000121152422175961,0.000119350462812556,8.08294802804068e-05,0.000146072057142028,0.000319021054588176,-1.77299760573803e-05,9.64869220308246e-05,0.000468529981856782,-4.36018368837022e-06,0.000283409884754281,0.000168170607053141,0.000341004683415769,0.00030677362579643,-0.000148273229982274,0.000182251186866856,0.000286657332646222,0.000299450004782274,0.000120655487324308,0.000283067661799542,-8.55996153972681e-05,-6.31873367151969e-05,0.000236718942405649,-8.45615641126641e-05,-0.000215082844766776,-0.000425604641483148,5.43006536977633e-06,-8.96058362252846e-05,4.10137810548606e-05,5.88701583526524e-05,0.000225707986598251,8.215653588635e-05,-2.72809275603866e-05,4.61731429938649e-05,0.000136095551827846,0.000173823417148911,2.51393150044172e-05,6.67068778972451e-05,0.000181001113663137,-0.00034662796416207,-0.000166820162954792,-0.000578638760820638,-2.21981986938255e-05,0.000247616713828335,0.000154003493385023,0.000136974244469051,9.72783163637199e-05,0.000245511629957454,-7.93612502703411e-05,-0.000178480270871667,0.000101169114303019,-0.00013893810940728,-0.000222587751920169,9.47569308915371e-05
0.0341620466688114,0.0467625142996032,-0.0459604852230178,-0.0410350257461747,-0.0453518754860546,-0.0404328678754561,0.0253842321350589,0.0245493469688303,-0.0544808965571839,0.00400210925756713,0.0234889396524686,0.00734428401456949,0.0206577927054147,0.0197063724275693,0.0172743304085217,-0.0535182522064009,-0.0546151219635692,-0.0470312212341108,-0.0571654561450519,-0.00506109176550459,-0.050889879544846,-0.0467982354629328,-0.0508895811298892,-0.0536577012022102,-0.0542064527091209,-0.0478292254848744,-0.05540285076285,-0.0360658894031326,-0.0470434458032793,-0.0472279161891946,-0.0480521848103806,-0.046096309802866,-0.0431530482439082,-0.000180538305525345,-9.81109130661091e-06,0.000397328623900328,0.000737868360977105,0.000132642792297944,-0.000322992959636205,0.000125783817308142,0.000378281128091356,0.0010010280291338,-5.50540985825781e-05,0.000347249243865559,6.69840892338992e-05,0.000318478565672605,0.000819783139062781,-0.000355858831468608,-0.000160335085971944,0.000267576651850426,-4.01226646801856e-05,0.000415474089212208,-0.000111243202685303,0.000223194825391166,0.000882125002557447,-0.000184299721728851,0.000395897814576235,0.000322767710577847,0.000518603390947461,0.000481579204357781,-0.000890520834699023,0.000141292105749592,0.000458478256438934,0.000451550634215297,-3.89560922872267e-05,0.000422028028208658,-0.000488393691136184,-0.000396290602237957,0.000530969961413774,-0.000468966631750777,-0.000881585767072738,-0.000984475248069254,0.000182534191206366,-3.1249508047055e-05,0.000305403793070309,0.000236645084376953,0.000703601757085109,-0.000113332264823008,-0.000357790984153281,-0.000200515873740965,0.000405373174485514,0.000233389087036246,0.000136499842736634,-7.15578906997828e-05,0.000509847415701841,-0.00101381852936106,-0.000741932796895209,-0.00168619078104714,-0.000393840845697074,0.000414459267386616,0.000348532687005134,5.33978096399326e-05,-1.86499168939515e-05,0.000483955423222822,-0.00050492640993131,-0.000749756113439045,0.000106487573134066,-0.00057976823240498,-0.000851837630092456,5.71177760906299e-05
0.0327057575619537,0.044740433427375,-0.0439384009734051,-0.0392929720805247,-0.0434236957414481,-0.0386391597160047,0.0242608240300544,0.0234526298351111,-0.052148813767106,0.00385920083610288,0.0224670019300724,0.00698599755187122,0.0197063724275693,0.0188940672289116,0.016460514156113,-0.0512003639413885,-0.0522075476156391,-0.0449878989673322,-0.0546564017114134,-0.00485098575148373,-0.0486409795866638,-0.0447934715502584,-0.048692912569747,-0.0512956524636589,-0.0518508739596475,-0.045793915714329,-0.052940923508847,-0.0344926874435672,-0.0450278484507452,-0.0451918209270791,-0.0459990312999452,-0.0440665011463365,-0.041264341406142,0.000234580989327478,-0.000510269251470552,0.000854252866386912,0.000206973267368798,0.000793655415377081,0.000378014987382142,0.000540835922183109,-0.000556732029796572,-1.83845473103416e-05,0.000234887122646878,-0.000324305459418622,0.000513666209426305,-0.00065499477099104,0.00105213131944324,-0.000340631206632525,-0.00110506625831894,0.00033632955003601,-0.000917452991546738,-0.00053667826680591,-0.000223939426186787,8.6644074682575e-05,3.21047276343816e-05,-0.000508512531944976,-0.000376913441707054,1.50776434851287e-05,-0.000339163928382394,-0.000284655945078931,-0.00175165563856866,-0.000556972592503452,-0.000222041523407956,-0.000325496944589776,-0.000752553966580339,-0.000299149208810197,-0.000728424769518575,-0.000609707827771229,0.00037208954294987,-0.000708372492818866,-0.00115695447838411,-0.000708992801148105,0.000360628814805549,0.0002342307286267,0.000541311520344208,0.000256466525895239,0.000717360715123657,-0.000494195241068333,-0.000668102223892723,-0.000593373495204981,0.000394033339476776,-5.32704554671914e-05,0.000198285580936774,-0.00034398909609536,0.000492233141899374,-0.00100309409497461,-0.00101743504113155,-0.00168427299786875,-0.000749289521969605,0.000106724529541302,0.000251836429822116,-0.000322579206690599,-0.00035645466649862,0.000219776248648082,-0.000807349299631825,-0.00100781422457624,-0.000103537079415203,-0.000749045609207718,-0.00107251933934526,-0.000188981094109608
0.0285457392141594,0.0390828093784729,-0.0384341024710562,-0.0343162882189753,-0.0378887976722648,-0.0338121184849574,0.0211741451511818,0.0204876200857969,-0.0455190941221207,0.00332923258583593,0.0196476365540268,0.00614314932222336,0.0172743304085217,0.016460514156113,0.0144654521315369,-0.0447306442252436,-0.0456481567754446,-0.039280771091449,-0.0477747848067371,-0.00421554398250591,-0.0425363011779518,-0.0390952770311406,-0.0425524864904236,-0.0448367609655854,-0.0453087698083781,-0.0399781836654454,-0.0462959020182573,-0.0301375441545382,-0.0392964973655796,-0.039444652230179,-0.0401503418185198,-0.0385156485398291,-0.0360498081853634,-0.00029085692378296,0.000163710630759016,0.000133409353183562,0.000811674962307063,-0.00013718402751705,-0.000521253964571598,-5.81244434309707e-05,0.000695462955759353,0.00122450114882286,-0.000160144795476868,0.000571766395489619,-0.000112590779218504,0.000651693485648566,0.000592203742958537,-0.00033914523054408,0.000242608908163899,0.000185817142365295,0.000334744349506592,0.000728835448110996,-4.63819701051729e-05,0.000287640554409809,0.00101705315633256,-1.87214562582979e-05,0.000605947745041518,0.000392429580213596,0.000745798569682085,0.000715472749264516,-0.000397775596559848,0.000360067258359648,0.000631834975749212,0.000686260531710103,0.000234134214036748,0.00060563186039806,-0.000626313076529858,-0.00052380398056641,0.00030899252735086,-0.000565050630337835,-0.000937270870186821,-0.000645039800100452,0.000282326149929225,0.00011100417469418,0.000330097822716061,0.000345536433120734,0.000699811497009749,-0.000357925043964292,-0.000491540114353794,-0.000359558189763152,0.000390501995376328,-2.01842811656176e-05,0.000175235635354087,-0.00028613834148395,0.000417273460213563,-0.000891868586841113,-0.00082118405588905,-0.00143564362429059,-0.000578543244790335,7.86230117381154e-05,0.000199608477454085,-0.000206074083256112,-0.000217847488055303,0.000266449195641866,-0.000618571533717844,-0.000787826871242125,-3.65191237716042e-05,-0.000659424825219999,-0.000871719453517312,-9.55924311513766e-05
-0.0886848445107224,-0.121352494333477,0.119223027191417,0.106548593759861,0.117739388407322,0.104860498381396,-0.0658178913641988,-0.0636401613543746,0.141415380861669,-0.0104287686191201,-0.0609514428406167,-0.0189952348986527,-0.0535182522064009,-0.0512003639413885,-0.0447306442252436,0.138878817019401,0.141657507822083,0.122024801484625,0.148288262662148,0.0131428841010543,0.131986892359743,0.121469356187236,0.132076089832346,0.139175561092982,0.140653031974473,0.124175051902173,0.143665255515765,0.0935699897553319,0.122103996683955,0.122560395190397,0.124735369201303,0.119561094757357,0.111943243868243,-0.000137442882101089,0.000770693409413117,-0.00172364531983455,-0.00118089193463469,-0.00132936961001312,-0.000178474079002929,-0.000945276405486467,0.000362265696535402,-0.00116431617614089,-0.000279457168807948,5.55956147914251e-05,-0.000837629318219042,0.000581343044894641,-0.00252547177873007,0.000938654084082538,0.00181414135700833,-0.000810228657207513,0.00138823822042459,0.000289941978579631,0.000461277985155338,-0.000410969595596202,-0.00108165497241685,0.00096489357276013,9.13500402204568e-05,-0.000408391563301912,-0.000112133857768137,-0.000161108571983319,0.00363601375688889,0.00066157135789286,-0.000214604281328499,-6.22065758867372e-05,0.00115774417058795,-5.35184251511995e-05,0.00176596267810902,0.00146854681087995,-0.00111083995745951,0.00169709586934776,0.00286430927821446,0.00211615605903821,-0.000819604334508168,-0.00039329308681732,-0.00122049773409248,-0.0007153232207335,-0.00193700458362815,0.0010094497544477,0.00152197324880258,0.0012356287777504,-0.00108042202656785,-8.33221764158852e-05,-0.000485096226382199,0.000710324496877896,-0.00132707294615019,0.0027001931595901,0.00249261370788889,0.00449956520648558,0.00171105672539758,-0.00051310924233487,-0.000740244383998038,0.000552823305056036,0.000666020643476437,-0.00081481366991419,0.00190279485860357,0.00247110812409303,9.93461764543748e-05,0.00188004133933646,0.00268242299111171,0.000295366399078167
-0.0904500496423992,-0.12377942722848,0.121616228421478,0.108653693898593,0.120083303442119,0.106972978071358,-0.0671655362531792,-0.064944329070263,0.144237370081624,-0.0106282699553378,-0.0621666716760207,-0.0193943120098616,-0.0546151219635692,-0.0522075476156391,-0.0456481567754446,0.141657507822083,0.144513596115116,0.124481727430003,0.151274448471148,0.0134073551225586,0.134650151359781,0.123896246284061,0.134706642765492,0.141984693025045,0.14347009222945,0.126639516491858,0.146576726488969,0.0954507638049233,0.124545306964761,0.125020001703237,0.127221471216813,0.121975843153431,0.114200956832541,1.29630305935856e-05,0.000597676975627512,-0.00159529294805175,-0.00138197435179668,-0.00111342667954452,6.97196578828431e-05,-0.000814174790184497,5.1575217837357e-05,-0.00153197986604303,-0.000183537408363956,-0.000165990720303327,-0.000691418693923795,0.000256189415518886,-0.00247568266718438,0.000939311451547398,0.00151401015293249,-0.000800643269144869,0.00111406597080352,-2.93523521841572e-05,0.000429003492554474,-0.000442061695303225,-0.00140821416604785,0.000868429361862609,-0.00018432580285166,-0.000517616193710925,-0.000417539548764443,-0.00042005794435309,0.00338659081066945,0.000416327104388653,-0.000457987101320461,-0.000327308315898329,0.00092097125896956,-0.000313989977358396,0.00157005500850644,0.00129377123991473,-0.0012625829142813,0.00152003508801013,0.0026705467215196,0.00235744792649123,-0.000682372316603866,-0.000203373286621554,-0.00108190422410809,-0.000650020744027812,-0.00190427682100822,0.000713574800495794,0.00129835617054531,0.000966788174288038,-0.00107644270948652,-0.00032305454880873,-0.000432871257999484,0.000482219755828933,-0.00135510937864816,0.00271757705641843,0.00229424213638479,0.00454091967715722,0.00144215396623832,-0.000791080645120824,-0.000837478010763437,0.000259562752322708,0.000414342939631842,-0.00101833595758038,0.00168584002536891,0.00229851733446798,-6.06458035453622e-05,0.00174014405107585,0.00253196237552427,0.000111557772612336
-0.077925021242305,-0.106626535207769,0.104731954333181,0.093571097810285,0.103464769380055,0.0921202430792808,-0.0579124577096325,-0.0559833149966129,0.12427045640992,-0.00917824057639692,-0.0535295305603938,-0.0166977152601559,-0.0470312212341108,-0.0449878989673322,-0.039280771091449,0.122024801484625,0.124481727430003,0.107267009389674,0.130312761551528,0.0115693517259925,0.115982826181133,0.106751735527339,0.116012113713478,0.122318669854737,0.12358178054228,0.109086884752805,0.126272211663289,0.082230007400822,0.107315873683927,0.107732247624649,0.109606943130709,0.1050849077361,0.0983962414666792,-0.000200656842672422,0.000775051230303413,-0.00166916487571222,-0.000899140006511929,-0.00133148809907344,-0.000317828080836154,-0.000945410503641441,0.000608287446393054,-0.000741076219481749,-0.000328379125593405,0.00027415147566224,-0.000848468395405862,0.000795209714182962,-0.00227312930579048,0.000752674857202294,0.00186623128568978,-0.000745289774410423,0.00150644030495197,0.000542524094212248,0.000439071572503753,-0.00023699153246887,-0.000789760514243862,0.000949478485021317,0.000255036910543578,-0.000263717055070775,0.000108998180755942,0.000102724468464515,0.003435697363233,0.00072417828241309,-2.16741212644192e-05,0.000177716686953622,0.00119361080104506,0.000110455895810577,0.00107159556294642,0.000866474554809738,-0.00126257226822777,0.0010893690361317,0.0020463651109743,0.00225855939273318,-0.00042238760379626,-4.10789431644835e-06,-0.000844355050240629,-0.000361608532802321,-0.00149154893482632,0.000279636588227632,0.00087577360631085,0.000595039595230765,-0.000857634351116045,-0.000554425021339448,-0.000293834116264121,0.000124192754945209,-0.00117953561747996,0.00228251009770596,0.00172102858262303,0.00387986162219078,0.000925231597399485,-0.00102796003431036,-0.000841034946977732,-9.52024589406735e-05,0.000101769060648108,-0.00105067416878783,0.00120398273786659,0.00177777023789169,-0.000210844976549783,0.00127299182432282,0.00197898222522337,-8.45132361708846e-05
-0.0946869651465393,-0.129573837446169,0.127302842301721,0.1137392197579,0.125709955148332,0.111973599643864,-0.0703146396597443,-0.0679867619237101,0.150993892134056,-0.0111309432023512,-0.0650735617069551,-0.0202980105374683,-0.0571654561450519,-0.0546564017114134,-0.0477747848067371,0.148288262662148,0.151274448471148,0.130312761551528,0.158353345432646,0.0140381542463835,0.14094880187069,0.129700638218553,0.141009423903305,0.148629411341224,0.150184544761946,0.132569859924217,0.153434302703852,0.099918827664202,0.1303806982286,0.130877612752222,0.133180802127852,0.127684590316893,0.11954789217426,-4.37402508607891e-05,0.000696095241625972,-0.00174277475816081,-0.0013724498761773,-0.00126258850887485,-2.627884054431e-05,-0.000914650015350464,0.00019409381572668,-0.0014574119163715,-0.000235200957835478,-7.18481699807623e-05,-0.000789443521486194,0.000412716125803141,-0.0026294124762958,0.000976181880861271,0.00172724016855341,-0.000851166353601435,0.00130119104856238,0.000111043203561502,0.000466678814482913,-0.000435098692508756,-0.0013597651689806,0.000959429287929014,-8.40037774712067e-05,-0.000496812966575688,-0.000315235529238322,-0.000325151360039083,0.00367807457421943,0.000533908545310707,-0.000382780294155442,-0.000227766970129743,0.00106828876580481,-0.000227847773681548,0.00162781005973897,0.00134043314603625,-0.00133350382892061,0.00158300458967301,0.00278712742532239,0.00247898489676919,-0.000707464616267268,-0.000211205737769403,-0.00114024634605294,-0.000657727413892266,-0.00197799504845733,0.000733783701420754,0.00135306749189838,0.00101228936195463,-0.00111852720614503,-0.000352162946236243,-0.000448267586074213,0.000488832269153087,-0.00142041683724102,0.00283991786754747,0.00239261457981643,0.00475482479223049,0.00149773514939809,-0.000849965808152139,-0.000885610707927073,0.000259656539986584,0.000427062338920845,-0.00106956337102684,0.00175787294968394,0.0024024869272631,-6.80155437955885e-05,0.00180775042264145,0.0026443961466323,0.000112350297904532
