0.0609480373020642,0.0789793750418005,-0.0766663200341287,-0.0676224714360138,-0.0741802440371795,-0.065225007789005,0.0424972399641091,0.0409602385333723,-0.0899403000395367,0.00741385408079815,0.0379055727451413,0.0127065306926949,0.0338880663693776,0.0324600130911408,0.0298407615381272,-0.0893638702084239,-0.0896693947917544,-0.077659539903178,-0.0939849999773286,-0.00812865653254365,-0.0836396594342022,-0.0770416085547097,-0.0835319184192989,-0.0877415284040467,-0.0887860057437953,-0.0781280732682094,-0.0918644668855627,-0.0590517858766629,-0.0794486733417671,-0.077108124688744,-0.0795052302688584,-0.0759107154266648,-0.071425676325149,0.000340294087361963,-0.00198671343812884,0.00247917611160814,0.000752722271015983,0.000955521724273379,0.000523306705790386,0.00147084631120348,-0.000805613243757315,0.00200170086050408,-0.000317975667335499,-0.000440718747836845,0.000484524042222464,-0.000562566603371884,0.0021618624726746,-0.000713689565613523,-0.00265615610521562,0.000205175235293848,0.000898812320116027,0.0014880347206433,-0.000921926948173321,0.000154762461254595,0.000709698378381636,-0.0010189628437111,-0.00147339713601085,-0.000431476406129707,-0.000570139376151233,-0.0021355277001988,-0.00426364867581263,-0.000233545743998269,-0.000217340626124335,0.000996315813832697,-0.00160946396809806,-0.000430953108791833,-0.000969436700648736,-0.000131807734004064,0.000997858713845539,-0.000304935484818168,-0.00184023084022313,-0.00276676772035325,0.000609051743881506,-0.000196149747255561,-0.00106885000006831,-0.000494369804547148,-0.000497204812034038,-0.00141611261088726,-0.000532821045914495,-0.0019012168218961,0.000158478582450288,8.84734710041738e-05,-0.00151787812249925,-0.00146833797280484,-0.0019447361132116,-0.00359928000380633,-0.00127179703058056,-0.00489115785098355,-0.00324609813261584,-0.00105022656803404,-0.00211851701913544,-0.00303162998381443,-0.000159326390438227,-0.00167951374076817,-0.00300759552591001,-0.00111053072290483,-0.0030352212148248,-0.00278563833035759,-0.00434096683354848,-0.00243263549957423
0.0789793750418005,0.107070975706193,-0.104668280995967,-0.0931077442560684,-0.102874676340475,-0.0911798077175964,0.0580367105315558,0.0558414365754414,-0.123276103412814,0.00954312620269638,0.0539838741620541,0.0171121672542054,0.0473004397993049,0.045729349773145,0.0401297643548058,-0.121571832055465,-0.122908305106201,-0.10593682295682,-0.128770141973881,-0.0111213401217183,-0.114640564091786,-0.105344167479505,-0.114783536755391,-0.121140922281902,-0.122416485110567,-0.107663277187849,-0.124558107355653,-0.0813876536778626,-0.107161058815243,-0.106520774303866,-0.109052749251482,-0.104159170178663,-0.097294745587585,-0.00027464130287919,-0.000564405426305605,0.00182256429245528,0.000984814765157233,0.000778959600599919,-0.000292740049377098,0.000901728993243277,-0.000136307252027536,0.00161346778127212,-0.000458186928814223,0.000119948194078128,-0.000155303053298309,-0.00052189841798735,0.00176161944742374,-0.00150799575859236,-0.00239181685257608,0.000485580285416661,-0.00116369109781348,-0.000214535272928575,-0.000750788711202831,-9.24354362119639e-05,0.000931301288518983,-0.00113075255001754,-0.000917223290741517,-9.6998596057147e-05,-0.00067473553688927,-0.000916769014233948,-0.00458617226434742,-0.000850128641839655,0.000401502725832721,0.000124759688289518,-0.000983672833431573,-0.000210365663706131,-0.0015288652246069,-0.000769585217002687,0.0013251242710051,-0.00112482107098797,-0.00253464694762739,-0.00267870963008074,0.00111270007924383,0.000243789199885665,0.000531292045698676,6.37374564207689e-05,0.00142143192654027,-0.00106029393152993,-0.00110536930267496,-0.000790226793051301,0.000782759599846776,0.000402847699695485,-0.00133311897171983,-0.000586159161100442,-0.000785321003768737,-0.00357964944639085,-0.00238339702136865,-0.00543153621649548,-0.00246342412645196,-0.000242162581469773,-0.000879586839674671,-0.00145971481393444,-0.000844130329620235,-0.000661893076077053,-0.00247054590041555,-0.00180611056308546,-0.00168991825966661,-0.00199132826255683,-0.00371166441470299,-0.00157998085389167
-0.0766663200341287,-0.104668280995967,0.104048273321786,0.0921778910268141,0.102045805083686,0.0899337991318821,-0.0576710445847147,-0.0552767258186455,0.120166214982643,-0.00986388771822047,-0.0522651218085521,-0.0161155807283531,-0.0468103775839497,-0.0445449460118491,-0.0397183880699452,0.119768099767677,0.121419519931007,0.10464882635661,0.126951493427892,0.00978274736673786,0.113060930577672,0.104447078092575,0.112605811206373,0.118783903331482,0.120048580737494,0.107352046029219,0.122615681264874,0.07998033640333,0.104175618647035,0.104667761821324,0.105689080842858,0.102489624531822,0.0960106912763826,0.000705464336580948,0.000936763608486958,-0.00159929072139394,-0.000465180883070926,-0.00048983148674594,0.0012621317710809,-0.000544386218860743,-6.42109106371633e-05,-0.00140790548628951,0.000405457842118079,0.000536015374643317,-0.000505523809392216,0.000957236364584259,-0.00238429718413436,0.000437502320120686,0.000620786646736186,-0.000207403316953281,0.00117414032575786,0.000294706034593679,4.5201590750171e-05,-0.000316594869317784,-0.00133763103751363,0.0011613985555979,-7.13527892804118e-05,-0.000239039636591908,-0.000141600809469114,1.39318416516507e-05,0.00235622627422911,0.00112138446201846,-0.00130155778416195,-0.00107069091898275,0.000507693404144091,-0.000226638443234702,0.001707624601292,0.00126581684675642,-0.00053000470565621,0.00271889835418893,0.00232626245688802,0.000965752301471331,-0.000855365224797276,-0.000138560533962164,-0.00136711247298654,-0.00119432015691884,-0.0014373374183314,0.00123018573108956,0.00176465816947239,0.000905232411793165,-0.00158449082949029,-0.000575362119337969,0.000278474727354198,-0.000356393909921994,0.00090077936548306,0.0026996437925519,0.00211806838990176,0.00517905790426977,0.00188855288305224,0.000320523840511487,0.00132624219445951,0.0016389324130069,0.000484851066843616,0.00025176712931264,0.00135314538355501,0.00249898592812427,0.00096979768155772,0.00246747880652443,0.00304284661839648,0.00189689582228241
-0.0676224714360138,-0.0931077442560684,0.0921778910268141,0.0822614616048573,0.0909379477369243,0.0806898837001363,-0.0508501873155218,-0.0490041457367803,0.107858401696647,-0.00845482863781311,-0.0470827080510913,-0.0142494986874163,-0.0415304117018161,-0.0398287403384917,-0.0348014796819861,0.106868251507724,0.108440765461678,0.0933588866018824,0.113492185057114,0.00946806449243317,0.101024626768749,0.092860026240693,0.101099210929068,0.106557434600853,0.107673120364292,0.095787263262167,0.109302066807953,0.0717194430829635,0.093191747639274,0.093622163140501,0.0953773066294278,0.0918033792396394,0.085827291568314,0.000110499061083841,0.000558993229385347,-0.00111376036510596,-0.000186687563540935,-0.00107237550326803,0.000327523184324003,-0.000567380661947064,0.000471726443494082,-0.000471807908622534,-0.000161377835953104,0.000285735022320843,-0.000915243369002146,0.00106698590651171,-0.00206369091666407,0.000456861686832653,0.00130926023149457,-0.000824146607536038,0.00162147243733925,0.000983289883433868,-0.000168147317018277,-0.000617158774457417,-0.00103341859946517,0.000670322967440606,-0.000345174168012601,-0.000275416390490264,7.37573903258313e-05,-0.000279385177998443,0.0023325912157428,0.000896146735125517,-0.0006580949798436,-0.00021337472344349,0.000689699592057477,-0.000190828209572121,0.0019472738845826,0.00143629699982199,-0.000588382075328756,0.00229315534475618,0.00263705692376751,0.000956753080677291,-0.000920121561688735,-0.000656312859276354,-0.00137094992138949,-0.000853400321663214,-0.00174676526828021,0.00142551188637549,0.00184420788544101,0.000951249568427575,-0.00121674543994407,0.00018184236610388,-0.000185092279777258,0.000159561920193958,-0.000100851956691548,0.00217373732316137,0.00248412620966487,0.00422243850915673,0.00185244969440758,0.000628710644051636,0.000103587036865052,0.000851011348554672,0.00108501329185052,8.81870290345001e-05,0.00166058855600625,0.00247318956962847,0.000520199425068567,0.0019881677966318,0.00244510907710241,0.00127869115258768
-0.0741802440371795,-0.102874676340475,0.102045805083686,0.0909379477369243,0.101105397776426,0.0899206608492706,-0.0566800611232969,-0.0546368742533862,0.119327947201159,-0.00944103013755939,-0.0523732790620628,-0.0162412327791496,-0.046544471629489,-0.0440522858577476,-0.0389826222768531,0.117787047183473,0.120013821969736,0.103010276052722,0.125462592439667,0.00998519423606515,0.111795324518856,0.10330661300347,0.111654917499683,0.117740803488419,0.118817059190021,0.106402282926498,0.121265207372539,0.0795079860709424,0.102237238978358,0.104162574999219,0.104972487853897,0.10118738032512,0.094841810326394,-3.67983878638679e-05,0.000530294928397071,-0.00151616770612334,-8.39315194122735e-05,-0.00120155909975061,0.000116389166025809,-0.000465898478073164,0.000412410312284687,1.594121243793e-05,-0.000302345176508682,0.000696916812157297,-0.000807044686686759,0.00148351240059917,-0.00230426880479547,0.000714829564511787,0.00123338441740983,-0.000483278451454456,0.00253392700335845,0.00141340670318241,0.000299494520813208,0.000229920926375348,-0.000452452518068969,0.00167902022363848,0.000505693259759801,0.000161484220351493,0.000807316023912541,0.000140805078790673,0.00258115787094565,0.00208139041169405,-2.71507419237179e-05,0.000460472478461489,0.00141438936805807,0.000565856666931795,0.00144222988011889,0.00128848579615909,-0.000964889019854443,0.00226271906185884,0.00211840161915804,0.00121766582624137,-0.000792133193936153,-0.000267373321280484,-0.00188077771576642,-0.00102041913153679,-0.00195521570958207,0.000687839146485683,0.00165004551797529,0.000227715030143548,-0.0013314228856205,-0.000165715597195884,-3.10362880096923e-05,-0.000480145215526187,-0.000549311365725419,0.00218912295092868,0.00196187399220035,0.00447411297915822,0.0010098474450196,-0.000574268741733888,0.000214395758694172,0.000346451472546689,0.000817136398634432,-0.000341061106239212,0.00081170698071417,0.0026230420965119,-0.000284327819967135,0.00116899599229473,0.00203163348748244,0.000767711574020962
-0.065225007789005,-0.0911798077175964,0.0899337991318821,0.0806898837001363,0.0899206608492706,0.081257197119151,-0.0499113852629473,-0.0487411614219013,0.107070500605929,-0.00816377548907792,-0.0471393147255975,-0.0150482159359852,-0.0417242656872515,-0.0386858246228645,-0.0348171729726052,0.10452538501381,0.10687330044103,0.091101515418768,0.111767083973003,0.00941125045787968,0.0997407265886891,0.0921244644184269,0.100038691417143,0.10514797535908,0.105862809108713,0.0952353123208861,0.108735208779598,0.0715014344575934,0.0905527567818462,0.0935216320475228,0.0945098462016413,0.0900779742488,0.0847206661865637,-0.000521186651863081,-0.000682798866098339,-0.000424312957452674,-0.000710674614703091,-0.000795130708082886,-0.000333163489358338,0.000534446856943305,-0.000894369307662482,-0.00073167014836356,-0.00071417389035713,-0.000772722348061777,-0.000548408856737729,-0.000247203551719908,-0.00178276953164948,0.000894379390281653,0.000180844214175569,-0.000677086987487235,0.00107489095413509,-0.000258143959028459,0.000297024616557599,0.000183399813442301,-0.00136452991556441,0.00156766614312405,-0.000352191001834166,0.00023869000969013,4.00605141189986e-05,-0.00110235125781542,0.000635039412453331,0.00147361016160686,0.000401320309497669,0.000202449564467169,0.00123913842178723,-0.000125840493210892,0.00121969610392378,0.00122447751197636,-0.00148970704029188,0.00122356284897626,0.00186897133356322,0.00183169510671351,-0.000632517855481718,-0.000367424465923766,-0.0015499194388274,-0.000731921626495751,-0.00202737523041391,0.000472387770130822,0.00132621713942176,-0.000228601742889585,-0.000710017391310176,0.00098826369274132,-0.000254184044127414,0.000220340359326406,-0.00196776816595873,0.00186237709619722,0.00159129451860911,0.00363021668038225,0.000622867337835995,-0.000891868478970337,-0.000492366857305796,-0.000455053834066112,0.00130065613877915,-0.000313058178764564,0.000714089878567006,0.00257033474549582,-0.00117945418882539,7.35157020874984e-05,0.00128653979777782,-0.00015705657621792
0.0424972399641091,0.0580367105315558,-0.0576710445847147,-0.0508501873155218,-0.0566800611232969,-0.0499113852629473,0.0323532484896803,0.0309466887703956,-0.0663484284397727,0.00565158434598245,0.0289916700389153,0.00931136509700746,0.0263264724643272,0.024667964087432,0.0224839723609329,-0.0660216389507197,-0.066967959375098,-0.0576078967079157,-0.0700046424144637,-0.00503515753864332,-0.0624194742318184,-0.0580605144572374,-0.0619268634364788,-0.0654518542579402,-0.0660218020152951,-0.0594444816509513,-0.0679928578528518,-0.0442226513680954,-0.0572459581003872,-0.0581363554912658,-0.0580771280015983,-0.0563840396863685,-0.0529826791398253,-0.000269317601426004,-0.000649483552144542,0.00138780404461926,5.27623086463764e-05,0.000395849162440344,-0.000446085208909397,0.000386200822538208,-0.00021959782085949,0.000316517750483207,-0.000210650323477769,-0.000780506492476891,0.000134995360984499,-0.00105077273523203,0.00135675269910316,-0.000396997306795288,-0.000715144003292043,-0.000222682447786004,-0.00130034948155498,-0.000578108559546074,-0.00043624742412125,-0.000584364787112384,0.000152668978284003,-0.00143798436059952,-0.00092326531373104,-0.000361750686695354,-0.000704925705912767,-0.000848107236029329,-0.00189257885272344,-0.00149087963817288,0.000150063959541753,2.99053331010511e-06,-0.000903260321984043,-0.000579756058937272,7.9784566104273e-06,3.56423184235889e-05,0.00085558232331371,-0.000850344725988447,-0.000303540284650944,-0.00119573467268734,8.71601205385232e-05,-0.000611431931060624,0.00057268064748974,0.000345294173313648,0.00040975944356583,0.000427519045529498,-0.000192133050791648,0.000454886183819574,0.000724527187562985,0.00112211965694386,-0.000705837943177589,0.00106673556241716,-0.000632694225895509,-0.00152245566691751,-0.000208359577265624,-0.00296130581132138,-3.43084614915846e-05,0.00108200659051051,-0.00101053341731522,-0.000285660166179069,0.000457946531529996,0.00018809330742656,0.000205138973770011,-0.0008134600642562,-6.92467947532002e-05,-0.000501998630000628,-0.0012078024396754,-0.000596495756448582
0.0409602385333723,0.0558414365754414,-0.0552767258186455,-0.0490041457367803,-0.0546368742533862,-0.0487411614219013,0.0309466887703956,0.0299925871813231,-0.0645105308887538,0.00545124572660103,0.0279194185850903,0.00920518123850554,0.0254506053702487,0.0232805207958343,0.021793980277028,-0.0637739337209723,-0.0647742016540987,-0.0554354748876033,-0.0677481504699573,-0.00514296268847552,-0.0604741533177457,-0.0562490543120166,-0.0602049948153912,-0.0633248032824552,-0.0637534020760954,-0.057870030961343,-0.0662840168789462,-0.0431187991296084,-0.0551638207692959,-0.05648906040306,-0.0566958733393144,-0.0545381712725239,-0.0515323829064137,0.000290158581347059,-0.000435467834122897,0.0010865146645603,0.000109552640900467,0.000609000634017897,0.000181026914837248,8.8050675167062e-05,-3.08125051419244e-05,0.000401928035620566,0.000268990639274262,-0.000335792121089398,0.000528342563419564,-0.000588751969741898,0.00151627779700577,-0.000252115357151389,-0.000555061836699808,4.97284068648278e-05,-0.000614418139720424,0.00017772758316608,-0.000355164380095757,-0.000388946566109655,0.000553214294011443,-0.00147228916737867,-0.000544813951360128,-0.000494841859817611,-0.000443052586535604,-0.000440958488942579,-0.00101915006281957,-0.00133708461633617,-0.000335282630973403,9.28510567998614e-05,-0.00122055961852618,-0.00035847707808715,1.20261747680639e-05,4.82625937796356e-06,0.00115905557840684,-0.000451371938262812,-0.000327383466185703,-0.0015653706822495,-4.95173725408051e-05,-0.000526104068756865,0.000317672016664,0.000178446332075022,0.000282599290189223,0.000323244404673506,-0.000161926499551994,0.000406219634421461,0.000405525176307381,0.000335582514907964,-0.000418419652174933,0.000586137779043671,0.000102940035006605,-0.00142212073160672,-5.90171489901178e-05,-0.00275633878663882,-6.00569806193886e-05,0.00104945394349063,-0.000697073144318948,-5.96309495485092e-05,0.000171256045656067,5.56910240526417e-05,7.92768593089368e-05,-0.00100199944536802,0.000301481941462949,-0.000211085924935025,-0.00100429409833135,-0.00031459529420966
-0.0899403000395367,-0.123276103412814,0.120166214982643,0.107858401696647,0.119327947201159,0.107070500605929,-0.0663484284397727,-0.0645105308887538,0.145157182447195,-0.00982786215778428,-0.0627216807025336,-0.0199095645280289,-0.0540315181111843,-0.0525336984221213,-0.0447615797810849,0.140695180481324,0.144665068272102,0.124427252467245,0.151088689659497,0.0142785010620301,0.134395761554293,0.123212977390242,0.13506935521838,0.142200708260725,0.14370160072322,0.125274198006787,0.146340314372919,0.0953700514563714,0.124535872666036,0.125056360593732,0.127613488502036,0.121561911906656,0.113791789629989,-0.00078741882787197,0.000675910300844357,-0.00194132927836142,-0.0016457333011762,-0.0016277928744246,-0.00134466604972394,-0.00141373634340451,0.000262677121684626,-0.00100380917686051,-0.00068421589948958,-0.000175795666025001,-0.000611164384814874,3.35481478731778e-05,-0.00239107466520203,0.0015489471919213,0.00213236596930538,-0.00104003554842153,0.00142356946742602,-0.000115930157964972,0.00133079892321787,0.000225579887680879,-0.000216018398606634,0.000781776044501503,0.000898411039318447,-0.000347989735629203,0.000519096283532647,3.48481869546752e-05,0.00441145620487697,0.000393467086073676,0.00108597610826854,0.000943309836949648,0.00191645030785215,0.000651034447117367,0.00156107348384017,0.0013301638915621,-0.00122393346829047,0.000662103461127046,0.00290245482887455,0.00307808403021689,-0.00086231611653859,-0.000503207482946813,-0.00087440896326424,-2.17572831726783e-05,-0.00218656483711135,0.000740258050585642,0.001325764519005,0.00137115919061787,-0.000644858902671173,0.000431388771763641,-9.1178300604694e-05,0.00152707180139304,-0.00185947748322567,0.00310371062237699,0.00238216580144468,0.00423716321637788,0.00203218894841234,-0.000693756334228785,-0.00160475739519136,0.000255980888344566,0.000769045887938061,-0.000949254864871287,0.00273033649285544,0.0024502081642435,0.000410683230497772,0.00103208848987913,0.0029706532696396,-0.00029947289370837
0.00741385408079815,0.00954312620269638,-0.00986388771822047,-0.00845482863781311,-0.00944103013755939,-0.00816377548907792,0.00565158434598245,0.00545124572660103,-0.00982786215778428,0.00183425006430798,0.0043576436197399,0.00147736634934427,0.0048994755840823,0.00357234412905579,0.00481620364191725,-0.0110790759391184,-0.00989536083958754,-0.00833616987946423,-0.0106603802856996,-9.98355505594778e-05,-0.00964651687915183,-0.00927255926071985,-0.00940739866744261,-0.00977120154521141,-0.00968011483447472,-0.010529088316702,-0.0106883915237597,-0.00718639784146252,-0.00873168820760696,-0.00902050826133849,-0.00930950197632661,-0.0089456973340702,-0.00868487776948687,0.000275745486918732,-0.000330247042521409,0.00033960509475962,-0.000941131323229804,0.000548035925852532,0.000104087924496337,-0.000224000860505113,-0.00068221086968223,-0.000437124054433973,0.000194052582521191,-0.000439335673577413,0.000749896573993837,-0.0011104613529389,0.000689383928469437,0.000362053076916245,-0.000863636706275927,0.000158646100338043,-0.000361508032369508,-0.000492333683591053,0.000473999932612565,0.000207675307935238,0.000500521755163281,-0.000902536285520389,-7.6155809974925e-05,-0.000686193832198513,-0.000509249591907004,-0.000695038535850026,-3.82980344665494e-05,-0.00114411254704487,-1.60269920126295e-05,0.000219282487975634,-0.000652049156840286,-6.44642834733768e-05,-3.36539601882822e-05,0.000244242310358202,0.000717133266258623,-0.000398202876040031,2.57211244912962e-05,-0.000407795201162748,-6.45889546708825e-05,-0.000201215275655841,-0.000104317516997196,-1.23953707655163e-05,-0.000466375684430124,-0.00020396811772101,-5.96986676788303e-05,0.000422526610333619,5.40811016840172e-05,-4.85725649101038e-05,-0.000447921886477678,0.000636883374106753,-0.000793936455273045,-0.000460923400731763,5.67759534658094e-05,-0.00150160493236023,-0.000149276359162485,-0.000229431066279446,-0.00125075806692308,-0.000319480296885999,-0.000243098332081137,-0.00090978556911677,0.000256359350414518,-0.000317200338567811,-9.25646719853084e-05,-0.000450276759695754,-0.000400463809246753,-0.000998595506504579
0.0379055727451413,0.0539838741620541,-0.0522651218085521,-0.0470827080510913,-0.0523732790620628,-0.0471393147255975,0.0289916700389153,0.0279194185850903,-0.0627216807025336,0.0043576436197399,0.0292903311587239,0.0090762216343591,0.0246080775670103,0.0242341872139392,0.020194002117681,-0.0607759389892561,-0.0615001609658288,-0.0525494793048391,-0.0645790692049339,-0.005955368190502,-0.0575742532276299,-0.0525696742523944,-0.0581722138914955,-0.0617107402988896,-0.0622513198627253,-0.0540862586507159,-0.0618719696091544,-0.0414417684012182,-0.053589963514649,-0.0543876454881547,-0.0559402418803696,-0.0524736980653878,-0.0484305044028242,-0.000602997547457154,0.0015768794306821,-0.000220456431255969,0.000957387030251376,-0.000228277667602197,-0.000681570556196503,-0.000454626563032566,0.00109888551799123,0.000855289931848102,-0.000590551735596197,0.00133212172620774,-0.00142546406058212,0.000646159208226385,-0.000433800011164699,-0.00198053955424278,-0.000990673799048567,0.000318155208313261,-0.00157985661635266,-0.000915039663164827,-0.000489587805840148,-0.000489959714010854,0.000543401165677132,-0.000554702692457929,-0.000245518731898202,-6.82014134473026e-06,-0.00058922632936391,0.000454254438426888,-0.00247544746052696,-0.000703231793597375,0.000449720284460444,-0.000813374980116532,0.00027144935450667,7.38936665711699e-05,-0.0014427931147161,-0.00103085560107581,0.000814565125944015,-0.000671077771588915,-0.00199734203976157,-0.0011342307185652,0.00141014606813671,0.000932882393452833,0.00143356414343918,0.000265471651988031,0.00232846412163292,-0.000772995724543371,-0.00103950029027024,0.00032514903874051,0.000403131321196453,-0.000391906088117237,-0.000951071428789958,-0.000591527380727303,0.000601991685125646,-0.00176189619495064,-0.00239407057299157,-0.00248438025415413,-0.00119330962854063,-0.000139407793781146,0.00034022666825715,4.89098298593951e-05,-0.0018356743357041,-0.000352503054035878,-0.00145690736742379,-0.00123857739349346,-0.000212219136845792,-0.000117320230759656,-0.00152386395230776,-0.000224267285074241
0.0127065306926949,0.0171121672542054,-0.0161155807283531,-0.0142494986874163,-0.0162412327791496,-0.0150482159359852,0.00931136509700746,0.00920518123850554,-0.0199095645280289,0.00147736634934427,0.0090762216343591,0.0038284549509317,0.00808983851619949,0.00705084548269699,0.00716512828698154,-0.0185513280534937,-0.0191317815619398,-0.0159643383530072,-0.0199446422971637,-0.0015699346761693,-0.0179487910416666,-0.0170236350403512,-0.0179879517340611,-0.018833487783237,-0.018844447788275,-0.01694762622264,-0.020328430775883,-0.0130914639525876,-0.0163509012437456,-0.0175260953301135,-0.0171702949188996,-0.0157669131932433,-0.015091981334519,0.000168831878051857,0.00046465439699736,0.000314883918043957,0.000842653504981695,-0.000396758310438574,0.000231557598674098,-0.000404554052959606,0.00115475918941035,0.00102219430020852,-0.000192463567555801,0.000660739867345423,-0.000963170496157696,0.000970282358241341,-6.05123525130383e-05,-0.00106221374685916,0.000152727188435827,-0.000526164641366146,0.000474321514642252,0.0012813082580698,-0.00105371849275428,-0.0011026328121291,-4.50911512115627e-05,-0.00120876470765318,-0.00112782427619069,-0.000614045593523784,-0.000543215548711971,-0.00045891546405431,-0.000652443169428057,-0.000783514481209521,-0.000772703031552913,-0.000200034627800246,-0.000721952285815002,-0.000562504666591694,0.000148549599902678,-4.21964752498375e-05,0.00064421830249962,0.000554209330774223,-3.59072776329766e-05,-0.00109398106030048,0.000352438696971702,-0.00016024599979507,0.000154751116407109,-4.76100723942098e-05,0.000289128156643834,0.000107091056079659,8.96237718354495e-05,0.000199974372097505,-0.000254511472168766,-0.000446637086602409,-0.000843984677318765,-0.000694023778162268,0.000396321085162445,-0.00102173387363346,7.35979562131911e-05,-0.000978729778202566,-0.000341731626243883,0.000710937713903054,-0.000711676994280546,-0.000547381903806673,-0.000426200712897242,-0.000503702569704232,-0.000385643456636182,-0.00035523067099554,-8.55916513640169e-05,0.000551073625864775,-0.00079077053472332,8.93640953746422e-05
0.0338880663693776,0.0473004397993049,-0.0468103775839497,-0.0415304117018161,-0.046544471629489,-0.0417242656872515,0.0263264724643272,0.0254506053702487,-0.0540315181111843,0.0048994755840823,0.0246080775670103,0.00808983851619949,0.02238776819895,0.0201767306756115,0.0192313480258185,-0.0536569907314558,-0.0537348632842905,-0.0456215156362671,-0.0564351181527148,-0.0039297293354533,-0.0505284080512542,-0.0470655945071399,-0.050404412474692,-0.0531652679800384,-0.0533759072645439,-0.049100244096918,-0.05510636576184,-0.0364972945404323,-0.0458920694385026,-0.0477456259932694,-0.0480252621008168,-0.0457386584977026,-0.0430116120166895,-0.000243630089070332,0.000825941733291807,0.000148943343149366,0.000169624428650752,-0.000118666471105569,-0.000665310215262756,-0.000864827156169953,0.00093759229017386,0.000785124459293205,-0.000216054698300026,0.000602819669918534,-0.000413978462773713,4.89837316747724e-05,0.000557618158217573,-0.000813104155461177,-0.000148512111505686,-6.74210588113257e-05,-0.000698259163353783,7.40108444347686e-06,-0.00010272070566824,-0.000480307479199714,0.00112892498725399,-0.00158075555647784,-0.000115373454587807,-0.000635710788116635,-0.00038115783310188,0.000105687926447926,-0.000478420489994847,-0.00156785241324796,0.000320074062011286,0.000186436022062857,-0.000411665268161963,0.000109106793042621,-0.0004116544930989,-0.000254991486867524,0.00128784449189374,-0.000686642889742156,-0.000610751024938708,-0.00121445718905878,0.00049003345396046,-9.85785613034209e-05,0.000864770371947984,0.000405620743037068,0.000910976439421621,-3.63271836210325e-05,-0.000435672805910272,0.000999203260974388,0.000407154933833191,-5.51180305705839e-05,-0.000898421783377259,0.000604914874947835,-1.19734694286232e-05,-0.00143472528454737,-0.000689165413394954,-0.00289533842697298,-0.000178526394494705,0.000621723441459768,-0.00111631406123802,-2.67236636545691e-05,-0.000808810754294166,-0.000611598314141922,9.04905312982187e-05,-0.00110230848842651,0.000401787240572205,2.02492003661603e-05,-0.000934570457121579,-0.000611178803042558
0.0324600130911408,0.045729349773145,-0.0445449460118491,-0.0398287403384917,-0.0440522858577476,-0.0386858246228645,0.024667964087432,0.0232805207958343,-0.0525336984221213,0.00357234412905579,0.0242341872139392,0.00705084548269699,0.0201767306756115,0.0208970868061341,0.0164027104913361,-0.0514978514475332,-0.0521599246224453,-0.0451971586013345,-0.0546894313505979,-0.0049903394425485,-0.0485651606052171,-0.044161419286948,-0.0488100617758669,-0.0521141031514765,-0.0528121058285822,-0.0449008798926853,-0.0516728769168349,-0.0343797540746671,-0.0458817353791047,-0.04526888741505,-0.0465466370327526,-0.0444562958668724,-0.0407017371369979,-0.000891685380255722,0.000400220666390892,0.00053913356836304,0.000477497989347021,7.0901816522607e-05,-0.000827481663796834,0.00057428825385361,-0.000165060889665133,0.000108311314577541,-0.000784578775920294,3.60662356714532e-05,-0.00102414296426035,-0.000575834151725532,-0.000201982313189715,-0.00140638044684926,-0.00156444342015476,0.000195408178271362,-0.0022639264957789,-0.00200208871958583,-0.000398424785026883,-0.000336360794926584,-0.000355321686884816,-3.45001116430303e-05,-0.000689554064949589,0.000312839747529577,-0.000840054358531438,-0.00040119746196738,-0.00349750069019855,-0.000440458083529766,0.000723542205658936,-0.00093808234676374,0.000352548723570561,-0.000337224462617493,-0.00103188565813421,-0.00060822845961289,0.0001970342941456,-0.000850468417066333,-0.0015188263593644,-0.000582028027633526,0.00103241053420752,0.000553612555580782,0.00107541462308977,0.000151622259436285,0.00169671555152362,-0.000379775565716038,-0.000704794726855595,3.01822521852674e-05,0.000655267526826984,0.000872813690690847,-0.000842609944469099,0.000140002983502278,-0.000447740351399273,-0.00139858292322915,-0.00194597721584224,-0.00199454026515331,-0.000900170142545824,-0.000110286796659371,0.000340929843686918,-6.59730758214086e-05,-0.000699660200250134,0.000206323513182917,-0.00111625490596809,-0.000545241591367906,-0.000753417850374256,-0.000639619949441459,-0.00140236849107665,-0.000397077216926794
0.0298407615381272,0.0401297643548058,-0.0397183880699452,-0.0348014796819861,-0.0389826222768531,-0.0348171729726052,0.0224839723609329,0.021793980277028,-0.0447615797810849,0.00481620364191725,0.020194002117681,0.00716512828698154,0.0192313480258185,0.0164027104913361,0.0173710103272558,-0.0452552614387725,-0.0444075451628099,-0.0375350132282398,-0.0467827004096083,-0.00266349672926716,-0.0420372976401616,-0.039591039551399,-0.0417232261741357,-0.0437441461687802,-0.0438131470970819,-0.0416075750151068,-0.0464583999018746,-0.0305442799238337,-0.0383048447134719,-0.0397858396172094,-0.0399957814234089,-0.0379761859723808,-0.0361191633825174,-0.000106610826456738,0.000465583182416861,0.000304197217558247,5.73022979795392e-05,-0.000289387180430475,-0.000668910664926314,-0.00106651615276021,0.00110748373524374,0.00142728255406415,-0.000337331962877179,0.000672436994501369,-0.000336510784198157,0.000232260018282411,0.000761562924301192,-0.0006128371615964,-7.76820441226346e-05,-0.00031861346809815,0.000506172868137773,0.00114032550755221,-9.85055186091401e-05,-0.000401657033911511,0.00155522032260576,-0.00197617457524076,-0.000266089545162601,-0.00103873456179849,-0.000299059136509662,-0.000396200707834707,-3.68564845864483e-05,-0.00167814720773786,0.000305527571388676,0.000981172432973977,-0.000642607269363024,0.000204230588398677,-0.000438603156477035,-0.000138007533280348,0.00135101479611871,-0.000653029040692574,-0.000536890148315269,-0.00129427620768013,0.000517219829097399,-0.000207021597219108,0.000339083682460328,0.000373701621633056,0.000144669030087814,-0.000580515408813169,-0.000445533918477347,0.000579095861431267,0.00020062040299848,-0.000511853241936388,-0.00130408620114852,0.000139416425835444,-0.000835923818439219,-0.0018353167731816,-0.000455035794640283,-0.00344878168078478,-0.00091199211548097,-3.85357993767841e-05,-0.00247179043367298,-0.00123935624210571,-0.00098302959560918,-0.00173093381089615,-0.000290630596898368,-0.0011592198349945,-0.000375786843267297,-0.00059871529986739,-0.00166722619345588,-0.00157574592180084
-0.0893638702084239,-0.121571832055465,0.119768099767677,0.106868251507724,0.117787047183473,0.10452538501381,-0.0660216389507197,-0.0637739337209723,0.140695180481324,-0.0110790759391184,-0.0607759389892561,-0.0185513280534937,-0.0536569907314558,-0.0514978514475332,-0.0452552614387725,0.13957028988413,0.141081691722299,0.121675617302564,0.147857655237433,0.0128607305793519,0.131564806214358,0.120623630278065,0.131750690285485,0.138790233189795,0.140222870145571,0.124289197446742,0.142678611322132,0.0933642766731172,0.122294969495906,0.121589319718611,0.124938503979205,0.119817327439719,0.112087011123213,-0.000112079734789473,0.000975554511488836,-0.00165005446025938,-0.00035689933227826,-0.00161931274991108,6.25751765158471e-05,-0.00101385163535598,0.000972779631828773,-0.00106924521522565,-0.000316358274905984,0.00016961761813515,-0.00151512899694695,0.00120722355203468,-0.00284285875002082,0.000350164186493845,0.00240419433439886,-0.0013881344028966,0.00121425689538556,0.000603128031325312,-0.000357264488789003,-0.00121607342192651,-0.00193577377616421,0.000511271776757069,-0.000691917405681469,-0.000346074565170959,-0.000227694877354178,-0.000102840367822827,0.0033539094044609,0.000372608978731057,-0.000844133494290611,-0.000701277368394766,0.000944973701842131,-0.000664495519366406,0.00185191907129483,0.000916239793849251,-0.00148192607101635,0.00178535565581558,0.00288789679049853,0.00262787462392507,-0.000626609753455681,-0.000291872517137539,-0.000415853179077878,-0.000191531606819223,-0.00133218295522212,0.00120899662717181,0.00142210516131526,0.000916063440309992,-0.00109084249990498,-0.000260327859390478,0.000230538236516458,1.97192265934535e-05,0.000339880963290503,0.00318678779131971,0.00253701933651894,0.00577826377019651,0.00223197363847109,0.000547757018618342,6.94530012446994e-05,0.000680745214988517,0.000630605130008353,0.000118049744546462,0.00220953271252692,0.00232292554074634,0.00103320070459937,0.00254265576984034,0.00326475853591129,0.00157323243261323
-0.0896693947917544,-0.122908305106201,0.121419519931007,0.108440765461678,0.120013821969736,0.10687330044103,-0.066967959375098,-0.0647742016540987,0.144665068272102,-0.00989536083958754,-0.0615001609658288,-0.0191317815619398,-0.0537348632842905,-0.0521599246224453,-0.0444075451628099,0.141081691722299,0.146189629285777,0.126074743745605,0.152162458672666,0.0134337973565879,0.135264958514108,0.124507506305717,0.13520722675562,0.142345847107603,0.144042328376088,0.126253884435848,0.147177628722254,0.0952040709496639,0.124154391524088,0.125112128351941,0.125876646281795,0.121905706786797,0.114370372071195,-0.00013110491720506,0.00156939809107306,-0.00212472816290072,-0.00173507374660549,-0.00106859406936693,-0.000223816265158677,-0.00159680949808643,-9.34906857604974e-05,-0.00138696636785964,-0.000511880262786615,0.000678526141055809,-0.00103765160934966,5.87471501158938e-05,-0.00310843297185334,0.000450140794716258,-7.63708619850624e-05,-0.000491465995153167,0.000879384250466022,-0.000714654418767456,0.00103515089792881,-7.27405551658869e-05,-0.000329030612424222,0.000387304451476833,0.000133228102321128,-0.00110679767795282,-0.000669664418718963,-0.000813750721139011,0.00254293268061357,-9.34809190004089e-05,7.33008545201292e-05,-0.000307941667510338,0.00125505957982405,0.000273980660090971,0.00147867905939837,0.00171771341730503,1.99097012122578e-05,0.00205181468854575,0.00250570576765718,0.00137369732462435,-0.000417636107252209,-0.000126832596363539,-0.00138032533766768,-0.00111266188949912,-0.00196722124808477,0.000652293250804367,0.00176322520411843,0.00200036825019595,-0.00152131820464322,-0.000272810788653352,-0.00126003426343181,0.000788260657758699,-0.00157559717843291,0.00229250507067028,0.0017924733957699,0.00360733998554973,0.00150846754145677,-0.000866188965024225,-0.00137789412223547,0.000740378993544077,-0.000360312076339831,-0.00189933194499709,0.00178527229950215,0.0028387898169894,0.000105232357882904,0.0017104521184978,0.00252321704707307,-0.00022387505051419
-0.077659539903178,-0.10593682295682,0.10464882635661,0.0933588866018824,0.103010276052722,0.091101515418768,-0.0576078967079157,-0.0554354748876033,0.124427252467245,-0.00833616987946423,-0.0525494793048391,-0.0159643383530072,-0.0456215156362671,-0.0451971586013345,-0.0375350132282398,0.121675617302564,0.126074743745605,0.109246800043252,0.131213011611312,0.011828632268168,0.116466940992936,0.106883041235433,0.116340148116258,0.122709765875195,0.124364306392571,0.107959053761743,0.126330464165452,0.0815473158843138,0.107656358396212,0.107185842508047,0.108208418682295,0.105205309643682,0.0984084681771686,7.90911280809011e-05,0.00202541417407323,-0.00231909344298953,-0.001308003920731,-0.001214792234823,-0.00015879472482593,-0.00216844887747093,0.000831671940598303,-0.000782351049605234,-0.000304323388688065,0.00126624422222089,-0.00112261204067153,0.000787242554343146,-0.00278194440127424,0.000165337695982497,0.000674150492966042,-0.000543929266317538,0.00129612135095025,0.000222439114821132,0.000817324766820623,-0.000296283032626105,0.000200804823505875,-0.000222801242110678,0.000311560987894714,-0.00127126507615219,-0.000440639356393474,-0.000196463006217833,0.00332416463866297,-0.000499298674702341,-0.000173384795557617,-8.84772597071564e-05,0.000946002835567908,0.000390924933298045,0.00111275192875499,0.00118287156548227,0.000280952347418548,0.00172853018308488,0.00206939095909125,0.00115896885966293,-0.000174697535096979,5.48044809699233e-05,-0.000838694835279775,-0.000696971799766871,-0.00142031546260227,0.000322423803342812,0.00126583615642461,0.00193075456443978,-0.00142486136138674,-0.00110742752324436,-0.00106621370285084,0.000307508778021749,-0.000714823683097317,0.0019366559060825,0.00150114418597126,0.0029683658070581,0.00126158282094275,-0.000695713141748546,-0.00148309894009334,0.000553132815062617,-0.000985761367030239,-0.002063752975577,0.00160486821495386,0.00193293161861209,0.00057426933174975,0.00187157331501367,0.00225530608022363,-0.000138626250250034
-0.0939849999773286,-0.128770141973881,0.126951493427892,0.113492185057114,0.125462592439667,0.111767083973003,-0.0700046424144637,-0.0677481504699573,0.151088689659497,-0.0106603802856996,-0.0645790692049339,-0.0199446422971637,-0.0564351181527148,-0.0546894313505979,-0.0467827004096083,0.147857655237433,0.152162458672666,0.131213011611312,0.158733561289112,0.014178263835198,0.1411320170267,0.129632543574591,0.141244177750717,0.148765217604212,0.150439448315242,0.132068354933116,0.153375518278245,0.099629815869323,0.130070012717715,0.130557664289399,0.132380655336645,0.12764395479212,0.119596491255602,-0.00022785931328515,0.00132215889160257,-0.0020251268117225,-0.00139551296372371,-0.00141251647386692,-0.000321377726500413,-0.00151919029997647,0.000340280192593457,-0.00119110241826134,-0.00058759667571319,0.000481787549876082,-0.00128294000282041,0.0004264370264048,-0.00310720362821041,0.000473702533494528,0.000891196776750916,-0.000936103466403089,0.00119626856908454,-0.000157376299494705,0.000633871495185221,-0.0004374936684915,-0.000836320131072879,0.000357626953846785,-0.000166927145614828,-0.00093801556873029,-0.000525762797682898,-0.000693705716182832,0.00302722303673105,-3.35716080878289e-05,-8.85277722367617e-05,-0.000222027374590448,0.00124800579911087,-2.14503986667785e-05,0.00146117904549997,0.00134539969404148,-0.00067248376001541,0.00172868254061284,0.0025848112796713,0.00215751970193937,-0.000364453610524504,-9.14297243205622e-05,-0.00100541246031548,-0.000656207146338733,-0.00186908315864878,0.000521629176118516,0.00148642777099335,0.00145979123520327,-0.00134716981483944,-0.000426909994348924,-0.000837151873376825,0.000413398195061009,-0.00128073145394448,0.0026084253221533,0.00196807432669144,0.00431612307683681,0.00148348283454472,-0.000775073282411753,-0.0013821259034363,0.000238362150543796,-0.000217362429688946,-0.00162708464855731,0.00183602063611755,0.00259504107286505,0.000148151555643131,0.00172280230756388,0.00259347790997061,-2.44393800464687e-05
